row_word,col_word,label
drug-drug,named,1
drug-drug,method,1
drug-drug,methods,1
drug-drug,specifically,1
drug-drug,input,1
drug-drug,graph,1
drug-drug,present,1
drug-drug,literature,1
drug-drug,extract,1
drug-drug,pharmacology,1
drug-drug,obtained,1
drug-drug,network,1
drug-drug,networks,1
drug-drug,proposes,1
drug-drug,models,1
drug-drug,result,1
drug-drug,pharmacological,1
drug-drug,problem,1
drug-drug,node,1
drug-drug,performance,1
drug-drug,limited,1
drug-drug,propose,1
drug-drug,utilized,1
drug-drug,process,1
drug-drug,proteins,1
drug-drug,time-consuming,1
drug-drug,experimental,1
drug-drug,work,1
drug-drug,nodes,1
drug-drug,established,1
drug-drug,similar,1
drug-drug,study,1
drug-drug,outperform,1
drug-drug,explore,1
drug-drug,research,1
drug-drug,graphs,1
drug-drug,harmful,1
drug-drug,features,1
drug-drug,years,1
drug-drug,language,1
drug-drug,heparin,1
drug-drug,heterogeneous,1
drug-drug,model,1
drug-drug,due,1
drug-drug,points,1
drug-drug,patients,1
drug-drug,patient,1
drug-drug,similarity,1
drug-drug,molecules,1
drug-drug,edges,1
drug-drug,system,1
drug-drug,effectively,1
drug-drug,end,1
drug-drug,results,1
drug-drug,learning,1
drug-drug,proposed,1
drug-drug,information,1
drug-drug,evaluation,1
drug-drug,role,1
drug-drug,optimization,1
drug-drug,relationships,1
drug-drug,representation,1
drug-drug,topic,1
drug-drug,showed,1
drug-drug,prediction,1
drug-drug,high,1
drug-drug,representations,1
drug-drug,neural,1
drug-drug,predict,1
drug-drug,target,1
drug-drug,studies,1
drug-drug,multiple,1
drug-drug,recent,1
drug-drug,significant,1
drug-drug,knowledge,1
drug-drug,identification,1
drug-drug,predicting,1
drug-drug,number,1
drug-drug,interaction,1
drug-drug,task,1
drug-drug,step,1
drug-drug,machine,1
drug-drug,parameters,1
drug-drug,improved,1
drug-drug,show,1
drug-drug,large,1
drug-drug,processing,1
drug-drug,employed,1
drug-drug,learns,1
drug-drug,embedding,1
drug-drug,effective,1
drug-drug,success,1
drug-drug,identifying,1
drug-drug,important,1
drug-drug,reactions,1
drug-drug,field,1
drug-drug,great,1
drug-drug,targets,1
drug-drug,traditional,1
drug-drug,types,1
paper,wide,1
paper,specifically,1
paper,structure,1
paper,present,1
paper,rarely,1
paper,published,1
paper,reduced,1
paper,systems,1
paper,standards,1
paper,proposes,1
paper,result,1
paper,three-dimensional,1
paper,problem,1
paper,performance,1
paper,recombination,1
paper,real-world,1
paper,thousands,1
paper,propose,1
paper,roads,1
paper,tasks,1
paper,utilized,1
paper,process,1
paper,proteins,1
paper,time-consuming,1
paper,work,1
paper,similar,1
paper,smoothing,1
paper,perform,1
paper,study,1
paper,strategy,1
paper,presents,1
paper,string,1
paper,sgc,1
paper,u-shaped,1
paper,samples,1
paper,research,1
paper,pressure,1
paper,requirement,1
paper,separation,1
paper,sets,1
paper,simultaneously,1
paper,resulting,1
paper,plant,1
paper,transformers,1
paper,videos,1
paper,years,1
paper,theory,1
paper,rely,1
paper,relation,1
paper,relations,1
paper,typically,1
paper,understanding,1
paper,sites,1
paper,points,1
paper,smiles,1
paper,technologies,1
paper,svm,1
paper,softmax,1
paper,patients,1
paper,patient,1
paper,similarity,1
paper,rnas,1
paper,pca,1
paper,recently,1
paper,unsupervised,1
paper,secure,1
paper,words,1
paper,transformer,1
paper,system,1
paper,water,1
paper,surge,1
paper,skeleton,1
paper,vehicle,1
paper,results,1
paper,subgraph,1
paper,pose,1
paper,skeleton-based,1
paper,skeletongait,1
paper,proposed,1
paper,revealed,1
paper,probability,1
paper,spatial,1
paper,pubmed,1
paper,sentiments,1
paper,role,1
paper,relationships,1
paper,representation,1
paper,represent,1
paper,unifying,1
paper,topic,1
paper,updated,1
paper,training,1
paper,u-net,1
paper,supervised,1
paper,works,1
paper,showed,1
paper,psf,1
paper,presentation,1
paper,pooling,1
paper,technique,1
paper,prediction,1
paper,propagation,1
paper,time,1
paper,representations,1
paper,user,1
paper,predict,1
paper,set,1
paper,tumor,1
paper,target,1
paper,studies,1
paper,recognition,1
paper,ternary,1
paper,trend,1
paper,sparsity,1
paper,recent,1
paper,static,1
paper,surface,1
paper,significant,1
paper,temporal,1
paper,predicting,1
paper,validate,1
paper,spatial-temporal,1
paper,single,1
paper,task,1
paper,step,1
paper,traffic,1
paper,synthetic,1
paper,real,1
paper,visual,1
paper,remote,1
paper,parameters,1
paper,rgb,1
paper,show,1
paper,processing,1
paper,previous,1
paper,photocatalytic,1
paper,structural,1
paper,success,1
paper,variation,1
paper,reactions,1
paper,unit,1
paper,patterns,1
paper,targets,1
paper,utilization,1
paper,structures,1
paper,part,1
paper,progress,1
paper,video,1
paper,traditional,1
paper,stability,1
paper,sample,1
paper,pollutants,1
paper,tree,1
paper,types,1
paper,protein,1
paper,point,1
paper,reported,1
paper,remarkable,1
named,paper,1
named,wide,1
named,specifically,1
named,structure,1
named,nitride,1
named,present,1
named,rarely,1
named,published,1
named,reduced,1
named,obtained,1
named,systems,1
named,network,1
named,networks,1
named,noise,1
named,rna,1
named,proposes,1
named,result,1
named,three-dimensional,1
named,problem,1
named,node,1
named,performance,1
named,real-world,1
named,owing,1
named,propose,1
named,tasks,1
named,utilized,1
named,process,1
named,proteins,1
named,time-consuming,1
named,work,1
named,nodes,1
named,similar,1
named,smoothing,1
named,perform,1
named,study,1
named,strategy,1
named,presents,1
named,outperform,1
named,u-shaped,1
named,samples,1
named,research,1
named,requirement,1
named,numerous,1
named,separation,1
named,sets,1
named,simultaneously,1
named,resulting,1
named,sciences,1
named,transformers,1
named,videos,1
named,years,1
named,theory,1
named,rely,1
named,relation,1
named,relations,1
named,typically,1
named,understanding,1
named,points,1
named,technologies,1
named,svm,1
named,patients,1
named,similarity,1
named,rnas,1
named,pca,1
named,recently,1
named,unsupervised,1
named,secure,1
named,words,1
named,transformer,1
named,system,1
named,surge,1
named,skeleton,1
named,vehicle,1
named,results,1
named,pose,1
named,skeleton-based,1
named,proposed,1
named,revealed,1
named,probability,1
named,spatial,1
named,pubmed,1
named,role,1
named,optimization,1
named,relationships,1
named,representation,1
named,represent,1
named,topic,1
named,updated,1
named,training,1
named,u-net,1
named,supervised,1
named,works,1
named,showed,1
named,optimal,1
named,technique,1
named,prediction,1
named,propagation,1
named,time,1
named,neighbor,1
named,optical,1
named,representations,1
named,neural,1
named,user,1
named,predict,1
named,set,1
named,tumor,1
named,target,1
named,studies,1
named,recognition,1
named,trend,1
named,sparsity,1
named,recent,1
named,static,1
named,surface,1
named,significant,1
named,temporal,1
named,predicting,1
named,number,1
named,validate,1
named,spatial-temporal,1
named,single,1
named,task,1
named,step,1
named,traffic,1
named,synthetic,1
named,real,1
named,visual,1
named,remote,1
named,parameters,1
named,rgb,1
named,show,1
named,processing,1
named,previous,1
named,pairs,1
named,structural,1
named,success,1
named,variation,1
named,reactions,1
named,unit,1
named,patterns,1
named,targets,1
named,utilization,1
named,structures,1
named,neighbors,1
named,part,1
named,progress,1
named,video,1
named,traditional,1
named,stability,1
named,sample,1
named,tree,1
named,types,1
named,point,1
named,reported,1
named,remarkable,1
method,paper,1
method,named,1
method,methods,1
method,wide,1
method,specifically,1
method,structure,1
method,nitride,1
method,present,1
method,rarely,1
method,pharmacology,1
method,published,1
method,reduced,1
method,roofs,1
method,obtained,1
method,systems,1
method,network,1
method,standards,1
method,networks,1
method,noise,1
method,rna,1
method,tcga,1
method,pei-gcn,1
method,proposes,1
method,models,1
method,result,1
method,pharmacological,1
method,three-dimensional,1
method,problem,1
method,node,1
method,performance,1
method,recombination,1
method,real-world,1
method,thousands,1
method,owing,1
method,propose,1
method,roads,1
method,tasks,1
method,utilized,1
method,process,1
method,proteins,1
method,time-consuming,1
method,prohibitively,1
method,work,1
method,nodes,1
method,mixed,1
method,similar,1
method,smoothing,1
method,perform,1
method,study,1
method,strategy,1
method,presents,1
method,viable,1
method,outperform,1
method,sgc,1
method,u-shaped,1
method,samples,1
method,research,1
method,pressure,1
method,requirement,1
method,numerous,1
method,separation,1
method,sets,1
method,simultaneously,1
method,resulting,1
method,photocatalyst,1
method,plant,1
method,transformers,1
method,videos,1
method,years,1
method,theory,1
method,rely,1
method,relation,1
method,relations,1
method,typically,1
method,understanding,1
method,mscoco,1
method,model,1
method,sites,1
method,points,1
method,photoreduction,1
method,smiles,1
method,technologies,1
method,svm,1
method,softmax,1
method,patients,1
method,patient,1
method,similarity,1
method,rnas,1
method,pca,1
method,recently,1
method,molecules,1
method,ntu,1
method,unsupervised,1
method,secure,1
method,nlp,1
method,words,1
method,transformer,1
method,system,1
method,water,1
method,wiki,1
method,surge,1
method,skeleton,1
method,vehicle,1
method,results,1
method,subgraph,1
method,xps,1
method,pose,1
method,skeleton-based,1
method,skeletongait,1
method,proposed,1
method,revealed,1
method,probability,1
method,methodology,1
method,spatial,1
method,pubmed,1
method,sentiments,1
method,role,1
method,optimization,1
method,relationships,1
method,representation,1
method,represent,1
method,topic,1
method,updated,1
method,training,1
method,u-net,1
method,supervised,1
method,works,1
method,showed,1
method,psf,1
method,optimal,1
method,presentation,1
method,pooling,1
method,technique,1
method,prediction,1
method,propagation,1
method,time,1
method,neighbor,1
method,single-granular,1
method,optical,1
method,modalities,1
method,module,1
method,representations,1
method,neural,1
method,user,1
method,predict,1
method,set,1
method,tumor,1
method,target,1
method,studies,1
method,recognition,1
method,multiple,1
method,ternary,1
method,trend,1
method,sparsity,1
method,recent,1
method,static,1
method,surface,1
method,significant,1
method,temporal,1
method,predicting,1
method,number,1
method,validate,1
method,spatial-temporal,1
method,single,1
method,task,1
method,step,1
method,traffic,1
method,synthetic,1
method,real,1
method,visual,1
method,remote,1
method,splitting,1
method,parameters,1
method,rgb,1
method,show,1
method,processing,1
method,previous,1
method,pairs,1
method,photocatalytic,1
method,structural,1
method,success,1
method,variation,1
method,reactions,1
method,unit,1
method,patterns,1
method,targets,1
method,multi-scale,1
method,utilization,1
method,structures,1
method,neighbors,1
method,part,1
method,progress,1
method,video,1
method,traditional,1
method,stability,1
method,sample,1
method,pollutants,1
method,tree,1
method,motion,1
method,types,1
method,protein,1
method,point,1
method,reported,1
method,remarkable,1
methods,paper,1
methods,named,1
methods,wide,1
methods,specifically,1
methods,structure,1
methods,nitride,1
methods,present,1
methods,rarely,1
methods,pharmacology,1
methods,published,1
methods,reduced,1
methods,roofs,1
methods,obtained,1
methods,systems,1
methods,network,1
methods,standards,1
methods,networks,1
methods,noise,1
methods,rna,1
methods,tcga,1
methods,proposes,1
methods,models,1
methods,result,1
methods,pharmacological,1
methods,three-dimensional,1
methods,problem,1
methods,node,1
methods,performance,1
methods,recombination,1
methods,real-world,1
methods,thousands,1
methods,owing,1
methods,propose,1
methods,roads,1
methods,tasks,1
methods,utilized,1
methods,process,1
methods,proteins,1
methods,time-consuming,1
methods,prohibitively,1
methods,work,1
methods,nodes,1
methods,mixed,1
methods,similar,1
methods,smoothing,1
methods,perform,1
methods,study,1
methods,strategy,1
methods,presents,1
methods,viable,1
methods,outperform,1
methods,string,1
methods,sgc,1
methods,u-shaped,1
methods,samples,1
methods,research,1
methods,pressure,1
methods,requirement,1
methods,numerous,1
methods,separation,1
methods,sets,1
methods,simultaneously,1
methods,resulting,1
methods,photocatalyst,1
methods,plant,1
methods,transformers,1
methods,videos,1
methods,years,1
methods,theory,1
methods,rely,1
methods,relation,1
methods,relations,1
methods,typically,1
methods,understanding,1
methods,mscoco,1
methods,model,1
methods,sites,1
methods,points,1
methods,smiles,1
methods,technologies,1
methods,svm,1
methods,softmax,1
methods,patients,1
methods,patient,1
methods,similarity,1
methods,rnas,1
methods,pca,1
methods,recently,1
methods,molecules,1
methods,molecule,1
methods,ntu,1
methods,unsupervised,1
methods,secure,1
methods,nlp,1
methods,words,1
methods,transformer,1
methods,system,1
methods,water,1
methods,wiki,1
methods,surge,1
methods,skeleton,1
methods,vehicle,1
methods,results,1
methods,subgraph,1
methods,xps,1
methods,pose,1
methods,skeleton-based,1
methods,skeletongait,1
methods,proposed,1
methods,revealed,1
methods,probability,1
methods,spatial,1
methods,pubmed,1
methods,sentiments,1
methods,role,1
methods,optimization,1
methods,relationships,1
methods,representation,1
methods,represent,1
methods,unifying,1
methods,topic,1
methods,updated,1
methods,training,1
methods,u-net,1
methods,supervised,1
methods,works,1
methods,showed,1
methods,optimal,1
methods,presentation,1
methods,pooling,1
methods,technique,1
methods,prediction,1
methods,propagation,1
methods,time,1
methods,neighbor,1
methods,single-granular,1
methods,optical,1
methods,modalities,1
methods,module,1
methods,representations,1
methods,neural,1
methods,user,1
methods,predict,1
methods,set,1
methods,tumor,1
methods,target,1
methods,studies,1
methods,recognition,1
methods,multiple,1
methods,trend,1
methods,sparsity,1
methods,recent,1
methods,static,1
methods,surface,1
methods,significant,1
methods,temporal,1
methods,predicting,1
methods,number,1
methods,validate,1
methods,spatial-temporal,1
methods,single,1
methods,task,1
methods,step,1
methods,traffic,1
methods,synthetic,1
methods,real,1
methods,visual,1
methods,remote,1
methods,splitting,1
methods,parameters,1
methods,rgb,1
methods,show,1
methods,processing,1
methods,previous,1
methods,pairs,1
methods,photocatalytic,1
methods,structural,1
methods,success,1
methods,variation,1
methods,reactions,1
methods,unit,1
methods,patterns,1
methods,targets,1
methods,multi-scale,1
methods,utilization,1
methods,structures,1
methods,neighbors,1
methods,part,1
methods,progress,1
methods,video,1
methods,traditional,1
methods,stability,1
methods,sample,1
methods,pollutants,1
methods,tree,1
methods,motion,1
methods,types,1
methods,protein,1
methods,point,1
methods,reported,1
methods,remarkable,1
intuitively,paper,1
intuitively,named,1
intuitively,method,1
intuitively,methods,1
intuitively,structure,1
intuitively,present,1
intuitively,systems,1
intuitively,network,1
intuitively,networks,1
intuitively,models,1
intuitively,node,1
intuitively,performance,1
intuitively,propose,1
intuitively,tasks,1
intuitively,process,1
intuitively,nodes,1
intuitively,outperform,1
intuitively,samples,1
intuitively,research,1
intuitively,simultaneously,1
intuitively,leading,1
intuitively,relations,1
intuitively,model,1
intuitively,recently,1
intuitively,skeleton,1
intuitively,results,1
intuitively,learning,1
intuitively,pose,1
intuitively,proposed,1
intuitively,optimization,1
intuitively,representation,1
intuitively,represent,1
intuitively,training,1
intuitively,supervised,1
intuitively,key,1
intuitively,prediction,1
intuitively,propagation,1
intuitively,learn,1
intuitively,module,1
intuitively,representations,1
intuitively,neural,1
intuitively,user,1
intuitively,set,1
intuitively,recognition,1
intuitively,sparsity,1
intuitively,knowledge,1
intuitively,validate,1
intuitively,task,1
intuitively,step,1
intuitively,rgb,1
intuitively,show,1
intuitively,previous,1
intuitively,learns,1
intuitively,part,1
inferred,paper,1
inferred,method,1
inferred,methods,1
inferred,variously,1
inferred,specifically,1
inferred,structure,1
inferred,metal,1
inferred,nitride,1
inferred,present,1
inferred,reduced,1
inferred,systems,1
inferred,network,1
inferred,networks,1
inferred,models,1
inferred,problem,1
inferred,node,1
inferred,performance,1
inferred,limited,1
inferred,real-world,1
inferred,propose,1
inferred,tasks,1
inferred,utilized,1
inferred,work,1
inferred,nodes,1
inferred,similar,1
inferred,study,1
inferred,strategy,1
inferred,samples,1
inferred,research,1
inferred,sets,1
inferred,simultaneously,1
inferred,rely,1
inferred,relation,1
inferred,relations,1
inferred,understanding,1
inferred,model,1
inferred,points,1
inferred,similarity,1
inferred,recently,1
inferred,molecules,1
inferred,system,1
inferred,skeleton,1
inferred,layer,1
inferred,results,1
inferred,learning,1
inferred,pose,1
inferred,proposed,1
inferred,spatial,1
inferred,information,1
inferred,relationships,1
inferred,representation,1
inferred,represent,1
inferred,updated,1
inferred,local,1
inferred,training,1
inferred,works,1
inferred,optimal,1
inferred,key,1
inferred,prediction,1
inferred,time,1
inferred,learn,1
inferred,module,1
inferred,representations,1
inferred,introduce,1
inferred,neural,1
inferred,user,1
inferred,predict,1
inferred,tumor,1
inferred,target,1
inferred,recognition,1
inferred,multiple,1
inferred,significant,1
inferred,knowledge,1
inferred,predicting,1
inferred,number,1
inferred,validate,1
inferred,single,1
inferred,interaction,1
inferred,layers,1
inferred,task,1
inferred,step,1
inferred,machine,1
inferred,traffic,1
inferred,real,1
inferred,show,1
inferred,large,1
inferred,processing,1
inferred,learns,1
inferred,structural,1
inferred,targets,1
inferred,structures,1
inferred,part,1
inferred,progress,1
inferred,traditional,1
inferred,sample,1
inferred,types,1
inferred,point,1
wide,work,1
wide,years,1
wide,words,1
wide,xps,1
wide,works,1
actions,paper,1
actions,named,1
actions,method,1
actions,methods,1
actions,wide,1
actions,specifically,1
actions,demonstrates,1
actions,structure,1
actions,input,1
actions,existing,1
actions,approaches,1
actions,ignore,1
actions,benefit,1
actions,graph,1
actions,considered,1
actions,attributes,1
actions,literature,1
actions,rarely,1
actions,extract,1
actions,published,1
actions,common,1
actions,increasing,1
actions,gap,1
actions,developed,1
actions,explicitly,1
actions,attention,1
actions,obtained,1
actions,generated,1
actions,systems,1
actions,network,1
actions,networks,1
actions,extracting,1
actions,proposes,1
actions,assist,1
actions,critical,1
actions,applications,1
actions,models,1
actions,result,1
actions,efficient,1
actions,classification,1
actions,problem,1
actions,node,1
actions,address,1
actions,performance,1
actions,limited,1
actions,fast,1
actions,real-world,1
actions,propose,1
actions,tasks,1
actions,utilized,1
actions,process,1
actions,experimental,1
actions,elsevier,1
actions,attack,1
actions,work,1
actions,gcn,1
actions,nodes,1
actions,capability,1
actions,similar,1
actions,perform,1
actions,study,1
actions,strategy,1
actions,presents,1
actions,outperform,1
actions,explore,1
actions,samples,1
actions,research,1
actions,graphs,1
actions,separation,1
actions,sets,1
actions,simultaneously,1
actions,area,1
actions,resulting,1
actions,activity,1
actions,videos,1
actions,features,1
actions,years,1
actions,language,1
actions,leading,1
actions,rely,1
actions,decisions,1
actions,gcns,1
actions,relation,1
actions,relations,1
actions,typically,1
actions,firstly,1
actions,understanding,1
actions,convolutional,1
actions,model,1
actions,due,1
actions,sites,1
actions,points,1
actions,efficiency,1
actions,improve,1
actions,technologies,1
actions,similarity,1
actions,copy,1
actions,recently,1
actions,ntu,1
actions,edges,1
actions,transformer,1
actions,system,1
actions,datasets,1
actions,data,1
actions,effectively,1
actions,kinetics,1
actions,skeleton,1
actions,framework,1
actions,end,1
actions,layer,1
actions,results,1
actions,learning,1
actions,subgraph,1
actions,pose,1
actions,skeleton-based,1
actions,algorithm,1
actions,informative,1
actions,dependencies,1
actions,proposed,1
actions,based,1
actions,conduct,1
actions,spatial,1
actions,information,1
actions,evaluation,1
actions,role,1
actions,auroc,1
actions,relationships,1
actions,representation,1
actions,represent,1
actions,generative,1
actions,embeddings,1
actions,global,1
actions,local,1
actions,deep,1
actions,training,1
actions,correlations,1
actions,supervised,1
actions,error,1
actions,works,1
actions,generate,1
actions,capture,1
actions,showed,1
actions,psf,1
actions,optimal,1
actions,dataset,1
actions,key,1
actions,human,1
actions,technique,1
actions,prediction,1
actions,factors,1
actions,propagation,1
actions,time,1
actions,learn,1
actions,neighbor,1
actions,optical,1
actions,approach,1
actions,focus,1
actions,high,1
actions,module,1
actions,representations,1
actions,introduce,1
actions,neural,1
actions,user,1
actions,management,1
actions,predict,1
actions,feature,1
actions,set,1
actions,fully,1
actions,complex,1
actions,studies,1
actions,dense,1
actions,recognition,1
actions,identify,1
actions,convolution,1
actions,challenges,1
actions,multiple,1
actions,trend,1
actions,recent,1
actions,significant,1
actions,knowledge,1
actions,temporal,1
actions,identification,1
actions,predicting,1
actions,number,1
actions,validate,1
actions,spatial-temporal,1
actions,interaction,1
actions,layers,1
actions,task,1
actions,challenging,1
actions,energy,1
actions,step,1
actions,traffic,1
actions,synthetic,1
actions,real,1
actions,visual,1
actions,analysis,1
actions,parameters,1
actions,rgb,1
actions,improved,1
actions,show,1
actions,large,1
actions,processing,1
actions,previous,1
actions,employed,1
actions,captures,1
actions,learns,1
actions,embedding,1
actions,effective,1
actions,success,1
actions,variation,1
actions,important,1
actions,memory,1
actions,gated,1
actions,field,1
actions,correction,1
actions,constructing,1
actions,comprehensive,1
actions,great,1
actions,functions,1
actions,architecture,1
actions,multi-scale,1
actions,annotation,1
actions,utilization,1
actions,aggregation,1
actions,structures,1
actions,progress,1
actions,video,1
actions,focuses,1
actions,traditional,1
actions,sample,1
actions,designed,1
actions,behaviors,1
actions,tree,1
actions,motion,1
actions,types,1
actions,point,1
actions,remarkable,1
specifically,wide,1
specifically,structure,1
specifically,systems,1
specifically,thousands,1
specifically,tasks,1
specifically,utilized,1
specifically,time-consuming,1
specifically,work,1
specifically,study,1
specifically,strategy,1
specifically,viable,1
specifically,trna,1
specifically,transformers,1
specifically,videos,1
specifically,years,1
specifically,theory,1
specifically,typically,1
specifically,understanding,1
specifically,technologies,1
specifically,svm,1
specifically,unsupervised,1
specifically,words,1
specifically,transformer,1
specifically,system,1
specifically,water,1
specifically,surge,1
specifically,vehicle,1
specifically,subgraph,1
specifically,unifying,1
specifically,topic,1
specifically,updated,1
specifically,training,1
specifically,supervised,1
specifically,works,1
specifically,technique,1
specifically,time,1
specifically,user,1
specifically,tumor,1
specifically,target,1
specifically,studies,1
specifically,trend,1
specifically,static,1
specifically,surface,1
specifically,temporal,1
specifically,validate,1
specifically,task,1
specifically,step,1
specifically,traffic,1
specifically,synthetic,1
specifically,visual,1
specifically,splitting,1
specifically,structural,1
specifically,success,1
specifically,variation,1
specifically,unit,1
specifically,targets,1
specifically,utilization,1
specifically,structures,1
specifically,video,1
specifically,traditional,1
specifically,stability,1
specifically,tree,1
specifically,types,1
demonstrates,paper,1
demonstrates,named,1
demonstrates,method,1
demonstrates,methods,1
demonstrates,inferred,1
demonstrates,variously,1
demonstrates,wide,1
demonstrates,specifically,1
demonstrates,structure,1
demonstrates,input,1
demonstrates,existing,1
demonstrates,graph,1
demonstrates,nitride,1
demonstrates,present,1
demonstrates,literature,1
demonstrates,extract,1
demonstrates,published,1
demonstrates,generally,1
demonstrates,increasing,1
demonstrates,developed,1
demonstrates,explicitly,1
demonstrates,obtained,1
demonstrates,systems,1
demonstrates,network,1
demonstrates,networks,1
demonstrates,noise,1
demonstrates,extracting,1
demonstrates,rna,1
demonstrates,proposes,1
demonstrates,models,1
demonstrates,result,1
demonstrates,efficient,1
demonstrates,problem,1
demonstrates,node,1
demonstrates,performance,1
demonstrates,limited,1
demonstrates,fast,1
demonstrates,recombination,1
demonstrates,real-world,1
demonstrates,propose,1
demonstrates,tasks,1
demonstrates,utilized,1
demonstrates,determination,1
demonstrates,process,1
demonstrates,proteins,1
demonstrates,encoded,1
demonstrates,time-consuming,1
demonstrates,experimental,1
demonstrates,elsevier,1
demonstrates,heterojunction,1
demonstrates,work,1
demonstrates,graphitic,1
demonstrates,gcn,1
demonstrates,nodes,1
demonstrates,established,1
demonstrates,mixed,1
demonstrates,excellent,1
demonstrates,similar,1
demonstrates,perform,1
demonstrates,study,1
demonstrates,strategy,1
demonstrates,presents,1
demonstrates,outperform,1
demonstrates,string,1
demonstrates,descriptor,1
demonstrates,explore,1
demonstrates,samples,1
demonstrates,research,1
demonstrates,graphs,1
demonstrates,separation,1
demonstrates,sets,1
demonstrates,simultaneously,1
demonstrates,holes,1
demonstrates,resulting,1
demonstrates,photocatalyst,1
demonstrates,investigations,1
demonstrates,videos,1
demonstrates,features,1
demonstrates,years,1
demonstrates,leading,1
demonstrates,heavily,1
demonstrates,material,1
demonstrates,gcns,1
demonstrates,relations,1
demonstrates,firstly,1
demonstrates,understanding,1
demonstrates,imdb,1
demonstrates,model,1
demonstrates,due,1
demonstrates,sites,1
demonstrates,points,1
demonstrates,efficiency,1
demonstrates,improve,1
demonstrates,photoreduction,1
demonstrates,lstm,1
demonstrates,technologies,1
demonstrates,euclidean,1
demonstrates,patients,1
demonstrates,patient,1
demonstrates,similarity,1
demonstrates,rnas,1
demonstrates,initiative,1
demonstrates,recently,1
demonstrates,molecules,1
demonstrates,molecule,1
demonstrates,ntu,1
demonstrates,edges,1
demonstrates,unsupervised,1
demonstrates,system,1
demonstrates,water,1
demonstrates,effectively,1
demonstrates,skeleton,1
demonstrates,framework,1
demonstrates,end,1
demonstrates,layer,1
demonstrates,results,1
demonstrates,learning,1
demonstrates,pose,1
demonstrates,skeleton-based,1
demonstrates,graph-based,1
demonstrates,dependencies,1
demonstrates,proposed,1
demonstrates,probability,1
demonstrates,methodology,1
demonstrates,spatial,1
demonstrates,electron,1
demonstrates,information,1
demonstrates,evaluation,1
demonstrates,role,1
demonstrates,mcc,1
demonstrates,optimization,1
demonstrates,relationships,1
demonstrates,representation,1
demonstrates,represent,1
demonstrates,generative,1
demonstrates,embeddings,1
demonstrates,topic,1
demonstrates,global,1
demonstrates,local,1
demonstrates,training,1
demonstrates,supervised,1
demonstrates,error,1
demonstrates,works,1
demonstrates,generate,1
demonstrates,showed,1
demonstrates,optimal,1
demonstrates,pooling,1
demonstrates,human,1
demonstrates,technique,1
demonstrates,prediction,1
demonstrates,factors,1
demonstrates,propagation,1
demonstrates,time,1
demonstrates,learn,1
demonstrates,neighbor,1
demonstrates,optical,1
demonstrates,focus,1
demonstrates,high,1
demonstrates,module,1
demonstrates,representations,1
demonstrates,introduce,1
demonstrates,neural,1
demonstrates,expression,1
demonstrates,management,1
demonstrates,predict,1
demonstrates,feature,1
demonstrates,set,1
demonstrates,fully,1
demonstrates,tumor,1
demonstrates,target,1
demonstrates,studies,1
demonstrates,recognition,1
demonstrates,identify,1
demonstrates,multiple,1
demonstrates,ternary,1
demonstrates,trend,1
demonstrates,sparsity,1
demonstrates,faces,1
demonstrates,recent,1
demonstrates,static,1
demonstrates,gene,1
demonstrates,surface,1
demonstrates,significant,1
demonstrates,knowledge,1
demonstrates,temporal,1
demonstrates,identification,1
demonstrates,predicting,1
demonstrates,number,1
demonstrates,validate,1
demonstrates,gat,1
demonstrates,spatial-temporal,1
demonstrates,single,1
demonstrates,interaction,1
demonstrates,layers,1
demonstrates,task,1
demonstrates,energy,1
demonstrates,step,1
demonstrates,machine,1
demonstrates,traffic,1
demonstrates,synthetic,1
demonstrates,real,1
demonstrates,visual,1
demonstrates,rgb,1
demonstrates,improved,1
demonstrates,show,1
demonstrates,large,1
demonstrates,processing,1
demonstrates,previous,1
demonstrates,pairs,1
demonstrates,employed,1
demonstrates,learns,1
demonstrates,embedding,1
demonstrates,effective,1
demonstrates,photocatalytic,1
demonstrates,structural,1
demonstrates,success,1
demonstrates,variation,1
demonstrates,identifying,1
demonstrates,important,1
demonstrates,reactions,1
demonstrates,memory,1
demonstrates,unit,1
demonstrates,gated,1
demonstrates,patterns,1
demonstrates,field,1
demonstrates,great,1
demonstrates,light,1
demonstrates,functions,1
demonstrates,multi-scale,1
demonstrates,utilization,1
demonstrates,structures,1
demonstrates,neighbors,1
demonstrates,part,1
demonstrates,progress,1
demonstrates,video,1
demonstrates,focuses,1
demonstrates,traditional,1
demonstrates,stability,1
demonstrates,sample,1
demonstrates,designed,1
demonstrates,pollutants,1
demonstrates,diffusion,1
demonstrates,tree,1
demonstrates,motion,1
demonstrates,types,1
demonstrates,protein,1
demonstrates,point,1
demonstrates,reported,1
demonstrates,remarkable,1
dual,paper,1
dual,named,1
dual,method,1
dual,methods,1
dual,wide,1
dual,specifically,1
dual,structure,1
dual,existing,1
dual,ignore,1
dual,graph,1
dual,metal,1
dual,water-splitting,1
dual,nitride,1
dual,present,1
dual,literature,1
dual,rarely,1
dual,extract,1
dual,published,1
dual,increasing,1
dual,gap,1
dual,obtained,1
dual,generated,1
dual,systems,1
dual,network,1
dual,networks,1
dual,noise,1
dual,extracting,1
dual,proposes,1
dual,models,1
dual,result,1
dual,efficient,1
dual,problem,1
dual,node,1
dual,performance,1
dual,limited,1
dual,fast,1
dual,recombination,1
dual,real-world,1
dual,hours,1
dual,propose,1
dual,tasks,1
dual,utilized,1
dual,process,1
dual,time-consuming,1
dual,experimental,1
dual,elsevier,1
dual,heterojunction,1
dual,work,1
dual,graphitic,1
dual,gcn,1
dual,nodes,1
dual,excellent,1
dual,similar,1
dual,perform,1
dual,study,1
dual,strategy,1
dual,presents,1
dual,explore,1
dual,samples,1
dual,research,1
dual,graphs,1
dual,separation,1
dual,topologically,1
dual,wavelengths,1
dual,sets,1
dual,simultaneously,1
dual,n-acetyltransferase,1
dual,holes,1
dual,resulting,1
dual,photocatalyst,1
dual,features,1
dual,years,1
dual,theory,1
dual,gcns,1
dual,relation,1
dual,relations,1
dual,firstly,1
dual,understanding,1
dual,heterogeneous,1
dual,model,1
dual,due,1
dual,efficiency,1
dual,improve,1
dual,lstm,1
dual,patients,1
dual,patient,1
dual,similarity,1
dual,rnas,1
dual,initiative,1
dual,recently,1
dual,molecules,1
dual,molecule,1
dual,unsupervised,1
dual,secure,1
dual,transformer,1
dual,system,1
dual,water,1
dual,effectively,1
dual,skeleton,1
dual,framework,1
dual,vehicle,1
dual,end,1
dual,layer,1
dual,results,1
dual,learning,1
dual,xps,1
dual,pose,1
dual,skeleton-based,1
dual,skeletongait,1
dual,graph-based,1
dual,informative,1
dual,proposed,1
dual,spatial,1
dual,electron,1
dual,information,1
dual,evaluation,1
dual,role,1
dual,relationships,1
dual,representation,1
dual,represent,1
dual,embeddings,1
dual,laplacian,1
dual,topic,1
dual,global,1
dual,local,1
dual,training,1
dual,supervised,1
dual,error,1
dual,works,1
dual,generate,1
dual,optimal,1
dual,pooling,1
dual,key,1
dual,human,1
dual,technique,1
dual,prediction,1
dual,propagation,1
dual,time,1
dual,learn,1
dual,neighbor,1
dual,evolution,1
dual,focus,1
dual,high,1
dual,module,1
dual,representations,1
dual,introduce,1
dual,neural,1
dual,expression,1
dual,management,1
dual,predict,1
dual,feature,1
dual,fully,1
dual,tumor,1
dual,target,1
dual,studies,1
dual,recognition,1
dual,identify,1
dual,multiple,1
dual,ternary,1
dual,trend,1
dual,recent,1
dual,surface,1
dual,significant,1
dual,immune,1
dual,knowledge,1
dual,temporal,1
dual,predicting,1
dual,number,1
dual,gat,1
dual,spatial-temporal,1
dual,single,1
dual,interaction,1
dual,layers,1
dual,task,1
dual,energy,1
dual,step,1
dual,machine,1
dual,traffic,1
dual,visual,1
dual,splitting,1
dual,parameters,1
dual,rgb,1
dual,show,1
dual,large,1
dual,previous,1
dual,pairs,1
dual,learns,1
dual,embedding,1
dual,effective,1
dual,photocatalytic,1
dual,structural,1
dual,success,1
dual,important,1
dual,memory,1
dual,unit,1
dual,gated,1
dual,patterns,1
dual,field,1
dual,great,1
dual,light,1
dual,functions,1
dual,targets,1
dual,structures,1
dual,part,1
dual,traditional,1
dual,stability,1
dual,sample,1
dual,pollutants,1
dual,types,1
dual,protein,1
dual,remarkable,1
anchored,method,1
anchored,dual,1
anchored,attributes,1
anchored,metal,1
anchored,cocatalyst-free,1
anchored,water-splitting,1
anchored,nitride,1
anchored,present,1
anchored,published,1
anchored,gap,1
anchored,obtained,1
anchored,generated,1
anchored,applications,1
anchored,efficient,1
anchored,performance,1
anchored,limited,1
anchored,process,1
anchored,elsevier,1
anchored,heterojunction,1
anchored,chemical,1
anchored,work,1
anchored,graphitic,1
anchored,gcn,1
anchored,excellent,1
anchored,capability,1
anchored,study,1
anchored,samples,1
anchored,research,1
anchored,separation,1
anchored,topologically,1
anchored,wavelengths,1
anchored,holes,1
anchored,resulting,1
anchored,photocatalyst,1
anchored,heterogeneous,1
anchored,due,1
anchored,sites,1
anchored,efficiency,1
anchored,formed,1
anchored,fourier,1
anchored,system,1
anchored,water,1
anchored,kinetics,1
anchored,results,1
anchored,xps,1
anchored,based,1
anchored,revealed,1
anchored,spatial,1
anchored,electron,1
anchored,time,1
anchored,evolution,1
anchored,desirable,1
anchored,high,1
anchored,introduce,1
anchored,studies,1
anchored,ternary,1
anchored,surface,1
anchored,significant,1
anchored,energy,1
anchored,step,1
anchored,improved,1
anchored,large,1
anchored,pairs,1
anchored,effective,1
anchored,photocatalytic,1
anchored,variation,1
anchored,reactions,1
anchored,light,1
anchored,utilization,1
anchored,stability,1
anchored,center,1
anchored,band,1
interacts,structure,1
interacts,present,1
interacts,meiosis,1
interacts,reduced,1
interacts,obtained,1
interacts,network,1
interacts,networks,1
interacts,rna,1
interacts,utilized,1
interacts,proteins,1
interacts,similar,1
interacts,perform,1
interacts,study,1
interacts,n-acetyltransferase,1
interacts,trypanosoma,1
interacts,model,1
interacts,similarity,1
interacts,kinetics,1
interacts,results,1
interacts,proposed,1
interacts,revealed,1
interacts,kinetoplastid,1
interacts,unconventional,1
interacts,key,1
interacts,module,1
interacts,set,1
interacts,recognition,1
interacts,ternary,1
interacts,number,1
interacts,show,1
interacts,processing,1
interacts,structural,1
interacts,patterns,1
interacts,structures,1
interacts,protein,1
structure,wide,1
structure,systems,1
structure,tcga,1
structure,three-dimensional,1
structure,thousands,1
structure,tasks,1
structure,utilized,1
structure,time-consuming,1
structure,work,1
structure,study,1
structure,viable,1
structure,u-shaped,1
structure,transformers,1
structure,videos,1
structure,years,1
structure,theory,1
structure,typically,1
structure,understanding,1
structure,technologies,1
structure,svm,1
structure,unsupervised,1
structure,words,1
structure,transformer,1
structure,system,1
structure,water,1
structure,surge,1
structure,vehicle,1
structure,subgraph,1
structure,xps,1
structure,unifying,1
structure,topic,1
structure,updated,1
structure,training,1
structure,u-net,1
structure,supervised,1
structure,works,1
structure,technique,1
structure,time,1
structure,user,1
structure,tumor,1
structure,target,1
structure,studies,1
structure,ternary,1
structure,trend,1
structure,surface,1
structure,temporal,1
structure,validate,1
structure,task,1
structure,traffic,1
structure,synthetic,1
structure,visual,1
structure,success,1
structure,variation,1
structure,unit,1
structure,targets,1
structure,utilization,1
structure,structures,1
structure,video,1
structure,traditional,1
structure,tree,1
structure,types,1
mikae,proposed,1
mikae,time,1
eastern,mikae,1
eastern,lutea,1
eastern,gcn,1
eastern,hemisphere,1
eastern,proposed,1
eastern,key,1
eastern,time,1
bulbosa,mikae,1
bulbosa,eastern,1
bulbosa,colomatta,1
bulbosa,lutea,1
bulbosa,gcn,1
bulbosa,hemisphere,1
bulbosa,proposed,1
bulbosa,key,1
bulbosa,time,1
colomatta,mikae,1
colomatta,eastern,1
colomatta,lutea,1
colomatta,gcn,1
colomatta,hemisphere,1
colomatta,proposed,1
colomatta,key,1
colomatta,time,1
lutea,mikae,1
lutea,proposed,1
lutea,time,1
input,paper,1
input,named,1
input,method,1
input,methods,1
input,intuitively,1
input,wide,1
input,specifically,1
input,structure,1
input,low-pass,1
input,present,1
input,literature,1
input,rarely,1
input,published,1
input,reduced,1
input,obtained,1
input,systems,1
input,network,1
input,networks,1
input,noise,1
input,tcga,1
input,proposes,1
input,models,1
input,result,1
input,pharmacological,1
input,three-dimensional,1
input,problem,1
input,node,1
input,performance,1
input,limited,1
input,real-world,1
input,thousands,1
input,propose,1
input,roads,1
input,tasks,1
input,utilized,1
input,process,1
input,proteins,1
input,time-consuming,1
input,prohibitively,1
input,work,1
input,nodes,1
input,mixed,1
input,similar,1
input,smoothing,1
input,perform,1
input,study,1
input,strategy,1
input,presents,1
input,outperform,1
input,string,1
input,samples,1
input,research,1
input,requirement,1
input,numerous,1
input,separation,1
input,sets,1
input,simultaneously,1
input,resulting,1
input,investigations,1
input,transformers,1
input,videos,1
input,years,1
input,language,1
input,theory,1
input,leading,1
input,rely,1
input,relation,1
input,relations,1
input,typically,1
input,understanding,1
input,model,1
input,sites,1
input,points,1
input,lstm,1
input,smiles,1
input,knn,1
input,softmax,1
input,patients,1
input,patient,1
input,similarity,1
input,rnas,1
input,recently,1
input,molecules,1
input,molecule,1
input,ntu,1
input,unsupervised,1
input,matthews,1
input,secure,1
input,nlp,1
input,words,1
input,transformer,1
input,system,1
input,water,1
input,wiki,1
input,kinetics,1
input,skeleton,1
input,vehicle,1
input,layer,1
input,results,1
input,learning,1
input,subgraph,1
input,pose,1
input,skeleton-based,1
input,proposed,1
input,meaningful,1
input,probability,1
input,methodology,1
input,spatial,1
input,pubmed,1
input,role,1
input,mcc,1
input,optimization,1
input,relationships,1
input,representation,1
input,represent,1
input,laplacian,1
input,topic,1
input,local,1
input,training,1
input,u-net,1
input,supervised,1
input,works,1
input,showed,1
input,optimal,1
input,pooling,1
input,key,1
input,technique,1
input,prediction,1
input,propagation,1
input,time,1
input,learn,1
input,neighbor,1
input,single-granular,1
input,optical,1
input,modalities,1
input,module,1
input,representations,1
input,introduce,1
input,neural,1
input,user,1
input,management,1
input,predict,1
input,set,1
input,tumor,1
input,target,1
input,studies,1
input,recognition,1
input,multiple,1
input,sparsity,1
input,recent,1
input,static,1
input,surface,1
input,significant,1
input,knowledge,1
input,temporal,1
input,predicting,1
input,number,1
input,validate,1
input,spatial-temporal,1
input,single,1
input,interaction,1
input,layers,1
input,task,1
input,step,1
input,machine,1
input,traffic,1
input,synthetic,1
input,real,1
input,visual,1
input,layouts,1
input,remote,1
input,parameters,1
input,rgb,1
input,show,1
input,large,1
input,processing,1
input,previous,1
input,pairs,1
input,learns,1
input,structural,1
input,success,1
input,variation,1
input,reactions,1
input,memory,1
input,unit,1
input,patterns,1
input,light,1
input,targets,1
input,multi-scale,1
input,utilization,1
input,structures,1
input,neighbors,1
input,part,1
input,progress,1
input,video,1
input,traditional,1
input,stability,1
input,sample,1
input,pollutants,1
input,tree,1
input,motion,1
input,types,1
input,protein,1
input,point,1
input,reported,1
input,remarkable,1
existing,paper,1
existing,named,1
existing,method,1
existing,methods,1
existing,intuitively,1
existing,inferred,1
existing,wide,1
existing,specifically,1
existing,structure,1
existing,input,1
existing,ignore,1
existing,graph,1
existing,low-pass,1
existing,present,1
existing,literature,1
existing,rarely,1
existing,extract,1
existing,published,1
existing,generally,1
existing,increasing,1
existing,reduced,1
existing,gap,1
existing,hyperlinks,1
existing,independently,1
existing,explicitly,1
existing,obtained,1
existing,generated,1
existing,systems,1
existing,network,1
existing,standards,1
existing,networks,1
existing,noise,1
existing,extracting,1
existing,rna,1
existing,tcga,1
existing,gqa,1
existing,proposes,1
existing,models,1
existing,result,1
existing,pharmacological,1
existing,three-dimensional,1
existing,problem,1
existing,node,1
existing,performance,1
existing,limited,1
existing,fast,1
existing,real-world,1
existing,thousands,1
existing,hours,1
existing,owing,1
existing,propose,1
existing,roads,1
existing,tasks,1
existing,utilized,1
existing,process,1
existing,seoul,1
existing,proteins,1
existing,time-consuming,1
existing,experimental,1
existing,work,1
existing,gcn,1
existing,nodes,1
existing,mixed,1
existing,similar,1
existing,smoothing,1
existing,perform,1
existing,study,1
existing,strategy,1
existing,presents,1
existing,outperform,1
existing,string,1
existing,explore,1
existing,sgc,1
existing,u-shaped,1
existing,samples,1
existing,research,1
existing,pressure,1
existing,f-score,1
existing,graphs,1
existing,requirement,1
existing,numerous,1
existing,separation,1
existing,sets,1
existing,simultaneously,1
existing,resulting,1
existing,transformers,1
existing,harmful,1
existing,videos,1
existing,features,1
existing,years,1
existing,language,1
existing,theory,1
existing,leading,1
existing,rely,1
existing,heavily,1
existing,material,1
existing,gcns,1
existing,relation,1
existing,relations,1
existing,typically,1
existing,firstly,1
existing,understanding,1
existing,kitti,1
existing,mscoco,1
existing,heterogeneous,1
existing,model,1
existing,sites,1
existing,points,1
existing,improve,1
existing,lstm,1
existing,technologies,1
existing,svm,1
existing,knn,1
existing,softmax,1
existing,formed,1
existing,patients,1
existing,patient,1
existing,similarity,1
existing,initiative,1
existing,pca,1
existing,recently,1
existing,molecules,1
existing,molecule,1
existing,ntu,1
existing,unsupervised,1
existing,secure,1
existing,nlp,1
existing,words,1
existing,transformer,1
existing,system,1
existing,water,1
existing,wiki,1
existing,surge,1
existing,kinetics,1
existing,skeleton,1
existing,framework,1
existing,vehicle,1
existing,guided,1
existing,layer,1
existing,results,1
existing,learning,1
existing,subgraph,1
existing,pose,1
existing,skeleton-based,1
existing,graph-based,1
existing,informative,1
existing,proposed,1
existing,meaningful,1
existing,revealed,1
existing,gcaru,1
existing,probability,1
existing,methodology,1
existing,spatial,1
existing,pubmed,1
existing,sentiments,1
existing,information,1
existing,role,1
existing,optimization,1
existing,relationships,1
existing,representation,1
existing,represent,1
existing,generative,1
existing,unifying,1
existing,laplacian,1
existing,topic,1
existing,updated,1
existing,global,1
existing,local,1
existing,training,1
existing,u-net,1
existing,supervised,1
existing,works,1
existing,generate,1
existing,showed,1
existing,optimal,1
existing,pooling,1
existing,key,1
existing,human,1
existing,technique,1
existing,prediction,1
existing,factors,1
existing,propagation,1
existing,time,1
existing,learn,1
existing,neighbor,1
existing,single-granular,1
existing,optical,1
existing,focus,1
existing,modalities,1
existing,high,1
existing,module,1
existing,representations,1
existing,introduce,1
existing,neural,1
existing,expression,1
existing,user,1
existing,management,1
existing,predict,1
existing,feature,1
existing,set,1
existing,fully,1
existing,tumor,1
existing,target,1
existing,studies,1
existing,recognition,1
existing,identify,1
existing,multiple,1
existing,trend,1
existing,sparsity,1
existing,faces,1
existing,recent,1
existing,static,1
existing,gene,1
existing,surface,1
existing,significant,1
existing,knowledge,1
existing,temporal,1
existing,identification,1
existing,predicting,1
existing,number,1
existing,validate,1
existing,gat,1
existing,spatial-temporal,1
existing,single,1
existing,interaction,1
existing,layers,1
existing,task,1
existing,step,1
existing,machine,1
existing,traffic,1
existing,synthetic,1
existing,real,1
existing,visual,1
existing,remote,1
existing,splitting,1
existing,parameters,1
existing,rgb,1
existing,improved,1
existing,show,1
existing,large,1
existing,processing,1
existing,previous,1
existing,pairs,1
existing,include,1
existing,learns,1
existing,structural,1
existing,success,1
existing,variation,1
existing,identifying,1
existing,important,1
existing,memory,1
existing,unit,1
existing,gated,1
existing,patterns,1
existing,field,1
existing,great,1
existing,light,1
existing,functions,1
existing,targets,1
existing,multi-scale,1
existing,utilization,1
existing,structures,1
existing,neighbors,1
existing,part,1
existing,progress,1
existing,video,1
existing,focuses,1
existing,traditional,1
existing,stability,1
existing,sample,1
existing,pollutants,1
existing,tree,1
existing,motion,1
existing,types,1
existing,protein,1
existing,point,1
existing,reported,1
existing,remarkable,1
approaches,drug-drug,1
approaches,paper,1
approaches,named,1
approaches,method,1
approaches,methods,1
approaches,intuitively,1
approaches,inferred,1
approaches,wide,1
approaches,specifically,1
approaches,demonstrates,1
approaches,dual,1
approaches,structure,1
approaches,input,1
approaches,existing,1
approaches,ignore,1
approaches,graph,1
approaches,connecting,1
approaches,considered,1
approaches,attributes,1
approaches,metal,1
approaches,nitride,1
approaches,present,1
approaches,literature,1
approaches,rarely,1
approaches,concentrated,1
approaches,extract,1
approaches,pharmacology,1
approaches,published,1
approaches,curated,1
approaches,generally,1
approaches,common,1
approaches,increasing,1
approaches,reduced,1
approaches,gap,1
approaches,developed,1
approaches,cancers,1
approaches,independently,1
approaches,explicitly,1
approaches,attention,1
approaches,obtained,1
approaches,generated,1
approaches,systems,1
approaches,network,1
approaches,standards,1
approaches,networks,1
approaches,noise,1
approaches,extracting,1
approaches,rna,1
approaches,tcga,1
approaches,proposes,1
approaches,assist,1
approaches,critical,1
approaches,assessment,1
approaches,models,1
approaches,result,1
approaches,beneficial,1
approaches,pharmacological,1
approaches,efficient,1
approaches,three-dimensional,1
approaches,classification,1
approaches,problem,1
approaches,node,1
approaches,performance,1
approaches,limited,1
approaches,fast,1
approaches,real-world,1
approaches,dempster-shafer,1
approaches,thousands,1
approaches,hours,1
approaches,owing,1
approaches,propose,1
approaches,tasks,1
approaches,utilized,1
approaches,process,1
approaches,proteins,1
approaches,encoded,1
approaches,time-consuming,1
approaches,experimental,1
approaches,elsevier,1
approaches,attack,1
approaches,heterojunction,1
approaches,chemical,1
approaches,work,1
approaches,graphitic,1
approaches,gcn,1
approaches,nodes,1
approaches,established,1
approaches,mixed,1
approaches,excellent,1
approaches,capability,1
approaches,similar,1
approaches,smoothing,1
approaches,perform,1
approaches,study,1
approaches,strategy,1
approaches,presents,1
approaches,outperform,1
approaches,string,1
approaches,descriptor,1
approaches,explore,1
approaches,sgc,1
approaches,samples,1
approaches,couplings,1
approaches,research,1
approaches,auc,1
approaches,graphs,1
approaches,requirement,1
approaches,numerous,1
approaches,separation,1
approaches,sets,1
approaches,simultaneously,1
approaches,markers,1
approaches,area,1
approaches,holes,1
approaches,resulting,1
approaches,photocatalyst,1
approaches,investigations,1
approaches,plant,1
approaches,transformers,1
approaches,harmful,1
approaches,videos,1
approaches,features,1
approaches,years,1
approaches,language,1
approaches,theory,1
approaches,leading,1
approaches,rely,1
approaches,decisions,1
approaches,heavily,1
approaches,gps,1
approaches,material,1
approaches,gcns,1
approaches,relation,1
approaches,relations,1
approaches,typically,1
approaches,firstly,1
approaches,understanding,1
approaches,kitti,1
approaches,convolutional,1
approaches,heterogeneous,1
approaches,model,1
approaches,cnn,1
approaches,due,1
approaches,sites,1
approaches,cloud,1
approaches,points,1
approaches,efficiency,1
approaches,improve,1
approaches,ethereum,1
approaches,lstm,1
approaches,bidirectional,1
approaches,catalysts,1
approaches,technologies,1
approaches,capacity,1
approaches,svm,1
approaches,softmax,1
approaches,formed,1
approaches,euclidean,1
approaches,patients,1
approaches,patient,1
approaches,similarity,1
approaches,rnas,1
approaches,initiative,1
approaches,pca,1
approaches,decades,1
approaches,copy,1
approaches,recently,1
approaches,molecules,1
approaches,molecule,1
approaches,ntu,1
approaches,edges,1
approaches,unsupervised,1
approaches,nlp,1
approaches,words,1
approaches,transformer,1
approaches,system,1
approaches,wiki,1
approaches,datasets,1
approaches,data,1
approaches,effectively,1
approaches,surge,1
approaches,data-driven,1
approaches,dft,1
approaches,skeleton,1
approaches,framework,1
approaches,vehicle,1
approaches,guided,1
approaches,end,1
approaches,layer,1
approaches,results,1
approaches,learning,1
approaches,subgraph,1
approaches,pose,1
approaches,skeleton-based,1
approaches,graph-based,1
approaches,informative,1
approaches,dependencies,1
approaches,proposed,1
approaches,based,1
approaches,conduct,1
approaches,meaningful,1
approaches,probability,1
approaches,methodology,1
approaches,spatial,1
approaches,pubmed,1
approaches,sentiments,1
approaches,information,1
approaches,evaluation,1
approaches,role,1
approaches,auroc,1
approaches,optimization,1
approaches,relationships,1
approaches,representation,1
approaches,represent,1
approaches,generative,1
approaches,unifying,1
approaches,embeddings,1
approaches,topic,1
approaches,updated,1
approaches,global,1
approaches,local,1
approaches,deep,1
approaches,training,1
approaches,correlations,1
approaches,supervised,1
approaches,error,1
approaches,works,1
approaches,generate,1
approaches,capture,1
approaches,showed,1
approaches,optimal,1
approaches,presentation,1
approaches,pooling,1
approaches,dataset,1
approaches,key,1
approaches,human,1
approaches,technique,1
approaches,prediction,1
approaches,factors,1
approaches,propagation,1
approaches,time,1
approaches,daily,1
approaches,learn,1
approaches,neighbor,1
approaches,evolution,1
approaches,optical,1
approaches,focus,1
approaches,modalities,1
approaches,high,1
approaches,module,1
approaches,representations,1
approaches,introduce,1
approaches,neural,1
approaches,expression,1
approaches,user,1
approaches,management,1
approaches,predict,1
approaches,feature,1
approaches,set,1
approaches,fully,1
approaches,complex,1
approaches,tumor,1
approaches,target,1
approaches,studies,1
approaches,dense,1
approaches,recognition,1
approaches,identify,1
approaches,convolution,1
approaches,challenges,1
approaches,multiple,1
approaches,trend,1
approaches,sparsity,1
approaches,faces,1
approaches,recent,1
approaches,static,1
approaches,gene,1
approaches,surface,1
approaches,significant,1
approaches,immune,1
approaches,knowledge,1
approaches,temporal,1
approaches,identification,1
approaches,predicting,1
approaches,number,1
approaches,validate,1
approaches,gat,1
approaches,spatial-temporal,1
approaches,single,1
approaches,interaction,1
approaches,layers,1
approaches,task,1
approaches,challenging,1
approaches,energy,1
approaches,step,1
approaches,machine,1
approaches,traffic,1
approaches,communication,1
approaches,synthetic,1
approaches,real,1
approaches,visual,1
approaches,layouts,1
approaches,cells,1
approaches,remote,1
approaches,parameters,1
approaches,rgb,1
approaches,improved,1
approaches,show,1
approaches,large,1
approaches,processing,1
approaches,conditions,1
approaches,previous,1
approaches,pairs,1
approaches,employed,1
approaches,include,1
approaches,captures,1
approaches,learns,1
approaches,embedding,1
approaches,effective,1
approaches,photocatalytic,1
approaches,structural,1
approaches,success,1
approaches,cases,1
approaches,variation,1
approaches,identifying,1
approaches,important,1
approaches,reactions,1
approaches,memory,1
approaches,unit,1
approaches,gated,1
approaches,patterns,1
approaches,field,1
approaches,constructing,1
approaches,comprehensive,1
approaches,great,1
approaches,light,1
approaches,functions,1
approaches,targets,1
approaches,architecture,1
approaches,multi-scale,1
approaches,utilization,1
approaches,structures,1
approaches,neighbors,1
approaches,part,1
approaches,progress,1
approaches,video,1
approaches,focuses,1
approaches,capturing,1
approaches,traditional,1
approaches,stability,1
approaches,sample,1
approaches,designed,1
approaches,pollutants,1
approaches,behaviors,1
approaches,diffusion,1
approaches,tree,1
approaches,motion,1
approaches,types,1
approaches,protein,1
approaches,point,1
approaches,reported,1
approaches,remarkable,1
approaches,background,1
approaches,center,1
approaches,bind,1
approaches,band,1
ignore,paper,1
ignore,named,1
ignore,method,1
ignore,methods,1
ignore,intuitively,1
ignore,inferred,1
ignore,specifically,1
ignore,structure,1
ignore,input,1
ignore,present,1
ignore,literature,1
ignore,rarely,1
ignore,increasing,1
ignore,reduced,1
ignore,independently,1
ignore,obtained,1
ignore,systems,1
ignore,network,1
ignore,networks,1
ignore,noise,1
ignore,proposes,1
ignore,models,1
ignore,result,1
ignore,problem,1
ignore,node,1
ignore,performance,1
ignore,limited,1
ignore,real-world,1
ignore,thousands,1
ignore,owing,1
ignore,propose,1
ignore,tasks,1
ignore,utilized,1
ignore,process,1
ignore,proteins,1
ignore,time-consuming,1
ignore,work,1
ignore,nodes,1
ignore,mixed,1
ignore,similar,1
ignore,smoothing,1
ignore,perform,1
ignore,study,1
ignore,strategy,1
ignore,presents,1
ignore,outperform,1
ignore,samples,1
ignore,research,1
ignore,requirement,1
ignore,numerous,1
ignore,sets,1
ignore,simultaneously,1
ignore,resulting,1
ignore,transformers,1
ignore,videos,1
ignore,years,1
ignore,language,1
ignore,theory,1
ignore,leading,1
ignore,rely,1
ignore,relation,1
ignore,relations,1
ignore,typically,1
ignore,understanding,1
ignore,mscoco,1
ignore,model,1
ignore,points,1
ignore,improve,1
ignore,lstm,1
ignore,similarity,1
ignore,rnas,1
ignore,initiative,1
ignore,pca,1
ignore,recently,1
ignore,ntu,1
ignore,unsupervised,1
ignore,words,1
ignore,transformer,1
ignore,system,1
ignore,skeleton,1
ignore,layer,1
ignore,results,1
ignore,learning,1
ignore,subgraph,1
ignore,skeleton-based,1
ignore,informative,1
ignore,proposed,1
ignore,meaningful,1
ignore,probability,1
ignore,spatial,1
ignore,pubmed,1
ignore,information,1
ignore,role,1
ignore,optimization,1
ignore,relationships,1
ignore,representation,1
ignore,represent,1
ignore,laplacian,1
ignore,topic,1
ignore,local,1
ignore,training,1
ignore,supervised,1
ignore,works,1
ignore,showed,1
ignore,optimal,1
ignore,pooling,1
ignore,key,1
ignore,technique,1
ignore,prediction,1
ignore,propagation,1
ignore,time,1
ignore,learn,1
ignore,neighbor,1
ignore,modalities,1
ignore,module,1
ignore,representations,1
ignore,introduce,1
ignore,neural,1
ignore,user,1
ignore,management,1
ignore,predict,1
ignore,set,1
ignore,target,1
ignore,studies,1
ignore,recognition,1
ignore,multiple,1
ignore,trend,1
ignore,sparsity,1
ignore,recent,1
ignore,static,1
ignore,significant,1
ignore,knowledge,1
ignore,temporal,1
ignore,predicting,1
ignore,number,1
ignore,validate,1
ignore,spatial-temporal,1
ignore,single,1
ignore,interaction,1
ignore,layers,1
ignore,task,1
ignore,step,1
ignore,machine,1
ignore,traffic,1
ignore,synthetic,1
ignore,real,1
ignore,visual,1
ignore,remote,1
ignore,parameters,1
ignore,rgb,1
ignore,improved,1
ignore,show,1
ignore,large,1
ignore,processing,1
ignore,previous,1
ignore,pairs,1
ignore,learns,1
ignore,structural,1
ignore,success,1
ignore,variation,1
ignore,important,1
ignore,memory,1
ignore,unit,1
ignore,patterns,1
ignore,multi-scale,1
ignore,utilization,1
ignore,structures,1
ignore,neighbors,1
ignore,part,1
ignore,progress,1
ignore,video,1
ignore,traditional,1
ignore,stability,1
ignore,sample,1
ignore,tree,1
ignore,motion,1
ignore,types,1
ignore,point,1
ignore,reported,1
ignore,remarkable,1
benefit,paper,1
benefit,named,1
benefit,method,1
benefit,methods,1
benefit,specifically,1
benefit,structure,1
benefit,input,1
benefit,existing,1
benefit,ignore,1
benefit,graph,1
benefit,common,1
benefit,reduced,1
benefit,developed,1
benefit,hyperlinks,1
benefit,obtained,1
benefit,network,1
benefit,networks,1
benefit,noise,1
benefit,extracting,1
benefit,proposes,1
benefit,models,1
benefit,efficient,1
benefit,classification,1
benefit,performance,1
benefit,real-world,1
benefit,propose,1
benefit,tasks,1
benefit,process,1
benefit,proteins,1
benefit,experimental,1
benefit,elsevier,1
benefit,work,1
benefit,gcn,1
benefit,study,1
benefit,outperform,1
benefit,samples,1
benefit,research,1
benefit,pressure,1
benefit,f-score,1
benefit,graphs,1
benefit,simultaneously,1
benefit,features,1
benefit,years,1
benefit,rely,1
benefit,gcns,1
benefit,relation,1
benefit,convolutional,1
benefit,model,1
benefit,due,1
benefit,efficiency,1
benefit,improve,1
benefit,softmax,1
benefit,patients,1
benefit,similarity,1
benefit,copy,1
benefit,system,1
benefit,datasets,1
benefit,data,1
benefit,effectively,1
benefit,skeleton,1
benefit,framework,1
benefit,end,1
benefit,results,1
benefit,learning,1
benefit,dependencies,1
benefit,proposed,1
benefit,spatial,1
benefit,information,1
benefit,role,1
benefit,relationships,1
benefit,embeddings,1
benefit,deep,1
benefit,training,1
benefit,supervised,1
benefit,error,1
benefit,optimal,1
benefit,dataset,1
benefit,human,1
benefit,prediction,1
benefit,time,1
benefit,learn,1
benefit,focus,1
benefit,high,1
benefit,neural,1
benefit,expression,1
benefit,management,1
benefit,predict,1
benefit,set,1
benefit,complex,1
benefit,studies,1
benefit,identify,1
benefit,multiple,1
benefit,recent,1
benefit,static,1
benefit,gene,1
benefit,significant,1
benefit,knowledge,1
benefit,temporal,1
benefit,task,1
benefit,challenging,1
benefit,parameters,1
benefit,improved,1
benefit,show,1
benefit,large,1
benefit,previous,1
benefit,captures,1
benefit,embedding,1
benefit,structural,1
benefit,important,1
benefit,memory,1
benefit,unit,1
benefit,patterns,1
benefit,multi-scale,1
benefit,neighbors,1
benefit,sample,1
benefit,designed,1
benefit,types,1
benefit,protein,1
benefit,reported,1
benefit,remarkable,1
graph,paper,1
graph,named,1
graph,method,1
graph,methods,1
graph,intuitively,1
graph,inferred,1
graph,wide,1
graph,specifically,1
graph,structure,1
graph,input,1
graph,ignore,1
graph,low-pass,1
graph,metal,1
graph,nitride,1
graph,present,1
graph,literature,1
graph,rarely,1
graph,pharmacology,1
graph,published,1
graph,increasing,1
graph,reduced,1
graph,roofs,1
graph,hyperlinks,1
graph,independently,1
graph,obtained,1
graph,systems,1
graph,network,1
graph,standards,1
graph,networks,1
graph,noise,1
graph,rna,1
graph,tcga,1
graph,proposes,1
graph,models,1
graph,result,1
graph,pharmacological,1
graph,three-dimensional,1
graph,problem,1
graph,node,1
graph,performance,1
graph,limited,1
graph,recombination,1
graph,real-world,1
graph,thousands,1
graph,hours,1
graph,owing,1
graph,propose,1
graph,roads,1
graph,tasks,1
graph,utilized,1
graph,process,1
graph,seoul,1
graph,proteins,1
graph,time-consuming,1
graph,prohibitively,1
graph,psycholinguistic,1
graph,liquid,1
graph,work,1
graph,nodes,1
graph,mixed,1
graph,similar,1
graph,smoothing,1
graph,perform,1
graph,households,1
graph,study,1
graph,strategy,1
graph,presents,1
graph,viable,1
graph,outperform,1
graph,string,1
graph,sgc,1
graph,u-shaped,1
graph,samples,1
graph,research,1
graph,pressure,1
graph,graphs,1
graph,requirement,1
graph,numerous,1
graph,separation,1
graph,sets,1
graph,simultaneously,1
graph,markers,1
graph,resulting,1
graph,investigations,1
graph,sciences,1
graph,plant,1
graph,transformers,1
graph,harmful,1
graph,videos,1
graph,years,1
graph,language,1
graph,theory,1
graph,leading,1
graph,rely,1
graph,heavily,1
graph,hemisphere,1
graph,obu,1
graph,material,1
graph,heparin,1
graph,relation,1
graph,relations,1
graph,typically,1
graph,understanding,1
graph,imdb,1
graph,kitti,1
graph,mscoco,1
graph,heterogeneous,1
graph,model,1
graph,sites,1
graph,points,1
graph,improve,1
graph,lstm,1
graph,smiles,1
graph,technologies,1
graph,svm,1
graph,knn,1
graph,softmax,1
graph,patients,1
graph,patient,1
graph,similarity,1
graph,rnas,1
graph,initiative,1
graph,pca,1
graph,recently,1
graph,molecules,1
graph,molecule,1
graph,ntu,1
graph,unsupervised,1
graph,matthews,1
graph,secure,1
graph,nlp,1
graph,words,1
graph,transformer,1
graph,system,1
graph,water,1
graph,wiki,1
graph,surge,1
graph,kinetics,1
graph,skeleton,1
graph,vehicle,1
graph,guided,1
graph,layer,1
graph,results,1
graph,learning,1
graph,subgraph,1
graph,pose,1
graph,skeleton-based,1
graph,skeletongait,1
graph,graph-based,1
graph,informative,1
graph,proposed,1
graph,meaningful,1
graph,revealed,1
graph,probability,1
graph,methodology,1
graph,spatial,1
graph,pubmed,1
graph,sentiments,1
graph,information,1
graph,role,1
graph,mcc,1
graph,optimization,1
graph,relationships,1
graph,representation,1
graph,represent,1
graph,unifying,1
graph,laplacian,1
graph,topic,1
graph,updated,1
graph,local,1
graph,training,1
graph,u-net,1
graph,supervised,1
graph,works,1
graph,showed,1
graph,optimal,1
graph,presentation,1
graph,pooling,1
graph,key,1
graph,human,1
graph,technique,1
graph,prediction,1
graph,propagation,1
graph,time,1
graph,learn,1
graph,neighbor,1
graph,single-granular,1
graph,optical,1
graph,modalities,1
graph,high,1
graph,module,1
graph,representations,1
graph,introduce,1
graph,neural,1
graph,user,1
graph,management,1
graph,predict,1
graph,set,1
graph,tumor,1
graph,target,1
graph,studies,1
graph,recognition,1
graph,identify,1
graph,multiple,1
graph,ternary,1
graph,trend,1
graph,sparsity,1
graph,recent,1
graph,static,1
graph,surface,1
graph,significant,1
graph,immune,1
graph,knowledge,1
graph,temporal,1
graph,identification,1
graph,predicting,1
graph,number,1
graph,validate,1
graph,spatial-temporal,1
graph,single,1
graph,interaction,1
graph,layers,1
graph,task,1
graph,step,1
graph,machine,1
graph,traffic,1
graph,synthetic,1
graph,real,1
graph,visual,1
graph,layouts,1
graph,remote,1
graph,splitting,1
graph,parameters,1
graph,rgb,1
graph,improved,1
graph,show,1
graph,large,1
graph,processing,1
graph,previous,1
graph,pairs,1
graph,include,1
graph,learns,1
graph,structural,1
graph,success,1
graph,variation,1
graph,identifying,1
graph,important,1
graph,reactions,1
graph,memory,1
graph,unit,1
graph,patterns,1
graph,great,1
graph,light,1
graph,targets,1
graph,multi-scale,1
graph,utilization,1
graph,structures,1
graph,neighbors,1
graph,part,1
graph,progress,1
graph,video,1
graph,traditional,1
graph,stability,1
graph,sample,1
graph,pollutants,1
graph,tree,1
graph,motion,1
graph,types,1
graph,protein,1
graph,point,1
graph,reported,1
graph,remarkable,1
connecting,drug-drug,1
connecting,paper,1
connecting,named,1
connecting,method,1
connecting,methods,1
connecting,wide,1
connecting,structure,1
connecting,existing,1
connecting,graph,1
connecting,literature,1
connecting,rarely,1
connecting,extract,1
connecting,curated,1
connecting,generally,1
connecting,developed,1
connecting,systems,1
connecting,network,1
connecting,networks,1
connecting,proposes,1
connecting,critical,1
connecting,models,1
connecting,efficient,1
connecting,performance,1
connecting,limited,1
connecting,propose,1
connecting,process,1
connecting,experimental,1
connecting,work,1
connecting,gcn,1
connecting,nodes,1
connecting,perform,1
connecting,study,1
connecting,strategy,1
connecting,samples,1
connecting,research,1
connecting,graphs,1
connecting,numerous,1
connecting,simultaneously,1
connecting,plant,1
connecting,features,1
connecting,language,1
connecting,leading,1
connecting,gcns,1
connecting,relation,1
connecting,convolutional,1
connecting,heterogeneous,1
connecting,model,1
connecting,points,1
connecting,improve,1
connecting,recently,1
connecting,edges,1
connecting,system,1
connecting,datasets,1
connecting,data,1
connecting,skeleton,1
connecting,framework,1
connecting,end,1
connecting,layer,1
connecting,results,1
connecting,skeleton-based,1
connecting,graph-based,1
connecting,proposed,1
connecting,spatial,1
connecting,information,1
connecting,role,1
connecting,topic,1
connecting,global,1
connecting,local,1
connecting,deep,1
connecting,training,1
connecting,generate,1
connecting,showed,1
connecting,optimal,1
connecting,dataset,1
connecting,human,1
connecting,prediction,1
connecting,time,1
connecting,daily,1
connecting,high,1
connecting,module,1
connecting,representations,1
connecting,introduce,1
connecting,neural,1
connecting,expression,1
connecting,user,1
connecting,feature,1
connecting,set,1
connecting,target,1
connecting,studies,1
connecting,recognition,1
connecting,convolution,1
connecting,multiple,1
connecting,recent,1
connecting,gene,1
connecting,significant,1
connecting,knowledge,1
connecting,temporal,1
connecting,spatial-temporal,1
connecting,interaction,1
connecting,layers,1
connecting,task,1
connecting,machine,1
connecting,traffic,1
connecting,show,1
connecting,large,1
connecting,processing,1
connecting,previous,1
connecting,employed,1
connecting,effective,1
connecting,structural,1
connecting,unit,1
connecting,gated,1
connecting,patterns,1
connecting,constructing,1
connecting,great,1
connecting,functions,1
connecting,structures,1
connecting,progress,1
connecting,video,1
connecting,focuses,1
connecting,designed,1
connecting,protein,1
connecting,reported,1
considered,paper,1
considered,named,1
considered,method,1
considered,methods,1
considered,inferred,1
considered,wide,1
considered,specifically,1
considered,demonstrates,1
considered,dual,1
considered,structure,1
considered,input,1
considered,existing,1
considered,ignore,1
considered,graph,1
considered,low-pass,1
considered,metal,1
considered,nitride,1
considered,present,1
considered,literature,1
considered,rarely,1
considered,extract,1
considered,published,1
considered,generally,1
considered,increasing,1
considered,reduced,1
considered,gap,1
considered,developed,1
considered,independently,1
considered,explicitly,1
considered,obtained,1
considered,generated,1
considered,systems,1
considered,network,1
considered,networks,1
considered,noise,1
considered,extracting,1
considered,rna,1
considered,proposes,1
considered,critical,1
considered,models,1
considered,result,1
considered,efficient,1
considered,problem,1
considered,node,1
considered,performance,1
considered,limited,1
considered,recombination,1
considered,real-world,1
considered,owing,1
considered,propose,1
considered,tasks,1
considered,utilized,1
considered,process,1
considered,time-consuming,1
considered,experimental,1
considered,elsevier,1
considered,heterojunction,1
considered,work,1
considered,graphitic,1
considered,gcn,1
considered,nodes,1
considered,established,1
considered,mixed,1
considered,excellent,1
considered,similar,1
considered,perform,1
considered,study,1
considered,strategy,1
considered,presents,1
considered,viable,1
considered,explore,1
considered,samples,1
considered,research,1
considered,graphs,1
considered,separation,1
considered,sets,1
considered,simultaneously,1
considered,resulting,1
considered,photocatalyst,1
considered,investigations,1
considered,harmful,1
considered,videos,1
considered,features,1
considered,years,1
considered,language,1
considered,theory,1
considered,leading,1
considered,rely,1
considered,decisions,1
considered,material,1
considered,gcns,1
considered,relation,1
considered,relations,1
considered,typically,1
considered,firstly,1
considered,understanding,1
considered,convolutional,1
considered,heterogeneous,1
considered,model,1
considered,due,1
considered,sites,1
considered,points,1
considered,efficiency,1
considered,improve,1
considered,lstm,1
considered,technologies,1
considered,softmax,1
considered,patients,1
considered,patient,1
considered,similarity,1
considered,pca,1
considered,decades,1
considered,copy,1
considered,recently,1
considered,molecules,1
considered,molecule,1
considered,ntu,1
considered,unsupervised,1
considered,secure,1
considered,nlp,1
considered,words,1
considered,transformer,1
considered,system,1
considered,water,1
considered,datasets,1
considered,data,1
considered,effectively,1
considered,data-driven,1
considered,dft,1
considered,skeleton,1
considered,framework,1
considered,vehicle,1
considered,end,1
considered,layer,1
considered,results,1
considered,learning,1
considered,xps,1
considered,pose,1
considered,skeleton-based,1
considered,graph-based,1
considered,informative,1
considered,dependencies,1
considered,proposed,1
considered,revealed,1
considered,probability,1
considered,methodology,1
considered,spatial,1
considered,electron,1
considered,information,1
considered,evaluation,1
considered,role,1
considered,optimization,1
considered,relationships,1
considered,representation,1
considered,represent,1
considered,generative,1
considered,global,1
considered,local,1
considered,deep,1
considered,training,1
considered,correlations,1
considered,u-net,1
considered,supervised,1
considered,error,1
considered,works,1
considered,generate,1
considered,showed,1
considered,optimal,1
considered,presentation,1
considered,indonesia,1
considered,pooling,1
considered,dataset,1
considered,intratesticular,1
considered,key,1
considered,human,1
considered,technique,1
considered,prediction,1
considered,factors,1
considered,propagation,1
considered,time,1
considered,learn,1
considered,evolution,1
considered,optical,1
considered,focus,1
considered,desirable,1
considered,modalities,1
considered,high,1
considered,module,1
considered,representations,1
considered,introduce,1
considered,neural,1
considered,user,1
considered,management,1
considered,predict,1
considered,feature,1
considered,set,1
considered,fully,1
considered,tumor,1
considered,target,1
considered,studies,1
considered,recognition,1
considered,identify,1
considered,convolution,1
considered,multiple,1
considered,trend,1
considered,recent,1
considered,static,1
considered,gene,1
considered,surface,1
considered,significant,1
considered,knowledge,1
considered,temporal,1
considered,identification,1
considered,predicting,1
considered,number,1
considered,validate,1
considered,gat,1
considered,spatial-temporal,1
considered,single,1
considered,interaction,1
considered,layers,1
considered,task,1
considered,energy,1
considered,step,1
considered,machine,1
considered,traffic,1
considered,real,1
considered,visual,1
considered,remote,1
considered,splitting,1
considered,parameters,1
considered,rgb,1
considered,improved,1
considered,show,1
considered,large,1
considered,processing,1
considered,previous,1
considered,employed,1
considered,learns,1
considered,embedding,1
considered,effective,1
considered,photocatalytic,1
considered,structural,1
considered,success,1
considered,identifying,1
considered,important,1
considered,reactions,1
considered,memory,1
considered,unit,1
considered,gated,1
considered,patterns,1
considered,field,1
considered,correction,1
considered,great,1
considered,light,1
considered,functions,1
considered,targets,1
considered,utilization,1
considered,structures,1
considered,neighbors,1
considered,part,1
considered,progress,1
considered,video,1
considered,focuses,1
considered,traditional,1
considered,stability,1
considered,sample,1
considered,designed,1
considered,pollutants,1
considered,diffusion,1
considered,tree,1
considered,point,1
considered,remarkable,1
low-pass,paper,1
low-pass,named,1
low-pass,method,1
low-pass,methods,1
low-pass,specifically,1
low-pass,structure,1
low-pass,published,1
low-pass,network,1
low-pass,networks,1
low-pass,node,1
low-pass,performance,1
low-pass,propose,1
low-pass,nodes,1
low-pass,smoothing,1
low-pass,perform,1
low-pass,samples,1
low-pass,relations,1
low-pass,model,1
low-pass,results,1
low-pass,proposed,1
low-pass,relationships,1
low-pass,topic,1
low-pass,works,1
low-pass,prediction,1
low-pass,neural,1
low-pass,success,1
low-pass,neighbors,1
attributes,paper,1
attributes,named,1
attributes,method,1
attributes,methods,1
attributes,specifically,1
attributes,demonstrates,1
attributes,dual,1
attributes,structure,1
attributes,input,1
attributes,existing,1
attributes,ignore,1
attributes,graph,1
attributes,considered,1
attributes,metal,1
attributes,cocatalyst-free,1
attributes,water-splitting,1
attributes,nitride,1
attributes,present,1
attributes,literature,1
attributes,rarely,1
attributes,concentrated,1
attributes,extract,1
attributes,generally,1
attributes,common,1
attributes,increasing,1
attributes,gap,1
attributes,developed,1
attributes,independently,1
attributes,explicitly,1
attributes,obtained,1
attributes,generated,1
attributes,systems,1
attributes,network,1
attributes,networks,1
attributes,noise,1
attributes,extracting,1
attributes,tcga,1
attributes,proposes,1
attributes,critical,1
attributes,models,1
attributes,result,1
attributes,beneficial,1
attributes,pharmacological,1
attributes,efficient,1
attributes,classification,1
attributes,problem,1
attributes,node,1
attributes,performance,1
attributes,limited,1
attributes,fast,1
attributes,real-world,1
attributes,thousands,1
attributes,owing,1
attributes,propose,1
attributes,tasks,1
attributes,utilized,1
attributes,process,1
attributes,proteins,1
attributes,time-consuming,1
attributes,experimental,1
attributes,elsevier,1
attributes,chemical,1
attributes,work,1
attributes,graphitic,1
attributes,gcn,1
attributes,granger,1
attributes,nodes,1
attributes,established,1
attributes,capability,1
attributes,similar,1
attributes,smoothing,1
attributes,perform,1
attributes,study,1
attributes,strategy,1
attributes,presents,1
attributes,viable,1
attributes,outperform,1
attributes,descriptor,1
attributes,explore,1
attributes,samples,1
attributes,research,1
attributes,auc,1
attributes,graphs,1
attributes,numerous,1
attributes,separation,1
attributes,topologically,1
attributes,wavelengths,1
attributes,sets,1
attributes,simultaneously,1
attributes,resulting,1
attributes,photocatalyst,1
attributes,investigations,1
attributes,transformers,1
attributes,features,1
attributes,years,1
attributes,language,1
attributes,theory,1
attributes,leading,1
attributes,rely,1
attributes,heavily,1
attributes,gcns,1
attributes,relation,1
attributes,relations,1
attributes,typically,1
attributes,firstly,1
attributes,understanding,1
attributes,convolutional,1
attributes,mscoco,1
attributes,heterogeneous,1
attributes,model,1
attributes,cnn,1
attributes,due,1
attributes,sites,1
attributes,improve,1
attributes,lstm,1
attributes,bidirectional,1
attributes,svm,1
attributes,knn,1
attributes,patients,1
attributes,similarity,1
attributes,rnas,1
attributes,recently,1
attributes,molecules,1
attributes,molecule,1
attributes,edges,1
attributes,unsupervised,1
attributes,nlp,1
attributes,words,1
attributes,transformer,1
attributes,water,1
attributes,datasets,1
attributes,data,1
attributes,effectively,1
attributes,skeleton,1
attributes,framework,1
attributes,vehicle,1
attributes,guided,1
attributes,end,1
attributes,layer,1
attributes,results,1
attributes,learning,1
attributes,subgraph,1
attributes,pose,1
attributes,skeleton-based,1
attributes,graph-based,1
attributes,informative,1
attributes,dependencies,1
attributes,proposed,1
attributes,based,1
attributes,conduct,1
attributes,meaningful,1
attributes,methodology,1
attributes,spatial,1
attributes,pubmed,1
attributes,information,1
attributes,evaluation,1
attributes,role,1
attributes,cgcnimp,1
attributes,optimization,1
attributes,relationships,1
attributes,representation,1
attributes,represent,1
attributes,generative,1
attributes,unifying,1
attributes,embeddings,1
attributes,global,1
attributes,local,1
attributes,deep,1
attributes,training,1
attributes,supervised,1
attributes,error,1
attributes,generate,1
attributes,capture,1
attributes,showed,1
attributes,dataset,1
attributes,key,1
attributes,human,1
attributes,technique,1
attributes,prediction,1
attributes,propagation,1
attributes,time,1
attributes,daily,1
attributes,learn,1
attributes,neighbor,1
attributes,evolution,1
attributes,focus,1
attributes,desirable,1
attributes,modalities,1
attributes,high,1
attributes,module,1
attributes,representations,1
attributes,introduce,1
attributes,neural,1
attributes,expression,1
attributes,user,1
attributes,predict,1
attributes,feature,1
attributes,set,1
attributes,fully,1
attributes,complex,1
attributes,target,1
attributes,studies,1
attributes,dense,1
attributes,recognition,1
attributes,identify,1
attributes,convolution,1
attributes,challenges,1
attributes,multiple,1
attributes,faces,1
attributes,recent,1
attributes,static,1
attributes,gene,1
attributes,significant,1
attributes,knowledge,1
attributes,temporal,1
attributes,identification,1
attributes,predicting,1
attributes,number,1
attributes,validate,1
attributes,gat,1
attributes,spatial-temporal,1
attributes,single,1
attributes,interaction,1
attributes,layers,1
attributes,task,1
attributes,challenging,1
attributes,step,1
attributes,machine,1
attributes,traffic,1
attributes,synthetic,1
attributes,real,1
attributes,rgb,1
attributes,improved,1
attributes,show,1
attributes,large,1
attributes,processing,1
attributes,conditions,1
attributes,previous,1
attributes,pairs,1
attributes,captures,1
attributes,learns,1
attributes,embedding,1
attributes,effective,1
attributes,structural,1
attributes,success,1
attributes,cases,1
attributes,variation,1
attributes,identifying,1
attributes,important,1
attributes,memory,1
attributes,unit,1
attributes,patterns,1
attributes,field,1
attributes,constructing,1
attributes,comprehensive,1
attributes,great,1
attributes,functions,1
attributes,utilization,1
attributes,structures,1
attributes,neighbors,1
attributes,video,1
attributes,focuses,1
attributes,capturing,1
attributes,traditional,1
attributes,sample,1
attributes,designed,1
attributes,behaviors,1
attributes,motion,1
attributes,types,1
attributes,protein,1
attributes,remarkable,1
attributes,background,1
metal,method,1
metal,methods,1
metal,wide,1
metal,specifically,1
metal,structure,1
metal,water-splitting,1
metal,nitride,1
metal,present,1
metal,published,1
metal,reduced,1
metal,obtained,1
metal,systems,1
metal,network,1
metal,standards,1
metal,networks,1
metal,models,1
metal,three-dimensional,1
metal,problem,1
metal,performance,1
metal,recombination,1
metal,propose,1
metal,utilized,1
metal,process,1
metal,work,1
metal,mixed,1
metal,similar,1
metal,perform,1
metal,study,1
metal,strategy,1
metal,presents,1
metal,samples,1
metal,research,1
metal,separation,1
metal,topologically,1
metal,wavelengths,1
metal,resulting,1
metal,photocatalyst,1
metal,theory,1
metal,model,1
metal,sites,1
metal,svm,1
metal,similarity,1
metal,molecules,1
metal,system,1
metal,water,1
metal,results,1
metal,xps,1
metal,pose,1
metal,proposed,1
metal,revealed,1
metal,probability,1
metal,methodology,1
metal,spatial,1
metal,role,1
metal,optimization,1
metal,training,1
metal,showed,1
metal,optimal,1
metal,prediction,1
metal,time,1
metal,optical,1
metal,predict,1
metal,set,1
metal,target,1
metal,studies,1
metal,recognition,1
metal,multiple,1
metal,ternary,1
metal,surface,1
metal,significant,1
metal,predicting,1
metal,number,1
metal,single,1
metal,task,1
metal,step,1
metal,traffic,1
metal,splitting,1
metal,parameters,1
metal,show,1
metal,processing,1
metal,photocatalytic,1
metal,structural,1
metal,unit,1
metal,structures,1
metal,part,1
metal,video,1
metal,traditional,1
metal,stability,1
metal,sample,1
metal,pollutants,1
metal,motion,1
metal,types,1
metal,point,1
cocatalyst-free,dual,1
cocatalyst-free,metal,1
cocatalyst-free,water-splitting,1
cocatalyst-free,nitride,1
cocatalyst-free,graphitic,1
cocatalyst-free,gcn,1
cocatalyst-free,separation,1
cocatalyst-free,topologically,1
cocatalyst-free,wavelengths,1
cocatalyst-free,photocatalyst,1
cocatalyst-free,results,1
cocatalyst-free,time,1
cocatalyst-free,desirable,1
cocatalyst-free,introduce,1
water-splitting,wavelengths,1
nitride,paper,1
nitride,variously,1
nitride,wide,1
nitride,specifically,1
nitride,structure,1
nitride,water-splitting,1
nitride,present,1
nitride,rarely,1
nitride,published,1
nitride,reduced,1
nitride,obtained,1
nitride,systems,1
nitride,standards,1
nitride,pei-gcn,1
nitride,proposes,1
nitride,result,1
nitride,pharmacological,1
nitride,performance,1
nitride,recombination,1
nitride,real-world,1
nitride,owing,1
nitride,propose,1
nitride,utilized,1
nitride,process,1
nitride,nitrogen-rich,1
nitride,tubes,1
nitride,work,1
nitride,similar,1
nitride,perform,1
nitride,study,1
nitride,strategy,1
nitride,presents,1
nitride,viable,1
nitride,samples,1
nitride,research,1
nitride,pressure,1
nitride,requirement,1
nitride,numerous,1
nitride,separation,1
nitride,topologically,1
nitride,wavelengths,1
nitride,sets,1
nitride,simultaneously,1
nitride,resulting,1
nitride,photocatalyst,1
nitride,sciences,1
nitride,years,1
nitride,theory,1
nitride,understanding,1
nitride,sites,1
nitride,technologies,1
nitride,system,1
nitride,water,1
nitride,skeleton,1
nitride,results,1
nitride,xps,1
nitride,proposed,1
nitride,revealed,1
nitride,spatial,1
nitride,role,1
nitride,optimization,1
nitride,topic,1
nitride,showed,1
nitride,optimal,1
nitride,technique,1
nitride,time,1
nitride,optical,1
nitride,predict,1
nitride,set,1
nitride,target,1
nitride,studies,1
nitride,recognition,1
nitride,ternary,1
nitride,trend,1
nitride,recent,1
nitride,surface,1
nitride,significant,1
nitride,number,1
nitride,step,1
nitride,synthetic,1
nitride,real,1
nitride,splitting,1
nitride,parameters,1
nitride,show,1
nitride,processing,1
nitride,previous,1
nitride,pairs,1
nitride,photocatalytic,1
nitride,structural,1
nitride,variation,1
nitride,reactions,1
nitride,unit,1
nitride,targets,1
nitride,utilization,1
nitride,structures,1
nitride,part,1
nitride,traditional,1
nitride,stability,1
nitride,sample,1
nitride,pollutants,1
nitride,types,1
nitride,point,1
nitride,reported,1
nitride,remarkable,1
present,wide,1
present,specifically,1
present,structure,1
present,rarely,1
present,published,1
present,reduced,1
present,systems,1
present,rna,1
present,tcga,1
present,proposes,1
present,result,1
present,three-dimensional,1
present,problem,1
present,recombination,1
present,real-world,1
present,thousands,1
present,propose,1
present,tasks,1
present,utilized,1
present,process,1
present,proteins,1
present,time-consuming,1
present,work,1
present,similar,1
present,study,1
present,strategy,1
present,presents,1
present,sgc,1
present,samples,1
present,research,1
present,separation,1
present,sets,1
present,simultaneously,1
present,resulting,1
present,trypanosoma,1
present,sciences,1
present,transformers,1
present,videos,1
present,years,1
present,theory,1
present,rely,1
present,relation,1
present,relations,1
present,typically,1
present,understanding,1
present,s-triazine,1
present,sites,1
present,technologies,1
present,svm,1
present,similarity,1
present,rnas,1
present,recently,1
present,unsupervised,1
present,secure,1
present,words,1
present,transformer,1
present,system,1
present,water,1
present,wiki,1
present,surge,1
present,skeleton,1
present,vehicle,1
present,results,1
present,xps,1
present,skeleton-based,1
present,proposed,1
present,revealed,1
present,probability,1
present,spatial,1
present,pubmed,1
present,sentiments,1
present,role,1
present,relationships,1
present,representation,1
present,represent,1
present,topic,1
present,updated,1
present,training,1
present,u-net,1
present,supervised,1
present,works,1
present,showed,1
present,presentation,1
present,technique,1
present,propagation,1
present,time,1
present,representations,1
present,user,1
present,set,1
present,tumor,1
present,target,1
present,studies,1
present,recognition,1
present,ternary,1
present,trend,1
present,sparsity,1
present,recent,1
present,static,1
present,surface,1
present,significant,1
present,temporal,1
present,validate,1
present,spatial-temporal,1
present,single,1
present,task,1
present,step,1
present,traffic,1
present,synthetic,1
present,real,1
present,visual,1
present,remote,1
present,splitting,1
present,rgb,1
present,show,1
present,processing,1
present,previous,1
present,structural,1
present,success,1
present,variation,1
present,unit,1
present,targets,1
present,utilization,1
present,structures,1
present,progress,1
present,video,1
present,traditional,1
present,stability,1
present,sample,1
present,tree,1
present,types,1
present,protein,1
present,reported,1
present,remarkable,1
literature,paper,1
literature,named,1
literature,method,1
literature,methods,1
literature,specifically,1
literature,structure,1
literature,present,1
literature,rarely,1
literature,pharmacology,1
literature,published,1
literature,reduced,1
literature,obtained,1
literature,systems,1
literature,network,1
literature,networks,1
literature,rna,1
literature,proposes,1
literature,models,1
literature,result,1
literature,pharmacological,1
literature,problem,1
literature,node,1
literature,performance,1
literature,real-world,1
literature,propose,1
literature,tasks,1
literature,utilized,1
literature,process,1
literature,time-consuming,1
literature,work,1
literature,nodes,1
literature,similar,1
literature,study,1
literature,strategy,1
literature,presents,1
literature,outperform,1
literature,samples,1
literature,research,1
literature,pressure,1
literature,numerous,1
literature,separation,1
literature,sets,1
literature,simultaneously,1
literature,photocatalyst,1
literature,years,1
literature,theory,1
literature,relation,1
literature,relations,1
literature,typically,1
literature,understanding,1
literature,model,1
literature,lstm,1
literature,technologies,1
literature,patients,1
literature,patient,1
literature,similarity,1
literature,rnas,1
literature,recently,1
literature,molecules,1
literature,molecule,1
literature,ntu,1
literature,unsupervised,1
literature,nlp,1
literature,words,1
literature,system,1
literature,water,1
literature,skeleton,1
literature,results,1
literature,skeleton-based,1
literature,proposed,1
literature,meaningful,1
literature,revealed,1
literature,methodology,1
literature,spatial,1
literature,pubmed,1
literature,role,1
literature,optimization,1
literature,relationships,1
literature,representation,1
literature,represent,1
literature,topic,1
literature,local,1
literature,training,1
literature,supervised,1
literature,works,1
literature,showed,1
literature,optimal,1
literature,technique,1
literature,prediction,1
literature,time,1
literature,neighbor,1
literature,representations,1
literature,neural,1
literature,predict,1
literature,set,1
literature,target,1
literature,studies,1
literature,recognition,1
literature,multiple,1
literature,sparsity,1
literature,recent,1
literature,significant,1
literature,temporal,1
literature,predicting,1
literature,number,1
literature,validate,1
literature,spatial-temporal,1
literature,single,1
literature,task,1
literature,step,1
literature,machine,1
literature,synthetic,1
literature,real,1
literature,parameters,1
literature,rgb,1
literature,show,1
literature,processing,1
literature,previous,1
literature,success,1
literature,reactions,1
literature,memory,1
literature,unit,1
literature,utilization,1
literature,structures,1
literature,video,1
literature,traditional,1
literature,motion,1
literature,types,1
literature,point,1
literature,reported,1
rarely,wide,1
rarely,specifically,1
rarely,structure,1
rarely,result,1
rarely,recombination,1
rarely,tasks,1
rarely,work,1
rarely,study,1
rarely,strategy,1
rarely,research,1
rarely,simultaneously,1
rarely,resulting,1
rarely,years,1
rarely,relation,1
rarely,relations,1
rarely,softmax,1
rarely,similarity,1
rarely,recently,1
rarely,unsupervised,1
rarely,transformer,1
rarely,skeleton,1
rarely,results,1
rarely,skeleton-based,1
rarely,revealed,1
rarely,role,1
rarely,relationships,1
rarely,representation,1
rarely,training,1
rarely,supervised,1
rarely,works,1
rarely,showed,1
rarely,technique,1
rarely,time,1
rarely,representations,1
rarely,user,1
rarely,set,1
rarely,tumor,1
rarely,studies,1
rarely,recognition,1
rarely,recent,1
rarely,static,1
rarely,surface,1
rarely,significant,1
rarely,temporal,1
rarely,validate,1
rarely,spatial-temporal,1
rarely,single,1
rarely,task,1
rarely,real,1
rarely,rgb,1
rarely,show,1
rarely,structural,1
rarely,unit,1
rarely,utilization,1
rarely,video,1
rarely,traditional,1
rarely,tree,1
rarely,reported,1
rarely,remarkable,1
concentrated,paper,1
concentrated,named,1
concentrated,method,1
concentrated,methods,1
concentrated,structure,1
concentrated,input,1
concentrated,graph,1
concentrated,connecting,1
concentrated,nitride,1
concentrated,literature,1
concentrated,rarely,1
concentrated,generally,1
concentrated,network,1
concentrated,networks,1
concentrated,extracting,1
concentrated,efficient,1
concentrated,node,1
concentrated,performance,1
concentrated,recombination,1
concentrated,process,1
concentrated,work,1
concentrated,graphitic,1
concentrated,gcn,1
concentrated,nodes,1
concentrated,study,1
concentrated,research,1
concentrated,numerous,1
concentrated,separation,1
concentrated,resulting,1
concentrated,photocatalyst,1
concentrated,features,1
concentrated,rely,1
concentrated,model,1
concentrated,improve,1
concentrated,datasets,1
concentrated,effectively,1
concentrated,skeleton,1
concentrated,framework,1
concentrated,results,1
concentrated,learning,1
concentrated,proposed,1
concentrated,electron,1
concentrated,information,1
concentrated,evaluation,1
concentrated,role,1
concentrated,local,1
concentrated,deep,1
concentrated,generate,1
concentrated,showed,1
concentrated,human,1
concentrated,time,1
concentrated,neural,1
concentrated,fully,1
concentrated,studies,1
concentrated,recognition,1
concentrated,multiple,1
concentrated,significant,1
concentrated,knowledge,1
concentrated,gat,1
concentrated,single,1
concentrated,interaction,1
concentrated,layers,1
concentrated,show,1
concentrated,conditions,1
concentrated,previous,1
concentrated,effective,1
concentrated,photocatalytic,1
concentrated,structural,1
concentrated,important,1
concentrated,field,1
concentrated,video,1
concentrated,traditional,1
concentrated,stability,1
concentrated,designed,1
concentrated,pollutants,1
extract,paper,1
extract,named,1
extract,method,1
extract,methods,1
extract,inferred,1
extract,wide,1
extract,specifically,1
extract,structure,1
extract,input,1
extract,ignore,1
extract,graph,1
extract,metal,1
extract,present,1
extract,literature,1
extract,rarely,1
extract,pharmacology,1
extract,published,1
extract,generally,1
extract,increasing,1
extract,reduced,1
extract,gap,1
extract,independently,1
extract,obtained,1
extract,generated,1
extract,systems,1
extract,network,1
extract,networks,1
extract,noise,1
extract,extracting,1
extract,rna,1
extract,tcga,1
extract,proposes,1
extract,models,1
extract,result,1
extract,pharmacological,1
extract,three-dimensional,1
extract,problem,1
extract,node,1
extract,performance,1
extract,limited,1
extract,fast,1
extract,real-world,1
extract,thousands,1
extract,hours,1
extract,owing,1
extract,propose,1
extract,roads,1
extract,tasks,1
extract,utilized,1
extract,process,1
extract,proteins,1
extract,time-consuming,1
extract,liquid,1
extract,work,1
extract,gcn,1
extract,nodes,1
extract,mixed,1
extract,similar,1
extract,smoothing,1
extract,perform,1
extract,study,1
extract,strategy,1
extract,presents,1
extract,outperform,1
extract,u-shaped,1
extract,samples,1
extract,research,1
extract,pressure,1
extract,graphs,1
extract,requirement,1
extract,numerous,1
extract,separation,1
extract,sets,1
extract,simultaneously,1
extract,resulting,1
extract,investigations,1
extract,sciences,1
extract,transformers,1
extract,harmful,1
extract,videos,1
extract,features,1
extract,years,1
extract,language,1
extract,theory,1
extract,leading,1
extract,rely,1
extract,heavily,1
extract,gps,1
extract,obu,1
extract,material,1
extract,gcns,1
extract,relation,1
extract,relations,1
extract,typically,1
extract,firstly,1
extract,understanding,1
extract,mscoco,1
extract,heterogeneous,1
extract,model,1
extract,sites,1
extract,points,1
extract,improve,1
extract,lstm,1
extract,smiles,1
extract,technologies,1
extract,svm,1
extract,softmax,1
extract,formed,1
extract,patients,1
extract,patient,1
extract,similarity,1
extract,rnas,1
extract,fourier,1
extract,initiative,1
extract,recently,1
extract,molecules,1
extract,molecule,1
extract,ntu,1
extract,unsupervised,1
extract,matthews,1
extract,nlp,1
extract,words,1
extract,transformer,1
extract,system,1
extract,wiki,1
extract,surge,1
extract,kinetics,1
extract,skeleton,1
extract,framework,1
extract,vehicle,1
extract,guided,1
extract,layer,1
extract,results,1
extract,learning,1
extract,subgraph,1
extract,pose,1
extract,skeleton-based,1
extract,graph-based,1
extract,informative,1
extract,proposed,1
extract,meaningful,1
extract,revealed,1
extract,probability,1
extract,methodology,1
extract,spatial,1
extract,information,1
extract,role,1
extract,optimization,1
extract,relationships,1
extract,representation,1
extract,represent,1
extract,generative,1
extract,laplacian,1
extract,topic,1
extract,updated,1
extract,global,1
extract,local,1
extract,training,1
extract,u-net,1
extract,supervised,1
extract,works,1
extract,generate,1
extract,showed,1
extract,optimal,1
extract,pooling,1
extract,key,1
extract,human,1
extract,technique,1
extract,prediction,1
extract,factors,1
extract,propagation,1
extract,time,1
extract,learn,1
extract,neighbor,1
extract,optical,1
extract,focus,1
extract,modalities,1
extract,high,1
extract,module,1
extract,representations,1
extract,introduce,1
extract,neural,1
extract,user,1
extract,management,1
extract,predict,1
extract,feature,1
extract,set,1
extract,fully,1
extract,tumor,1
extract,target,1
extract,studies,1
extract,recognition,1
extract,identify,1
extract,multiple,1
extract,trend,1
extract,sparsity,1
extract,faces,1
extract,recent,1
extract,static,1
extract,gene,1
extract,surface,1
extract,significant,1
extract,immune,1
extract,knowledge,1
extract,temporal,1
extract,identification,1
extract,predicting,1
extract,number,1
extract,validate,1
extract,gat,1
extract,spatial-temporal,1
extract,single,1
extract,interaction,1
extract,layers,1
extract,task,1
extract,step,1
extract,machine,1
extract,traffic,1
extract,synthetic,1
extract,real,1
extract,visual,1
extract,remote,1
extract,splitting,1
extract,parameters,1
extract,rgb,1
extract,improved,1
extract,show,1
extract,large,1
extract,processing,1
extract,previous,1
extract,pairs,1
extract,include,1
extract,learns,1
extract,structural,1
extract,success,1
extract,variation,1
extract,identifying,1
extract,important,1
extract,memory,1
extract,unit,1
extract,gated,1
extract,patterns,1
extract,field,1
extract,great,1
extract,light,1
extract,functions,1
extract,targets,1
extract,multi-scale,1
extract,utilization,1
extract,structures,1
extract,neighbors,1
extract,part,1
extract,progress,1
extract,video,1
extract,focuses,1
extract,traditional,1
extract,stability,1
extract,sample,1
extract,pollutants,1
extract,tree,1
extract,motion,1
extract,types,1
extract,protein,1
extract,point,1
extract,reported,1
extract,remarkable,1
pharmacology,present,1
pharmacology,result,1
pharmacology,time-consuming,1
pharmacology,work,1
pharmacology,research,1
pharmacology,topic,1
pharmacology,predicting,1
pharmacology,task,1
published,wide,1
published,specifically,1
published,structure,1
published,rarely,1
published,reduced,1
published,systems,1
published,rna,1
published,result,1
published,recombination,1
published,real-world,1
published,tasks,1
published,utilized,1
published,time-consuming,1
published,work,1
published,similar,1
published,study,1
published,strategy,1
published,string,1
published,samples,1
published,research,1
published,separation,1
published,sets,1
published,simultaneously,1
published,resulting,1
published,sciences,1
published,transformers,1
published,videos,1
published,years,1
published,theory,1
published,rely,1
published,relation,1
published,relations,1
published,understanding,1
published,sites,1
published,technologies,1
published,softmax,1
published,similarity,1
published,recently,1
published,words,1
published,transformer,1
published,system,1
published,water,1
published,surge,1
published,skeleton,1
published,vehicle,1
published,results,1
published,subgraph,1
published,xps,1
published,revealed,1
published,spatial,1
published,pubmed,1
published,role,1
published,relationships,1
published,representation,1
published,represent,1
published,topic,1
published,training,1
published,supervised,1
published,works,1
published,showed,1
published,technique,1
published,time,1
published,representations,1
published,user,1
published,set,1
published,tumor,1
published,target,1
published,studies,1
published,recognition,1
published,ternary,1
published,recent,1
published,surface,1
published,significant,1
published,temporal,1
published,validate,1
published,spatial-temporal,1
published,single,1
published,task,1
published,step,1
published,traffic,1
published,synthetic,1
published,real,1
published,visual,1
published,rgb,1
published,show,1
published,structural,1
published,success,1
published,variation,1
published,reactions,1
published,unit,1
published,utilization,1
published,structures,1
published,video,1
published,traditional,1
published,stability,1
published,sample,1
published,tree,1
published,types,1
published,reported,1
published,remarkable,1
curated,method,1
curated,methods,1
curated,structure,1
curated,input,1
curated,graph,1
curated,present,1
curated,published,1
curated,developed,1
curated,generated,1
curated,systems,1
curated,network,1
curated,networks,1
curated,tcga,1
curated,models,1
curated,result,1
curated,fast,1
curated,propose,1
curated,utilized,1
curated,process,1
curated,proteins,1
curated,experimental,1
curated,elsevier,1
curated,gcn,1
curated,study,1
curated,string,1
curated,descriptor,1
curated,research,1
curated,sets,1
curated,features,1
curated,years,1
curated,language,1
curated,leading,1
curated,understanding,1
curated,heterogeneous,1
curated,model,1
curated,improve,1
curated,recently,1
curated,nlp,1
curated,system,1
curated,datasets,1
curated,data,1
curated,results,1
curated,learning,1
curated,graph-based,1
curated,proposed,1
curated,information,1
curated,role,1
curated,represent,1
curated,topic,1
curated,deep,1
curated,dataset,1
curated,human,1
curated,prediction,1
curated,factors,1
curated,propagation,1
curated,daily,1
curated,learn,1
curated,high,1
curated,representations,1
curated,neural,1
curated,expression,1
curated,user,1
curated,predict,1
curated,feature,1
curated,set,1
curated,multiple,1
curated,recent,1
curated,gene,1
curated,knowledge,1
curated,task,1
curated,improved,1
curated,large,1
curated,processing,1
curated,employed,1
curated,include,1
curated,effective,1
curated,identifying,1
curated,important,1
curated,reactions,1
curated,patterns,1
curated,field,1
curated,functions,1
curated,types,1
curated,protein,1
generally,paper,1
generally,named,1
generally,method,1
generally,methods,1
generally,inferred,1
generally,specifically,1
generally,structure,1
generally,input,1
generally,graph,1
generally,nitride,1
generally,present,1
generally,reduced,1
generally,obtained,1
generally,systems,1
generally,network,1
generally,standards,1
generally,networks,1
generally,noise,1
generally,proposes,1
generally,models,1
generally,result,1
generally,problem,1
generally,node,1
generally,performance,1
generally,limited,1
generally,recombination,1
generally,real-world,1
generally,hours,1
generally,propose,1
generally,tasks,1
generally,process,1
generally,proteins,1
generally,time-consuming,1
generally,work,1
generally,graphitic,1
generally,granger,1
generally,nodes,1
generally,similar,1
generally,smoothing,1
generally,study,1
generally,strategy,1
generally,viable,1
generally,samples,1
generally,research,1
generally,graphs,1
generally,requirement,1
generally,numerous,1
generally,sets,1
generally,simultaneously,1
generally,markers,1
generally,resulting,1
generally,investigations,1
generally,plant,1
generally,videos,1
generally,years,1
generally,theory,1
generally,rely,1
generally,material,1
generally,relation,1
generally,relations,1
generally,understanding,1
generally,heterogeneous,1
generally,model,1
generally,points,1
generally,improve,1
generally,lstm,1
generally,technologies,1
generally,svm,1
generally,patients,1
generally,patient,1
generally,similarity,1
generally,recently,1
generally,molecules,1
generally,unsupervised,1
generally,words,1
generally,transformer,1
generally,system,1
generally,water,1
generally,surge,1
generally,skeleton,1
generally,guided,1
generally,layer,1
generally,results,1
generally,learning,1
generally,skeleton-based,1
generally,graph-based,1
generally,informative,1
generally,proposed,1
generally,meaningful,1
generally,revealed,1
generally,spatial,1
generally,information,1
generally,role,1
generally,optimization,1
generally,relationships,1
generally,representation,1
generally,represent,1
generally,unifying,1
generally,laplacian,1
generally,topic,1
generally,global,1
generally,local,1
generally,training,1
generally,works,1
generally,generate,1
generally,optimal,1
generally,pooling,1
generally,key,1
generally,human,1
generally,technique,1
generally,prediction,1
generally,propagation,1
generally,time,1
generally,learn,1
generally,neighbor,1
generally,modalities,1
generally,high,1
generally,module,1
generally,representations,1
generally,introduce,1
generally,neural,1
generally,user,1
generally,management,1
generally,predict,1
generally,set,1
generally,target,1
generally,studies,1
generally,recognition,1
generally,identify,1
generally,multiple,1
generally,trend,1
generally,sparsity,1
generally,recent,1
generally,static,1
generally,surface,1
generally,significant,1
generally,knowledge,1
generally,temporal,1
generally,identification,1
generally,number,1
generally,validate,1
generally,single,1
generally,interaction,1
generally,layers,1
generally,task,1
generally,machine,1
generally,traffic,1
generally,synthetic,1
generally,real,1
generally,visual,1
generally,parameters,1
generally,improved,1
generally,show,1
generally,large,1
generally,processing,1
generally,previous,1
generally,include,1
generally,learns,1
generally,structural,1
generally,success,1
generally,variation,1
generally,important,1
generally,reactions,1
generally,memory,1
generally,unit,1
generally,patterns,1
generally,great,1
generally,utilization,1
generally,structures,1
generally,neighbors,1
generally,part,1
generally,traditional,1
generally,sample,1
generally,tree,1
generally,types,1
generally,protein,1
common,drug-drug,1
common,paper,1
common,named,1
common,method,1
common,methods,1
common,intuitively,1
common,specifically,1
common,demonstrates,1
common,dual,1
common,structure,1
common,input,1
common,existing,1
common,ignore,1
common,graph,1
common,considered,1
common,nitride,1
common,present,1
common,rarely,1
common,extract,1
common,published,1
common,increasing,1
common,reduced,1
common,gap,1
common,developed,1
common,independently,1
common,explicitly,1
common,obtained,1
common,generated,1
common,systems,1
common,network,1
common,networks,1
common,noise,1
common,extracting,1
common,rna,1
common,tcga,1
common,proposes,1
common,critical,1
common,models,1
common,result,1
common,pharmacological,1
common,efficient,1
common,problem,1
common,node,1
common,performance,1
common,limited,1
common,recombination,1
common,real-world,1
common,owing,1
common,propose,1
common,roads,1
common,tasks,1
common,utilized,1
common,process,1
common,time-consuming,1
common,experimental,1
common,elsevier,1
common,liquid,1
common,work,1
common,graphitic,1
common,gcn,1
common,nodes,1
common,excellent,1
common,similar,1
common,perform,1
common,study,1
common,strategy,1
common,presents,1
common,outperform,1
common,string,1
common,explore,1
common,samples,1
common,research,1
common,graphs,1
common,requirement,1
common,numerous,1
common,sets,1
common,simultaneously,1
common,resulting,1
common,investigations,1
common,transformers,1
common,videos,1
common,features,1
common,years,1
common,language,1
common,leading,1
common,rely,1
common,gcns,1
common,relation,1
common,relations,1
common,typically,1
common,firstly,1
common,understanding,1
common,convolutional,1
common,mscoco,1
common,heterogeneous,1
common,model,1
common,due,1
common,sites,1
common,efficiency,1
common,improve,1
common,lstm,1
common,technologies,1
common,svm,1
common,patients,1
common,patient,1
common,similarity,1
common,initiative,1
common,decades,1
common,copy,1
common,recently,1
common,molecules,1
common,molecule,1
common,ntu,1
common,edges,1
common,unsupervised,1
common,nlp,1
common,words,1
common,transformer,1
common,system,1
common,water,1
common,datasets,1
common,data,1
common,effectively,1
common,data-driven,1
common,kinetics,1
common,skeleton,1
common,framework,1
common,vehicle,1
common,end,1
common,layer,1
common,results,1
common,learning,1
common,subgraph,1
common,pose,1
common,skeleton-based,1
common,skeletongait,1
common,graph-based,1
common,informative,1
common,dependencies,1
common,proposed,1
common,conduct,1
common,meaningful,1
common,revealed,1
common,probability,1
common,methodology,1
common,spatial,1
common,pubmed,1
common,sentiments,1
common,electron,1
common,information,1
common,evaluation,1
common,role,1
common,optimization,1
common,relationships,1
common,representation,1
common,represent,1
common,generative,1
common,embeddings,1
common,topic,1
common,global,1
common,local,1
common,deep,1
common,training,1
common,correlations,1
common,supervised,1
common,error,1
common,works,1
common,generate,1
common,showed,1
common,optimal,1
common,dataset,1
common,key,1
common,human,1
common,technique,1
common,prediction,1
common,factors,1
common,propagation,1
common,time,1
common,daily,1
common,learn,1
common,neighbor,1
common,optical,1
common,focus,1
common,modalities,1
common,high,1
common,module,1
common,representations,1
common,introduce,1
common,neural,1
common,expression,1
common,user,1
common,management,1
common,predict,1
common,feature,1
common,set,1
common,fully,1
common,complex,1
common,tumor,1
common,target,1
common,studies,1
common,recognition,1
common,identify,1
common,convolution,1
common,multiple,1
common,trend,1
common,sparsity,1
common,recent,1
common,static,1
common,gene,1
common,surface,1
common,significant,1
common,immune,1
common,knowledge,1
common,temporal,1
common,identification,1
common,predicting,1
common,number,1
common,validate,1
common,gat,1
common,spatial-temporal,1
common,single,1
common,interaction,1
common,layers,1
common,task,1
common,step,1
common,machine,1
common,traffic,1
common,real,1
common,visual,1
common,remote,1
common,parameters,1
common,rgb,1
common,improved,1
common,show,1
common,large,1
common,processing,1
common,conditions,1
common,previous,1
common,pairs,1
common,employed,1
common,include,1
common,learns,1
common,embedding,1
common,effective,1
common,structural,1
common,success,1
common,variation,1
common,identifying,1
common,important,1
common,reactions,1
common,memory,1
common,unit,1
common,gated,1
common,patterns,1
common,field,1
common,correction,1
common,constructing,1
common,comprehensive,1
common,great,1
common,functions,1
common,targets,1
common,multi-scale,1
common,utilization,1
common,structures,1
common,part,1
common,progress,1
common,video,1
common,focuses,1
common,traditional,1
common,sample,1
common,designed,1
common,motion,1
common,types,1
common,protein,1
common,reported,1
common,remarkable,1
meiosis,rna,1
meiosis,proteins,1
meiosis,n-acetyltransferase,1
meiosis,trypanosoma,1
meiosis,unconventional,1
meiosis,number,1
meiosis,show,1
meiosis,processing,1
meiosis,protein,1
increasing,paper,1
increasing,named,1
increasing,method,1
increasing,methods,1
increasing,wide,1
increasing,specifically,1
increasing,structure,1
increasing,input,1
increasing,nitride,1
increasing,present,1
increasing,literature,1
increasing,published,1
increasing,reduced,1
increasing,independently,1
increasing,obtained,1
increasing,systems,1
increasing,network,1
increasing,networks,1
increasing,noise,1
increasing,proposes,1
increasing,models,1
increasing,result,1
increasing,problem,1
increasing,node,1
increasing,performance,1
increasing,limited,1
increasing,real-world,1
increasing,owing,1
increasing,propose,1
increasing,tasks,1
increasing,utilized,1
increasing,process,1
increasing,seoul,1
increasing,proteins,1
increasing,time-consuming,1
increasing,work,1
increasing,nodes,1
increasing,similar,1
increasing,perform,1
increasing,study,1
increasing,strategy,1
increasing,presents,1
increasing,outperform,1
increasing,samples,1
increasing,research,1
increasing,requirement,1
increasing,numerous,1
increasing,separation,1
increasing,sets,1
increasing,simultaneously,1
increasing,markers,1
increasing,resulting,1
increasing,photocatalyst,1
increasing,years,1
increasing,language,1
increasing,theory,1
increasing,leading,1
increasing,rely,1
increasing,relation,1
increasing,relations,1
increasing,typically,1
increasing,understanding,1
increasing,kitti,1
increasing,model,1
increasing,sites,1
increasing,points,1
increasing,lstm,1
increasing,smiles,1
increasing,technologies,1
increasing,patients,1
increasing,similarity,1
increasing,rnas,1
increasing,initiative,1
increasing,pca,1
increasing,recently,1
increasing,unsupervised,1
increasing,secure,1
increasing,words,1
increasing,transformer,1
increasing,system,1
increasing,water,1
increasing,surge,1
increasing,skeleton,1
increasing,vehicle,1
increasing,layer,1
increasing,results,1
increasing,learning,1
increasing,xps,1
increasing,skeleton-based,1
increasing,informative,1
increasing,proposed,1
increasing,probability,1
increasing,methodology,1
increasing,spatial,1
increasing,pubmed,1
increasing,information,1
increasing,role,1
increasing,optimization,1
increasing,relationships,1
increasing,representation,1
increasing,represent,1
increasing,laplacian,1
increasing,topic,1
increasing,local,1
increasing,training,1
increasing,works,1
increasing,showed,1
increasing,optimal,1
increasing,key,1
increasing,technique,1
increasing,prediction,1
increasing,time,1
increasing,learn,1
increasing,optical,1
increasing,modalities,1
increasing,module,1
increasing,representations,1
increasing,introduce,1
increasing,neural,1
increasing,user,1
increasing,management,1
increasing,predict,1
increasing,set,1
increasing,tumor,1
increasing,target,1
increasing,studies,1
increasing,recognition,1
increasing,multiple,1
increasing,trend,1
increasing,recent,1
increasing,static,1
increasing,surface,1
increasing,significant,1
increasing,knowledge,1
increasing,temporal,1
increasing,predicting,1
increasing,number,1
increasing,validate,1
increasing,spatial-temporal,1
increasing,single,1
increasing,interaction,1
increasing,layers,1
increasing,task,1
increasing,step,1
increasing,machine,1
increasing,traffic,1
increasing,synthetic,1
increasing,real,1
increasing,visual,1
increasing,parameters,1
increasing,show,1
increasing,large,1
increasing,processing,1
increasing,previous,1
increasing,pairs,1
increasing,learns,1
increasing,photocatalytic,1
increasing,structural,1
increasing,success,1
increasing,memory,1
increasing,unit,1
increasing,patterns,1
increasing,light,1
increasing,multi-scale,1
increasing,utilization,1
increasing,structures,1
increasing,neighbors,1
increasing,part,1
increasing,video,1
increasing,traditional,1
increasing,stability,1
increasing,sample,1
increasing,pollutants,1
increasing,motion,1
increasing,types,1
increasing,protein,1
increasing,point,1
increasing,reported,1
increasing,remarkable,1
reduced,wide,1
reduced,specifically,1
reduced,structure,1
reduced,systems,1
reduced,standards,1
reduced,result,1
reduced,three-dimensional,1
reduced,roads,1
reduced,tasks,1
reduced,utilized,1
reduced,seoul,1
reduced,work,1
reduced,similar,1
reduced,smoothing,1
reduced,study,1
reduced,strategy,1
reduced,samples,1
reduced,research,1
reduced,requirement,1
reduced,separation,1
reduced,sets,1
reduced,simultaneously,1
reduced,resulting,1
reduced,years,1
reduced,theory,1
reduced,relations,1
reduced,understanding,1
reduced,sites,1
reduced,technologies,1
reduced,rnas,1
reduced,unsupervised,1
reduced,words,1
reduced,system,1
reduced,water,1
reduced,wiki,1
reduced,skeleton,1
reduced,vehicle,1
reduced,results,1
reduced,xps,1
reduced,skeleton-based,1
reduced,revealed,1
reduced,spatial,1
reduced,role,1
reduced,relationships,1
reduced,representation,1
reduced,topic,1
reduced,training,1
reduced,works,1
reduced,showed,1
reduced,technique,1
reduced,time,1
reduced,representations,1
reduced,set,1
reduced,tumor,1
reduced,target,1
reduced,studies,1
reduced,ternary,1
reduced,trend,1
reduced,surface,1
reduced,significant,1
reduced,temporal,1
reduced,validate,1
reduced,spatial-temporal,1
reduced,single,1
reduced,task,1
reduced,step,1
reduced,traffic,1
reduced,synthetic,1
reduced,visual,1
reduced,rgb,1
reduced,show,1
reduced,structural,1
reduced,success,1
reduced,variation,1
reduced,unit,1
reduced,targets,1
reduced,utilization,1
reduced,structures,1
reduced,video,1
reduced,traditional,1
reduced,stability,1
reduced,sample,1
reduced,tree,1
reduced,reported,1
gap,paper,1
gap,named,1
gap,method,1
gap,methods,1
gap,intuitively,1
gap,specifically,1
gap,structure,1
gap,input,1
gap,ignore,1
gap,graph,1
gap,metal,1
gap,nitride,1
gap,present,1
gap,published,1
gap,generally,1
gap,increasing,1
gap,reduced,1
gap,independently,1
gap,obtained,1
gap,generated,1
gap,systems,1
gap,network,1
gap,networks,1
gap,noise,1
gap,proposes,1
gap,membranes,1
gap,models,1
gap,problem,1
gap,node,1
gap,performance,1
gap,limited,1
gap,recombination,1
gap,real-world,1
gap,propose,1
gap,utilized,1
gap,process,1
gap,seoul,1
gap,proteins,1
gap,time-consuming,1
gap,heterojunction,1
gap,work,1
gap,graphitic,1
gap,gcn,1
gap,nodes,1
gap,mixed,1
gap,similar,1
gap,smoothing,1
gap,perform,1
gap,study,1
gap,strategy,1
gap,samples,1
gap,research,1
gap,graphs,1
gap,numerous,1
gap,separation,1
gap,sets,1
gap,simultaneously,1
gap,holes,1
gap,photocatalyst,1
gap,investigations,1
gap,transformers,1
gap,harmful,1
gap,years,1
gap,language,1
gap,theory,1
gap,leading,1
gap,rely,1
gap,material,1
gap,gcns,1
gap,relations,1
gap,typically,1
gap,understanding,1
gap,imdb,1
gap,mscoco,1
gap,heterogeneous,1
gap,model,1
gap,sites,1
gap,improve,1
gap,lstm,1
gap,patient,1
gap,recently,1
gap,molecules,1
gap,ntu,1
gap,unsupervised,1
gap,words,1
gap,transformer,1
gap,system,1
gap,water,1
gap,surge,1
gap,kinetics,1
gap,skeleton,1
gap,vehicle,1
gap,guided,1
gap,layer,1
gap,results,1
gap,learning,1
gap,xps,1
gap,pose,1
gap,skeleton-based,1
gap,graph-based,1
gap,informative,1
gap,proposed,1
gap,meaningful,1
gap,revealed,1
gap,probability,1
gap,spatial,1
gap,information,1
gap,role,1
gap,relationships,1
gap,representation,1
gap,represent,1
gap,generative,1
gap,unifying,1
gap,laplacian,1
gap,topic,1
gap,global,1
gap,training,1
gap,supervised,1
gap,works,1
gap,generate,1
gap,showed,1
gap,optimal,1
gap,key,1
gap,human,1
gap,prediction,1
gap,propagation,1
gap,time,1
gap,learn,1
gap,optical,1
gap,modalities,1
gap,high,1
gap,module,1
gap,representations,1
gap,introduce,1
gap,neural,1
gap,user,1
gap,management,1
gap,predict,1
gap,set,1
gap,tumor,1
gap,target,1
gap,studies,1
gap,recognition,1
gap,identify,1
gap,multiple,1
gap,recent,1
gap,surface,1
gap,significant,1
gap,knowledge,1
gap,temporal,1
gap,identification,1
gap,predicting,1
gap,validate,1
gap,gat,1
gap,spatial-temporal,1
gap,single,1
gap,interaction,1
gap,task,1
gap,step,1
gap,machine,1
gap,traffic,1
gap,real,1
gap,visual,1
gap,remote,1
gap,splitting,1
gap,parameters,1
gap,rgb,1
gap,improved,1
gap,show,1
gap,large,1
gap,processing,1
gap,previous,1
gap,pairs,1
gap,photocatalytic,1
gap,structural,1
gap,success,1
gap,variation,1
gap,identifying,1
gap,important,1
gap,reactions,1
gap,memory,1
gap,gated,1
gap,patterns,1
gap,great,1
gap,light,1
gap,targets,1
gap,multi-scale,1
gap,utilization,1
gap,structures,1
gap,part,1
gap,progress,1
gap,video,1
gap,traditional,1
gap,stability,1
gap,pollutants,1
gap,types,1
gap,point,1
gap,reported,1
gap,remarkable,1
developed,drug-drug,1
developed,paper,1
developed,named,1
developed,method,1
developed,methods,1
developed,inferred,1
developed,wide,1
developed,specifically,1
developed,dual,1
developed,structure,1
developed,input,1
developed,existing,1
developed,ignore,1
developed,graph,1
developed,metal,1
developed,nitride,1
developed,present,1
developed,literature,1
developed,rarely,1
developed,extract,1
developed,published,1
developed,generally,1
developed,increasing,1
developed,reduced,1
developed,gap,1
developed,hyperlinks,1
developed,independently,1
developed,explicitly,1
developed,obtained,1
developed,generated,1
developed,systems,1
developed,network,1
developed,networks,1
developed,noise,1
developed,extracting,1
developed,rna,1
developed,tcga,1
developed,proposes,1
developed,membranes,1
developed,models,1
developed,result,1
developed,pharmacological,1
developed,efficient,1
developed,three-dimensional,1
developed,problem,1
developed,node,1
developed,performance,1
developed,limited,1
developed,fast,1
developed,recombination,1
developed,real-world,1
developed,thousands,1
developed,owing,1
developed,propose,1
developed,roads,1
developed,tasks,1
developed,utilized,1
developed,process,1
developed,proteins,1
developed,encoded,1
developed,time-consuming,1
developed,experimental,1
developed,elsevier,1
developed,heterojunction,1
developed,liquid,1
developed,work,1
developed,graphitic,1
developed,gcn,1
developed,nodes,1
developed,established,1
developed,mixed,1
developed,excellent,1
developed,similar,1
developed,perform,1
developed,study,1
developed,strategy,1
developed,presents,1
developed,viable,1
developed,outperform,1
developed,string,1
developed,explore,1
developed,samples,1
developed,research,1
developed,graphs,1
developed,requirement,1
developed,numerous,1
developed,separation,1
developed,sets,1
developed,simultaneously,1
developed,resulting,1
developed,photocatalyst,1
developed,investigations,1
developed,sciences,1
developed,transformers,1
developed,harmful,1
developed,videos,1
developed,features,1
developed,years,1
developed,language,1
developed,theory,1
developed,leading,1
developed,rely,1
developed,heavily,1
developed,hemisphere,1
developed,material,1
developed,gcns,1
developed,relation,1
developed,relations,1
developed,typically,1
developed,firstly,1
developed,understanding,1
developed,imdb,1
developed,heterogeneous,1
developed,model,1
developed,due,1
developed,sites,1
developed,points,1
developed,efficiency,1
developed,improve,1
developed,lstm,1
developed,technologies,1
developed,svm,1
developed,softmax,1
developed,patients,1
developed,patient,1
developed,similarity,1
developed,rnas,1
developed,fourier,1
developed,initiative,1
developed,recently,1
developed,molecules,1
developed,molecule,1
developed,edges,1
developed,unsupervised,1
developed,secure,1
developed,nlp,1
developed,transformer,1
developed,system,1
developed,water,1
developed,effectively,1
developed,dft,1
developed,skeleton,1
developed,framework,1
developed,vehicle,1
developed,layer,1
developed,results,1
developed,learning,1
developed,subgraph,1
developed,ftir,1
developed,xps,1
developed,pose,1
developed,graph-based,1
developed,informative,1
developed,proposed,1
developed,meaningful,1
developed,revealed,1
developed,probability,1
developed,methodology,1
developed,spatial,1
developed,electron,1
developed,information,1
developed,evaluation,1
developed,role,1
developed,optimization,1
developed,relationships,1
developed,representation,1
developed,represent,1
developed,fenton,1
developed,generative,1
developed,embeddings,1
developed,topic,1
developed,global,1
developed,local,1
developed,training,1
developed,supervised,1
developed,error,1
developed,works,1
developed,generate,1
developed,showed,1
developed,optimal,1
developed,pooling,1
developed,key,1
developed,human,1
developed,technique,1
developed,prediction,1
developed,factors,1
developed,propagation,1
developed,time,1
developed,learn,1
developed,neighbor,1
developed,evolution,1
developed,optical,1
developed,focus,1
developed,modalities,1
developed,high,1
developed,module,1
developed,representations,1
developed,introduce,1
developed,neural,1
developed,expression,1
developed,user,1
developed,management,1
developed,predict,1
developed,feature,1
developed,set,1
developed,fully,1
developed,tumor,1
developed,target,1
developed,studies,1
developed,recognition,1
developed,identify,1
developed,multiple,1
developed,ternary,1
developed,trend,1
developed,sparsity,1
developed,faces,1
developed,recent,1
developed,static,1
developed,gene,1
developed,surface,1
developed,significant,1
developed,immune,1
developed,knowledge,1
developed,temporal,1
developed,identification,1
developed,predicting,1
developed,number,1
developed,validate,1
developed,gat,1
developed,spatial-temporal,1
developed,single,1
developed,interaction,1
developed,layers,1
developed,task,1
developed,energy,1
developed,step,1
developed,machine,1
developed,traffic,1
developed,synthetic,1
developed,real,1
developed,visual,1
developed,remote,1
developed,splitting,1
developed,parameters,1
developed,rgb,1
developed,improved,1
developed,show,1
developed,large,1
developed,processing,1
developed,previous,1
developed,pairs,1
developed,employed,1
developed,include,1
developed,learns,1
developed,embedding,1
developed,effective,1
developed,photocatalytic,1
developed,structural,1
developed,success,1
developed,variation,1
developed,identifying,1
developed,important,1
developed,reactions,1
developed,memory,1
developed,unit,1
developed,gated,1
developed,patterns,1
developed,field,1
developed,great,1
developed,light,1
developed,functions,1
developed,targets,1
developed,multi-scale,1
developed,utilization,1
developed,structures,1
developed,neighbors,1
developed,part,1
developed,progress,1
developed,video,1
developed,focuses,1
developed,traditional,1
developed,stability,1
developed,sample,1
developed,pollutants,1
developed,diffusion,1
developed,tree,1
developed,motion,1
developed,types,1
developed,protein,1
developed,point,1
developed,reported,1
developed,remarkable,1
roofs,structure,1
roofs,transformers,1
roofs,skeleton,1
roofs,user,1
cancers,paper,1
cancers,named,1
cancers,method,1
cancers,methods,1
cancers,structure,1
cancers,existing,1
cancers,graph,1
cancers,connecting,1
cancers,present,1
cancers,literature,1
cancers,common,1
cancers,developed,1
cancers,obtained,1
cancers,network,1
cancers,networks,1
cancers,tcga,1
cancers,critical,1
cancers,models,1
cancers,result,1
cancers,classification,1
cancers,performance,1
cancers,tasks,1
cancers,process,1
cancers,proteins,1
cancers,work,1
cancers,gcn,1
cancers,nodes,1
cancers,established,1
cancers,similar,1
cancers,study,1
cancers,presents,1
cancers,outperform,1
cancers,samples,1
cancers,research,1
cancers,features,1
cancers,gcns,1
cancers,relations,1
cancers,convolutional,1
cancers,model,1
cancers,due,1
cancers,improve,1
cancers,patients,1
cancers,similarity,1
cancers,copy,1
cancers,edges,1
cancers,matthews,1
cancers,system,1
cancers,datasets,1
cancers,data,1
cancers,effectively,1
cancers,framework,1
cancers,results,1
cancers,learning,1
cancers,pose,1
cancers,informative,1
cancers,proposed,1
cancers,conduct,1
cancers,meaningful,1
cancers,revealed,1
cancers,information,1
cancers,evaluation,1
cancers,role,1
cancers,mcc,1
cancers,represent,1
cancers,local,1
cancers,deep,1
cancers,training,1
cancers,correlations,1
cancers,generate,1
cancers,optimal,1
cancers,human,1
cancers,prediction,1
cancers,time,1
cancers,modalities,1
cancers,high,1
cancers,module,1
cancers,neural,1
cancers,expression,1
cancers,predict,1
cancers,feature,1
cancers,complex,1
cancers,target,1
cancers,studies,1
cancers,recognition,1
cancers,identify,1
cancers,challenges,1
cancers,multiple,1
cancers,trend,1
cancers,recent,1
cancers,gene,1
cancers,significant,1
cancers,immune,1
cancers,knowledge,1
cancers,number,1
cancers,single,1
cancers,interaction,1
cancers,task,1
cancers,challenging,1
cancers,cells,1
cancers,show,1
cancers,previous,1
cancers,pairs,1
cancers,effective,1
cancers,structural,1
cancers,important,1
cancers,patterns,1
cancers,comprehensive,1
cancers,functions,1
cancers,targets,1
cancers,utilization,1
cancers,structures,1
cancers,part,1
cancers,sample,1
cancers,types,1
cancers,protein,1
cancers,reported,1
hyperlinks,methods,1
hyperlinks,wide,1
hyperlinks,specifically,1
hyperlinks,systems,1
hyperlinks,network,1
hyperlinks,networks,1
hyperlinks,performance,1
hyperlinks,real-world,1
hyperlinks,propose,1
hyperlinks,work,1
hyperlinks,nodes,1
hyperlinks,perform,1
hyperlinks,study,1
hyperlinks,outperform,1
hyperlinks,simultaneously,1
hyperlinks,years,1
hyperlinks,model,1
hyperlinks,proposed,1
hyperlinks,spatial,1
hyperlinks,information,1
hyperlinks,training,1
hyperlinks,prediction,1
hyperlinks,neural,1
hyperlinks,predict,1
hyperlinks,recent,1
hyperlinks,knowledge,1
hyperlinks,temporal,1
hyperlinks,interaction,1
hyperlinks,task,1
hyperlinks,unit,1
hyperlinks,patterns,1
hyperlinks,neighbors,1
independently,paper,1
independently,named,1
independently,method,1
independently,methods,1
independently,intuitively,1
independently,wide,1
independently,specifically,1
independently,structure,1
independently,input,1
independently,present,1
independently,literature,1
independently,published,1
independently,obtained,1
independently,systems,1
independently,network,1
independently,networks,1
independently,noise,1
independently,rna,1
independently,proposes,1
independently,models,1
independently,result,1
independently,pharmacological,1
independently,problem,1
independently,node,1
independently,performance,1
independently,limited,1
independently,real-world,1
independently,propose,1
independently,roads,1
independently,tasks,1
independently,utilized,1
independently,process,1
independently,work,1
independently,nodes,1
independently,similar,1
independently,smoothing,1
independently,perform,1
independently,study,1
independently,strategy,1
independently,outperform,1
independently,samples,1
independently,research,1
independently,numerous,1
independently,sets,1
independently,simultaneously,1
independently,trypanosoma,1
independently,years,1
independently,language,1
independently,leading,1
independently,rely,1
independently,relation,1
independently,relations,1
independently,typically,1
independently,understanding,1
independently,model,1
independently,patients,1
independently,patient,1
independently,similarity,1
independently,initiative,1
independently,recently,1
independently,molecules,1
independently,nlp,1
independently,words,1
independently,system,1
independently,skeleton,1
independently,layer,1
independently,results,1
independently,learning,1
independently,informative,1
independently,proposed,1
independently,meaningful,1
independently,spatial,1
independently,information,1
independently,role,1
independently,optimization,1
independently,representation,1
independently,represent,1
independently,laplacian,1
independently,updated,1
independently,local,1
independently,training,1
independently,supervised,1
independently,works,1
independently,showed,1
independently,pooling,1
independently,key,1
independently,technique,1
independently,prediction,1
independently,propagation,1
independently,time,1
independently,learn,1
independently,modalities,1
independently,module,1
independently,representations,1
independently,introduce,1
independently,neural,1
independently,user,1
independently,predict,1
independently,set,1
independently,studies,1
independently,recognition,1
independently,multiple,1
independently,recent,1
independently,significant,1
independently,knowledge,1
independently,predicting,1
independently,number,1
independently,validate,1
independently,single,1
independently,interaction,1
independently,layers,1
independently,task,1
independently,step,1
independently,machine,1
independently,traffic,1
independently,real,1
independently,parameters,1
independently,show,1
independently,large,1
independently,processing,1
independently,previous,1
independently,learns,1
independently,structural,1
independently,memory,1
independently,unit,1
independently,patterns,1
independently,targets,1
independently,structures,1
independently,neighbors,1
independently,traditional,1
independently,types,1
independently,protein,1
differently,paper,1
differently,method,1
differently,methods,1
differently,specifically,1
differently,structure,1
differently,existing,1
differently,graph,1
differently,nitride,1
differently,present,1
differently,literature,1
differently,extract,1
differently,network,1
differently,networks,1
differently,models,1
differently,problem,1
differently,performance,1
differently,limited,1
differently,propose,1
differently,utilized,1
differently,experimental,1
differently,elsevier,1
differently,work,1
differently,graphitic,1
differently,gcn,1
differently,nodes,1
differently,perform,1
differently,study,1
differently,samples,1
differently,graphs,1
differently,transformers,1
differently,features,1
differently,material,1
differently,relation,1
differently,relations,1
differently,understanding,1
differently,model,1
differently,due,1
differently,fourier,1
differently,words,1
differently,effectively,1
differently,layer,1
differently,results,1
differently,ftir,1
differently,xps,1
differently,graph-based,1
differently,proposed,1
differently,methodology,1
differently,spatial,1
differently,electron,1
differently,information,1
differently,evaluation,1
differently,role,1
differently,representation,1
differently,training,1
differently,error,1
differently,pooling,1
differently,key,1
differently,prediction,1
differently,factors,1
differently,time,1
differently,learn,1
differently,optical,1
differently,focus,1
differently,high,1
differently,module,1
differently,representations,1
differently,introduce,1
differently,neural,1
differently,set,1
differently,target,1
differently,multiple,1
differently,sparsity,1
differently,surface,1
differently,knowledge,1
differently,temporal,1
differently,spatial-temporal,1
differently,interaction,1
differently,task,1
differently,energy,1
differently,parameters,1
differently,previous,1
differently,employed,1
differently,effective,1
differently,photocatalytic,1
differently,structural,1
differently,variation,1
differently,important,1
differently,field,1
differently,light,1
differently,video,1
differently,stability,1
differently,sample,1
differently,pollutants,1
explicitly,paper,1
explicitly,named,1
explicitly,method,1
explicitly,methods,1
explicitly,specifically,1
explicitly,structure,1
explicitly,input,1
explicitly,ignore,1
explicitly,graph,1
explicitly,present,1
explicitly,literature,1
explicitly,extract,1
explicitly,published,1
explicitly,generally,1
explicitly,gap,1
explicitly,independently,1
explicitly,generated,1
explicitly,systems,1
explicitly,network,1
explicitly,networks,1
explicitly,noise,1
explicitly,extracting,1
explicitly,proposes,1
explicitly,models,1
explicitly,result,1
explicitly,problem,1
explicitly,node,1
explicitly,performance,1
explicitly,limited,1
explicitly,real-world,1
explicitly,propose,1
explicitly,tasks,1
explicitly,utilized,1
explicitly,process,1
explicitly,work,1
explicitly,gcn,1
explicitly,nodes,1
explicitly,similar,1
explicitly,perform,1
explicitly,households,1
explicitly,study,1
explicitly,strategy,1
explicitly,viable,1
explicitly,outperform,1
explicitly,explore,1
explicitly,sgc,1
explicitly,samples,1
explicitly,research,1
explicitly,graphs,1
explicitly,numerous,1
explicitly,sets,1
explicitly,simultaneously,1
explicitly,resulting,1
explicitly,transformers,1
explicitly,features,1
explicitly,language,1
explicitly,theory,1
explicitly,leading,1
explicitly,gcns,1
explicitly,relation,1
explicitly,relations,1
explicitly,typically,1
explicitly,firstly,1
explicitly,understanding,1
explicitly,mscoco,1
explicitly,heterogeneous,1
explicitly,model,1
explicitly,improve,1
explicitly,lstm,1
explicitly,softmax,1
explicitly,similarity,1
explicitly,pca,1
explicitly,recently,1
explicitly,ntu,1
explicitly,matthews,1
explicitly,nlp,1
explicitly,words,1
explicitly,transformer,1
explicitly,system,1
explicitly,water,1
explicitly,surge,1
explicitly,kinetics,1
explicitly,skeleton,1
explicitly,framework,1
explicitly,guided,1
explicitly,layer,1
explicitly,results,1
explicitly,learning,1
explicitly,skeleton-based,1
explicitly,graph-based,1
explicitly,informative,1
explicitly,proposed,1
explicitly,meaningful,1
explicitly,methodology,1
explicitly,spatial,1
explicitly,sentiments,1
explicitly,information,1
explicitly,role,1
explicitly,mcc,1
explicitly,optimization,1
explicitly,relationships,1
explicitly,representation,1
explicitly,represent,1
explicitly,global,1
explicitly,local,1
explicitly,training,1
explicitly,supervised,1
explicitly,works,1
explicitly,generate,1
explicitly,showed,1
explicitly,optimal,1
explicitly,pooling,1
explicitly,key,1
explicitly,human,1
explicitly,prediction,1
explicitly,propagation,1
explicitly,time,1
explicitly,learn,1
explicitly,neighbor,1
explicitly,focus,1
explicitly,high,1
explicitly,module,1
explicitly,representations,1
explicitly,introduce,1
explicitly,neural,1
explicitly,user,1
explicitly,predict,1
explicitly,feature,1
explicitly,set,1
explicitly,fully,1
explicitly,target,1
explicitly,studies,1
explicitly,recognition,1
explicitly,identify,1
explicitly,multiple,1
explicitly,sparsity,1
explicitly,faces,1
explicitly,recent,1
explicitly,static,1
explicitly,gene,1
explicitly,significant,1
explicitly,knowledge,1
explicitly,temporal,1
explicitly,predicting,1
explicitly,number,1
explicitly,validate,1
explicitly,spatial-temporal,1
explicitly,single,1
explicitly,interaction,1
explicitly,layers,1
explicitly,task,1
explicitly,step,1
explicitly,machine,1
explicitly,traffic,1
explicitly,real,1
explicitly,visual,1
explicitly,remote,1
explicitly,parameters,1
explicitly,rgb,1
explicitly,improved,1
explicitly,show,1
explicitly,large,1
explicitly,processing,1
explicitly,previous,1
explicitly,pairs,1
explicitly,learns,1
explicitly,structural,1
explicitly,identifying,1
explicitly,important,1
explicitly,memory,1
explicitly,unit,1
explicitly,patterns,1
explicitly,great,1
explicitly,functions,1
explicitly,multi-scale,1
explicitly,structures,1
explicitly,neighbors,1
explicitly,part,1
explicitly,progress,1
explicitly,traditional,1
explicitly,sample,1
explicitly,tree,1
explicitly,motion,1
explicitly,types,1
attention,drug-drug,1
attention,paper,1
attention,named,1
attention,method,1
attention,methods,1
attention,intuitively,1
attention,inferred,1
attention,wide,1
attention,specifically,1
attention,demonstrates,1
attention,dual,1
attention,structure,1
attention,input,1
attention,existing,1
attention,ignore,1
attention,benefit,1
attention,graph,1
attention,connecting,1
attention,considered,1
attention,low-pass,1
attention,attributes,1
attention,metal,1
attention,nitride,1
attention,present,1
attention,literature,1
attention,rarely,1
attention,extract,1
attention,published,1
attention,curated,1
attention,generally,1
attention,common,1
attention,increasing,1
attention,reduced,1
attention,gap,1
attention,developed,1
attention,independently,1
attention,differently,1
attention,explicitly,1
attention,obtained,1
attention,generated,1
attention,continuation,1
attention,systems,1
attention,network,1
attention,standards,1
attention,networks,1
attention,noise,1
attention,extracting,1
attention,rna,1
attention,tcga,1
attention,proposes,1
attention,critical,1
attention,membranes,1
attention,models,1
attention,result,1
attention,beneficial,1
attention,efficient,1
attention,three-dimensional,1
attention,classification,1
attention,problem,1
attention,node,1
attention,performance,1
attention,limited,1
attention,fast,1
attention,recombination,1
attention,real-world,1
attention,thousands,1
attention,owing,1
attention,propose,1
attention,roads,1
attention,tasks,1
attention,utilized,1
attention,process,1
attention,proteins,1
attention,encoded,1
attention,time-consuming,1
attention,experimental,1
attention,elsevier,1
attention,heterojunction,1
attention,chemical,1
attention,liquid,1
attention,work,1
attention,graphitic,1
attention,gcn,1
attention,nodes,1
attention,established,1
attention,mixed,1
attention,excellent,1
attention,capability,1
attention,similar,1
attention,smoothing,1
attention,perform,1
attention,study,1
attention,strategy,1
attention,presents,1
attention,viable,1
attention,outperform,1
attention,string,1
attention,descriptor,1
attention,explore,1
attention,sgc,1
attention,u-shaped,1
attention,samples,1
attention,couplings,1
attention,research,1
attention,auc,1
attention,graphs,1
attention,requirement,1
attention,numerous,1
attention,separation,1
attention,sets,1
attention,simultaneously,1
attention,holes,1
attention,resulting,1
attention,photocatalyst,1
attention,investigations,1
attention,plant,1
attention,transformers,1
attention,harmful,1
attention,videos,1
attention,features,1
attention,years,1
attention,language,1
attention,theory,1
attention,leading,1
attention,rely,1
attention,decisions,1
attention,heavily,1
attention,gps,1
attention,obu,1
attention,material,1
attention,gcns,1
attention,relation,1
attention,relations,1
attention,typically,1
attention,firstly,1
attention,understanding,1
attention,imdb,1
attention,kitti,1
attention,convolutional,1
attention,mscoco,1
attention,heterogeneous,1
attention,model,1
attention,cnn,1
attention,due,1
attention,sites,1
attention,cloud,1
attention,points,1
attention,efficiency,1
attention,improve,1
attention,ethereum,1
attention,lstm,1
attention,smiles,1
attention,bidirectional,1
attention,technologies,1
attention,capacity,1
attention,svm,1
attention,knn,1
attention,softmax,1
attention,formed,1
attention,euclidean,1
attention,patients,1
attention,patient,1
attention,similarity,1
attention,rnas,1
attention,fourier,1
attention,initiative,1
attention,decades,1
attention,copy,1
attention,recently,1
attention,molecules,1
attention,molecule,1
attention,ntu,1
attention,edges,1
attention,unsupervised,1
attention,secure,1
attention,nlp,1
attention,words,1
attention,transformer,1
attention,system,1
attention,water,1
attention,datasets,1
attention,data,1
attention,effectively,1
attention,surge,1
attention,data-driven,1
attention,kinetics,1
attention,skeleton,1
attention,canadian,1
attention,framework,1
attention,vehicle,1
attention,guided,1
attention,end,1
attention,layer,1
attention,results,1
attention,learning,1
attention,subgraph,1
attention,ftir,1
attention,xps,1
attention,pose,1
attention,skeleton-based,1
attention,graph-based,1
attention,informative,1
attention,dependencies,1
attention,proposed,1
attention,based,1
attention,conduct,1
attention,meaningful,1
attention,revealed,1
attention,gcaru,1
attention,probability,1
attention,methodology,1
attention,spatial,1
attention,pubmed,1
attention,electron,1
attention,information,1
attention,evaluation,1
attention,role,1
attention,auroc,1
attention,optimization,1
attention,relationships,1
attention,representation,1
attention,represent,1
attention,generative,1
attention,unifying,1
attention,embeddings,1
attention,laplacian,1
attention,topic,1
attention,updated,1
attention,global,1
attention,local,1
attention,deep,1
attention,training,1
attention,correlations,1
attention,u-net,1
attention,supervised,1
attention,error,1
attention,works,1
attention,generate,1
attention,capture,1
attention,showed,1
attention,optimal,1
attention,pooling,1
attention,dataset,1
attention,key,1
attention,human,1
attention,technique,1
attention,prediction,1
attention,factors,1
attention,propagation,1
attention,time,1
attention,daily,1
attention,learn,1
attention,neighbor,1
attention,evolution,1
attention,optical,1
attention,focus,1
attention,modalities,1
attention,high,1
attention,module,1
attention,representations,1
attention,introduce,1
attention,neural,1
attention,expression,1
attention,user,1
attention,management,1
attention,predict,1
attention,feature,1
attention,set,1
attention,fully,1
attention,complex,1
attention,tumor,1
attention,target,1
attention,studies,1
attention,dense,1
attention,recognition,1
attention,identify,1
attention,convolution,1
attention,challenges,1
attention,multiple,1
attention,ternary,1
attention,trend,1
attention,sparsity,1
attention,faces,1
attention,recent,1
attention,static,1
attention,gene,1
attention,surface,1
attention,significant,1
attention,immune,1
attention,knowledge,1
attention,temporal,1
attention,identification,1
attention,predicting,1
attention,number,1
attention,validate,1
attention,gat,1
attention,spatial-temporal,1
attention,single,1
attention,interaction,1
attention,layers,1
attention,task,1
attention,challenging,1
attention,energy,1
attention,step,1
attention,machine,1
attention,traffic,1
attention,communication,1
attention,synthetic,1
attention,real,1
attention,visual,1
attention,layouts,1
attention,cells,1
attention,remote,1
attention,splitting,1
attention,parameters,1
attention,rgb,1
attention,improved,1
attention,show,1
attention,large,1
attention,processing,1
attention,conditions,1
attention,previous,1
attention,pairs,1
attention,employed,1
attention,include,1
attention,captures,1
attention,learns,1
attention,embedding,1
attention,effective,1
attention,photocatalytic,1
attention,structural,1
attention,success,1
attention,cases,1
attention,variation,1
attention,identifying,1
attention,important,1
attention,reactions,1
attention,memory,1
attention,unit,1
attention,gated,1
attention,patterns,1
attention,field,1
attention,constructing,1
attention,comprehensive,1
attention,great,1
attention,light,1
attention,functions,1
attention,targets,1
attention,multi-scale,1
attention,utilization,1
attention,structures,1
attention,neighbors,1
attention,part,1
attention,progress,1
attention,video,1
attention,focuses,1
attention,capturing,1
attention,traditional,1
attention,stability,1
attention,sample,1
attention,designed,1
attention,pollutants,1
attention,behaviors,1
attention,diffusion,1
attention,tree,1
attention,motion,1
attention,types,1
attention,protein,1
attention,point,1
attention,reported,1
attention,remarkable,1
attention,background,1
attention,center,1
attention,bind,1
obtained,paper,1
obtained,wide,1
obtained,specifically,1
obtained,structure,1
obtained,present,1
obtained,rarely,1
obtained,published,1
obtained,reduced,1
obtained,systems,1
obtained,standards,1
obtained,tcga,1
obtained,proposes,1
obtained,result,1
obtained,three-dimensional,1
obtained,problem,1
obtained,performance,1
obtained,recombination,1
obtained,real-world,1
obtained,thousands,1
obtained,owing,1
obtained,propose,1
obtained,roads,1
obtained,tasks,1
obtained,utilized,1
obtained,process,1
obtained,proteins,1
obtained,time-consuming,1
obtained,work,1
obtained,similar,1
obtained,perform,1
obtained,study,1
obtained,strategy,1
obtained,presents,1
obtained,outperform,1
obtained,sgc,1
obtained,samples,1
obtained,research,1
obtained,pressure,1
obtained,separation,1
obtained,sets,1
obtained,simultaneously,1
obtained,resulting,1
obtained,photocatalyst,1
obtained,sciences,1
obtained,plant,1
obtained,transformers,1
obtained,videos,1
obtained,years,1
obtained,theory,1
obtained,rely,1
obtained,relation,1
obtained,relations,1
obtained,typically,1
obtained,understanding,1
obtained,sites,1
obtained,points,1
obtained,photoreduction,1
obtained,smiles,1
obtained,technologies,1
obtained,svm,1
obtained,softmax,1
obtained,patients,1
obtained,patient,1
obtained,similarity,1
obtained,rnas,1
obtained,pca,1
obtained,recently,1
obtained,unsupervised,1
obtained,words,1
obtained,transformer,1
obtained,system,1
obtained,water,1
obtained,skeleton,1
obtained,vehicle,1
obtained,results,1
obtained,subgraph,1
obtained,xps,1
obtained,pose,1
obtained,proposed,1
obtained,revealed,1
obtained,probability,1
obtained,spatial,1
obtained,pubmed,1
obtained,role,1
obtained,optimization,1
obtained,relationships,1
obtained,representation,1
obtained,represent,1
obtained,topic,1
obtained,updated,1
obtained,training,1
obtained,u-net,1
obtained,supervised,1
obtained,works,1
obtained,showed,1
obtained,optimal,1
obtained,presentation,1
obtained,pooling,1
obtained,technique,1
obtained,prediction,1
obtained,propagation,1
obtained,time,1
obtained,optical,1
obtained,representations,1
obtained,user,1
obtained,predict,1
obtained,set,1
obtained,tumor,1
obtained,target,1
obtained,studies,1
obtained,recognition,1
obtained,ternary,1
obtained,sparsity,1
obtained,recent,1
obtained,static,1
obtained,surface,1
obtained,significant,1
obtained,temporal,1
obtained,predicting,1
obtained,validate,1
obtained,spatial-temporal,1
obtained,single,1
obtained,task,1
obtained,step,1
obtained,traffic,1
obtained,synthetic,1
obtained,real,1
obtained,visual,1
obtained,remote,1
obtained,splitting,1
obtained,parameters,1
obtained,rgb,1
obtained,show,1
obtained,processing,1
obtained,previous,1
obtained,pairs,1
obtained,photocatalytic,1
obtained,structural,1
obtained,success,1
obtained,variation,1
obtained,reactions,1
obtained,unit,1
obtained,patterns,1
obtained,targets,1
obtained,utilization,1
obtained,structures,1
obtained,part,1
obtained,progress,1
obtained,video,1
obtained,traditional,1
obtained,stability,1
obtained,sample,1
obtained,pollutants,1
obtained,tree,1
obtained,types,1
obtained,protein,1
obtained,point,1
obtained,reported,1
obtained,remarkable,1
generated,paper,1
generated,named,1
generated,method,1
generated,methods,1
generated,wide,1
generated,specifically,1
generated,structure,1
generated,input,1
generated,ignore,1
generated,graph,1
generated,nitride,1
generated,present,1
generated,literature,1
generated,published,1
generated,increasing,1
generated,reduced,1
generated,independently,1
generated,obtained,1
generated,systems,1
generated,network,1
generated,standards,1
generated,networks,1
generated,noise,1
generated,rna,1
generated,pei-gcn,1
generated,proposes,1
generated,membranes,1
generated,models,1
generated,result,1
generated,three-dimensional,1
generated,problem,1
generated,node,1
generated,performance,1
generated,limited,1
generated,real-world,1
generated,owing,1
generated,propose,1
generated,tasks,1
generated,utilized,1
generated,process,1
generated,proteins,1
generated,time-consuming,1
generated,heterojunction,1
generated,work,1
generated,graphitic,1
generated,nodes,1
generated,mixed,1
generated,similar,1
generated,smoothing,1
generated,perform,1
generated,households,1
generated,study,1
generated,strategy,1
generated,presents,1
generated,viable,1
generated,outperform,1
generated,sgc,1
generated,samples,1
generated,research,1
generated,pressure,1
generated,graphs,1
generated,requirement,1
generated,numerous,1
generated,separation,1
generated,sets,1
generated,simultaneously,1
generated,holes,1
generated,resulting,1
generated,photocatalyst,1
generated,investigations,1
generated,trypanosoma,1
generated,videos,1
generated,years,1
generated,language,1
generated,theory,1
generated,leading,1
generated,rely,1
generated,heavily,1
generated,material,1
generated,relation,1
generated,relations,1
generated,typically,1
generated,understanding,1
generated,heterogeneous,1
generated,model,1
generated,sites,1
generated,points,1
generated,improve,1
generated,lstm,1
generated,smiles,1
generated,svm,1
generated,patients,1
generated,similarity,1
generated,rnas,1
generated,recently,1
generated,molecules,1
generated,molecule,1
generated,unsupervised,1
generated,secure,1
generated,nlp,1
generated,words,1
generated,transformer,1
generated,system,1
generated,skeleton,1
generated,vehicle,1
generated,layer,1
generated,results,1
generated,learning,1
generated,subgraph,1
generated,xps,1
generated,pose,1
generated,skeleton-based,1
generated,graph-based,1
generated,proposed,1
generated,meaningful,1
generated,revealed,1
generated,probability,1
generated,methodology,1
generated,spatial,1
generated,information,1
generated,role,1
generated,optimization,1
generated,relationships,1
generated,representation,1
generated,represent,1
generated,generative,1
generated,topic,1
generated,updated,1
generated,global,1
generated,local,1
generated,training,1
generated,supervised,1
generated,works,1
generated,showed,1
generated,optimal,1
generated,pooling,1
generated,key,1
generated,human,1
generated,technique,1
generated,prediction,1
generated,propagation,1
generated,time,1
generated,learn,1
generated,optical,1
generated,modalities,1
generated,high,1
generated,module,1
generated,representations,1
generated,introduce,1
generated,neural,1
generated,user,1
generated,management,1
generated,predict,1
generated,set,1
generated,tumor,1
generated,target,1
generated,studies,1
generated,recognition,1
generated,identify,1
generated,multiple,1
generated,ternary,1
generated,sparsity,1
generated,recent,1
generated,static,1
generated,surface,1
generated,significant,1
generated,knowledge,1
generated,temporal,1
generated,identification,1
generated,predicting,1
generated,number,1
generated,validate,1
generated,spatial-temporal,1
generated,single,1
generated,interaction,1
generated,layers,1
generated,task,1
generated,step,1
generated,machine,1
generated,traffic,1
generated,synthetic,1
generated,real,1
generated,visual,1
generated,layouts,1
generated,remote,1
generated,parameters,1
generated,improved,1
generated,show,1
generated,large,1
generated,processing,1
generated,previous,1
generated,pairs,1
generated,learns,1
generated,photocatalytic,1
generated,structural,1
generated,success,1
generated,identifying,1
generated,important,1
generated,reactions,1
generated,memory,1
generated,unit,1
generated,patterns,1
generated,great,1
generated,light,1
generated,targets,1
generated,multi-scale,1
generated,structures,1
generated,neighbors,1
generated,part,1
generated,progress,1
generated,video,1
generated,traditional,1
generated,stability,1
generated,sample,1
generated,pollutants,1
generated,tree,1
generated,types,1
generated,protein,1
generated,point,1
generated,reported,1
generated,remarkable,1
continuation,methods,1
continuation,existing,1
continuation,systems,1
continuation,performance,1
continuation,propose,1
continuation,process,1
continuation,study,1
continuation,research,1
continuation,model,1
continuation,improve,1
continuation,system,1
continuation,datasets,1
continuation,end,1
continuation,results,1
continuation,factors,1
continuation,time,1
continuation,focus,1
continuation,user,1
continuation,number,1
continuation,real,1
continuation,show,1
continuation,large,1
systems,wide,1
systems,three-dimensional,1
systems,thousands,1
systems,tasks,1
systems,utilized,1
systems,time-consuming,1
systems,work,1
systems,viable,1
systems,trna,1
systems,transformers,1
systems,videos,1
systems,years,1
systems,theory,1
systems,typically,1
systems,understanding,1
systems,technologies,1
systems,unsupervised,1
systems,words,1
systems,transformer,1
systems,water,1
systems,vehicle,1
systems,topic,1
systems,updated,1
systems,training,1
systems,works,1
systems,technique,1
systems,time,1
systems,user,1
systems,tumor,1
systems,target,1
systems,trend,1
systems,temporal,1
systems,validate,1
systems,task,1
systems,traffic,1
systems,visual,1
systems,variation,1
systems,unit,1
systems,targets,1
systems,utilization,1
systems,video,1
systems,traditional,1
systems,tree,1
systems,types,1
network,paper,1
network,wide,1
network,specifically,1
network,structure,1
network,nitride,1
network,present,1
network,rarely,1
network,published,1
network,reduced,1
network,obtained,1
network,systems,1
network,standards,1
network,networks,1
network,noise,1
network,rna,1
network,tcga,1
network,proposes,1
network,result,1
network,pharmacological,1
network,three-dimensional,1
network,problem,1
network,node,1
network,performance,1
network,recombination,1
network,real-world,1
network,thousands,1
network,owing,1
network,propose,1
network,roads,1
network,tasks,1
network,utilized,1
network,process,1
network,proteins,1
network,time-consuming,1
network,prohibitively,1
network,psycholinguistic,1
network,work,1
network,nodes,1
network,similar,1
network,smoothing,1
network,perform,1
network,study,1
network,strategy,1
network,presents,1
network,viable,1
network,outperform,1
network,sgc,1
network,u-shaped,1
network,samples,1
network,research,1
network,pressure,1
network,requirement,1
network,numerous,1
network,separation,1
network,sets,1
network,simultaneously,1
network,resulting,1
network,photocatalyst,1
network,sciences,1
network,plant,1
network,transformers,1
network,videos,1
network,years,1
network,theory,1
network,rely,1
network,obu,1
network,relation,1
network,relations,1
network,typically,1
network,understanding,1
network,sites,1
network,points,1
network,smiles,1
network,technologies,1
network,svm,1
network,softmax,1
network,patients,1
network,patient,1
network,similarity,1
network,rnas,1
network,pca,1
network,recently,1
network,ntu,1
network,unsupervised,1
network,secure,1
network,nlp,1
network,words,1
network,transformer,1
network,system,1
network,water,1
network,wiki,1
network,surge,1
network,skeleton,1
network,vehicle,1
network,results,1
network,subgraph,1
network,xps,1
network,pose,1
network,skeleton-based,1
network,skeletongait,1
network,proposed,1
network,revealed,1
network,probability,1
network,spatial,1
network,pubmed,1
network,sentiments,1
network,role,1
network,optimization,1
network,relationships,1
network,representation,1
network,represent,1
network,unifying,1
network,topic,1
network,updated,1
network,training,1
network,u-net,1
network,supervised,1
network,works,1
network,showed,1
network,optimal,1
network,presentation,1
network,pooling,1
network,technique,1
network,prediction,1
network,propagation,1
network,time,1
network,single-granular,1
network,optical,1
network,representations,1
network,neural,1
network,user,1
network,predict,1
network,set,1
network,tumor,1
network,target,1
network,studies,1
network,recognition,1
network,ternary,1
network,trend,1
network,sparsity,1
network,recent,1
network,static,1
network,surface,1
network,significant,1
network,temporal,1
network,predicting,1
network,number,1
network,validate,1
network,spatial-temporal,1
network,single,1
network,task,1
network,step,1
network,traffic,1
network,synthetic,1
network,real,1
network,visual,1
network,remote,1
network,splitting,1
network,parameters,1
network,rgb,1
network,show,1
network,processing,1
network,previous,1
network,pairs,1
network,photocatalytic,1
network,structural,1
network,success,1
network,variation,1
network,reactions,1
network,unit,1
network,patterns,1
network,targets,1
network,utilization,1
network,structures,1
network,part,1
network,progress,1
network,video,1
network,traditional,1
network,stability,1
network,sample,1
network,pollutants,1
network,tree,1
network,types,1
network,protein,1
network,point,1
network,reported,1
network,remarkable,1
standards,structure,1
standards,systems,1
standards,work,1
standards,study,1
standards,u-shaped,1
standards,system,1
standards,water,1
standards,xps,1
standards,u-net,1
standards,time,1
standards,target,1
standards,surface,1
standards,utilization,1
standards,structures,1
standards,traditional,1
standards,types,1
networks,paper,1
networks,wide,1
networks,specifically,1
networks,structure,1
networks,present,1
networks,rarely,1
networks,pharmacology,1
networks,published,1
networks,reduced,1
networks,roofs,1
networks,obtained,1
networks,systems,1
networks,standards,1
networks,noise,1
networks,rna,1
networks,tcga,1
networks,proposes,1
networks,result,1
networks,pharmacological,1
networks,three-dimensional,1
networks,problem,1
networks,node,1
networks,performance,1
networks,real-world,1
networks,thousands,1
networks,owing,1
networks,propose,1
networks,roads,1
networks,tasks,1
networks,utilized,1
networks,process,1
networks,seoul,1
networks,proteins,1
networks,time-consuming,1
networks,work,1
networks,nodes,1
networks,self-healing,1
networks,similar,1
networks,smoothing,1
networks,perform,1
networks,study,1
networks,strategy,1
networks,presents,1
networks,viable,1
networks,outperform,1
networks,string,1
networks,sgc,1
networks,u-shaped,1
networks,samples,1
networks,research,1
networks,pressure,1
networks,requirement,1
networks,numerous,1
networks,separation,1
networks,sets,1
networks,simultaneously,1
networks,resulting,1
networks,plant,1
networks,transformers,1
networks,videos,1
networks,years,1
networks,theory,1
networks,rely,1
networks,relation,1
networks,relations,1
networks,typically,1
networks,understanding,1
networks,sites,1
networks,points,1
networks,smiles,1
networks,technologies,1
networks,svm,1
networks,softmax,1
networks,patients,1
networks,patient,1
networks,similarity,1
networks,rnas,1
networks,pca,1
networks,recently,1
networks,ntu,1
networks,unsupervised,1
networks,secure,1
networks,nlp,1
networks,words,1
networks,transformer,1
networks,system,1
networks,water,1
networks,wiki,1
networks,surge,1
networks,skeleton,1
networks,vehicle,1
networks,results,1
networks,subgraph,1
networks,pose,1
networks,skeleton-based,1
networks,proposed,1
networks,revealed,1
networks,probability,1
networks,spatial,1
networks,pubmed,1
networks,sentiments,1
networks,role,1
networks,optimization,1
networks,relationships,1
networks,representation,1
networks,represent,1
networks,unifying,1
networks,topic,1
networks,updated,1
networks,training,1
networks,u-net,1
networks,supervised,1
networks,works,1
networks,showed,1
networks,optimal,1
networks,presentation,1
networks,pooling,1
networks,technique,1
networks,prediction,1
networks,propagation,1
networks,time,1
networks,single-granular,1
networks,optical,1
networks,representations,1
networks,neural,1
networks,user,1
networks,predict,1
networks,set,1
networks,tumor,1
networks,target,1
networks,studies,1
networks,recognition,1
networks,ternary,1
networks,trend,1
networks,sparsity,1
networks,recent,1
networks,static,1
networks,surface,1
networks,significant,1
networks,temporal,1
networks,predicting,1
networks,number,1
networks,validate,1
networks,spatial-temporal,1
networks,single,1
networks,task,1
networks,step,1
networks,traffic,1
networks,synthetic,1
networks,real,1
networks,visual,1
networks,remote,1
networks,splitting,1
networks,parameters,1
networks,rgb,1
networks,show,1
networks,processing,1
networks,previous,1
networks,pairs,1
networks,structural,1
networks,success,1
networks,variation,1
networks,reactions,1
networks,unit,1
networks,patterns,1
networks,targets,1
networks,utilization,1
networks,structures,1
networks,part,1
networks,progress,1
networks,video,1
networks,traditional,1
networks,stability,1
networks,sample,1
networks,pollutants,1
networks,tree,1
networks,types,1
networks,protein,1
networks,point,1
networks,reported,1
networks,remarkable,1
noise,paper,1
noise,wide,1
noise,specifically,1
noise,structure,1
noise,present,1
noise,rarely,1
noise,published,1
noise,reduced,1
noise,obtained,1
noise,systems,1
noise,rna,1
noise,proposes,1
noise,result,1
noise,three-dimensional,1
noise,problem,1
noise,performance,1
noise,real-world,1
noise,owing,1
noise,propose,1
noise,tasks,1
noise,utilized,1
noise,process,1
noise,work,1
noise,similar,1
noise,smoothing,1
noise,study,1
noise,strategy,1
noise,presents,1
noise,outperform,1
noise,samples,1
noise,research,1
noise,numerous,1
noise,sets,1
noise,simultaneously,1
noise,resulting,1
noise,videos,1
noise,years,1
noise,theory,1
noise,relation,1
noise,relations,1
noise,understanding,1
noise,points,1
noise,technologies,1
noise,patient,1
noise,similarity,1
noise,recently,1
noise,unsupervised,1
noise,words,1
noise,transformer,1
noise,system,1
noise,skeleton,1
noise,vehicle,1
noise,results,1
noise,subgraph,1
noise,pose,1
noise,skeleton-based,1
noise,proposed,1
noise,revealed,1
noise,spatial,1
noise,role,1
noise,optimization,1
noise,relationships,1
noise,representation,1
noise,represent,1
noise,topic,1
noise,training,1
noise,u-net,1
noise,supervised,1
noise,works,1
noise,showed,1
noise,optimal,1
noise,technique,1
noise,prediction,1
noise,propagation,1
noise,time,1
noise,optical,1
noise,representations,1
noise,user,1
noise,predict,1
noise,set,1
noise,tumor,1
noise,target,1
noise,studies,1
noise,recognition,1
noise,trend,1
noise,sparsity,1
noise,recent,1
noise,significant,1
noise,temporal,1
noise,predicting,1
noise,number,1
noise,validate,1
noise,spatial-temporal,1
noise,single,1
noise,task,1
noise,step,1
noise,traffic,1
noise,real,1
noise,visual,1
noise,remote,1
noise,parameters,1
noise,rgb,1
noise,show,1
noise,processing,1
noise,previous,1
noise,pairs,1
noise,structural,1
noise,success,1
noise,variation,1
noise,unit,1
noise,patterns,1
noise,utilization,1
noise,structures,1
noise,part,1
noise,progress,1
noise,video,1
noise,traditional,1
noise,stability,1
noise,sample,1
noise,tree,1
noise,types,1
noise,point,1
noise,remarkable,1
extracting,paper,1
extracting,named,1
extracting,method,1
extracting,methods,1
extracting,wide,1
extracting,specifically,1
extracting,structure,1
extracting,input,1
extracting,ignore,1
extracting,graph,1
extracting,present,1
extracting,literature,1
extracting,published,1
extracting,generally,1
extracting,increasing,1
extracting,reduced,1
extracting,gap,1
extracting,independently,1
extracting,obtained,1
extracting,generated,1
extracting,systems,1
extracting,network,1
extracting,networks,1
extracting,rna,1
extracting,proposes,1
extracting,models,1
extracting,result,1
extracting,three-dimensional,1
extracting,problem,1
extracting,node,1
extracting,performance,1
extracting,limited,1
extracting,recombination,1
extracting,real-world,1
extracting,hours,1
extracting,propose,1
extracting,roads,1
extracting,tasks,1
extracting,utilized,1
extracting,process,1
extracting,proteins,1
extracting,time-consuming,1
extracting,work,1
extracting,gcn,1
extracting,nodes,1
extracting,perform,1
extracting,households,1
extracting,study,1
extracting,strategy,1
extracting,presents,1
extracting,outperform,1
extracting,u-shaped,1
extracting,samples,1
extracting,research,1
extracting,graphs,1
extracting,numerous,1
extracting,separation,1
extracting,sets,1
extracting,simultaneously,1
extracting,resulting,1
extracting,transformers,1
extracting,videos,1
extracting,features,1
extracting,years,1
extracting,language,1
extracting,theory,1
extracting,leading,1
extracting,rely,1
extracting,gcns,1
extracting,relation,1
extracting,relations,1
extracting,firstly,1
extracting,understanding,1
extracting,heterogeneous,1
extracting,model,1
extracting,points,1
extracting,improve,1
extracting,lstm,1
extracting,softmax,1
extracting,patients,1
extracting,patient,1
extracting,similarity,1
extracting,rnas,1
extracting,initiative,1
extracting,recently,1
extracting,unsupervised,1
extracting,secure,1
extracting,words,1
extracting,transformer,1
extracting,system,1
extracting,water,1
extracting,surge,1
extracting,kinetics,1
extracting,skeleton,1
extracting,framework,1
extracting,vehicle,1
extracting,layer,1
extracting,results,1
extracting,learning,1
extracting,pose,1
extracting,skeleton-based,1
extracting,graph-based,1
extracting,informative,1
extracting,proposed,1
extracting,meaningful,1
extracting,probability,1
extracting,spatial,1
extracting,information,1
extracting,role,1
extracting,relationships,1
extracting,representation,1
extracting,represent,1
extracting,generative,1
extracting,topic,1
extracting,global,1
extracting,local,1
extracting,training,1
extracting,u-net,1
extracting,supervised,1
extracting,works,1
extracting,generate,1
extracting,optimal,1
extracting,pooling,1
extracting,key,1
extracting,human,1
extracting,technique,1
extracting,prediction,1
extracting,factors,1
extracting,propagation,1
extracting,time,1
extracting,learn,1
extracting,focus,1
extracting,modalities,1
extracting,high,1
extracting,module,1
extracting,representations,1
extracting,introduce,1
extracting,neural,1
extracting,user,1
extracting,management,1
extracting,predict,1
extracting,feature,1
extracting,set,1
extracting,fully,1
extracting,tumor,1
extracting,studies,1
extracting,recognition,1
extracting,identify,1
extracting,multiple,1
extracting,trend,1
extracting,recent,1
extracting,static,1
extracting,gene,1
extracting,surface,1
extracting,significant,1
extracting,knowledge,1
extracting,temporal,1
extracting,predicting,1
extracting,number,1
extracting,validate,1
extracting,gat,1
extracting,spatial-temporal,1
extracting,single,1
extracting,interaction,1
extracting,layers,1
extracting,task,1
extracting,step,1
extracting,machine,1
extracting,traffic,1
extracting,real,1
extracting,visual,1
extracting,remote,1
extracting,parameters,1
extracting,rgb,1
extracting,improved,1
extracting,show,1
extracting,large,1
extracting,processing,1
extracting,previous,1
extracting,learns,1
extracting,structural,1
extracting,success,1
extracting,variation,1
extracting,important,1
extracting,reactions,1
extracting,memory,1
extracting,unit,1
extracting,gated,1
extracting,patterns,1
extracting,field,1
extracting,great,1
extracting,functions,1
extracting,multi-scale,1
extracting,utilization,1
extracting,structures,1
extracting,progress,1
extracting,video,1
extracting,focuses,1
extracting,traditional,1
extracting,sample,1
extracting,motion,1
extracting,types,1
extracting,protein,1
extracting,point,1
extracting,reported,1
rna,wide,1
rna,structure,1
rna,three-dimensional,1
rna,utilized,1
rna,time-consuming,1
rna,work,1
rna,similar,1
rna,study,1
rna,samples,1
rna,trypanosoma,1
rna,years,1
rna,understanding,1
rna,sites,1
rna,technologies,1
rna,similarity,1
rna,rnas,1
rna,system,1
rna,role,1
rna,unconventional,1
rna,showed,1
rna,time,1
rna,set,1
rna,target,1
rna,studies,1
rna,single,1
rna,step,1
rna,show,1
rna,structural,1
rna,variation,1
rna,structures,1
rna,types,1
tcga,work,1
tcga,theory,1
tcga,understanding,1
tcga,technologies,1
tcga,training,1
tcga,tumor,1
tcga,trend,1
tcga,validate,1
tcga,types,1
pei-gcn,work,1
pei-gcn,pressure,1
pei-gcn,separation,1
pei-gcn,technique,1
pei-gcn,photocatalytic,1
pei-gcn,reactions,1
gqa,methods,1
gqa,graph,1
gqa,obtained,1
gqa,network,1
gqa,networks,1
gqa,result,1
gqa,performance,1
gqa,tasks,1
gqa,similar,1
gqa,study,1
gqa,outperform,1
gqa,results,1
gqa,proposed,1
gqa,spatial,1
gqa,relationships,1
gqa,representation,1
gqa,training,1
gqa,neural,1
gqa,recent,1
gqa,visual,1
proposes,wide,1
proposes,specifically,1
proposes,structure,1
proposes,published,1
proposes,reduced,1
proposes,systems,1
proposes,standards,1
proposes,tcga,1
proposes,result,1
proposes,three-dimensional,1
proposes,recombination,1
proposes,real-world,1
proposes,thousands,1
proposes,roads,1
proposes,tasks,1
proposes,utilized,1
proposes,proteins,1
proposes,time-consuming,1
proposes,work,1
proposes,similar,1
proposes,smoothing,1
proposes,study,1
proposes,strategy,1
proposes,sgc,1
proposes,u-shaped,1
proposes,samples,1
proposes,research,1
proposes,requirement,1
proposes,sets,1
proposes,simultaneously,1
proposes,resulting,1
proposes,transformers,1
proposes,videos,1
proposes,years,1
proposes,theory,1
proposes,rely,1
proposes,relation,1
proposes,relations,1
proposes,typically,1
proposes,understanding,1
proposes,technologies,1
proposes,softmax,1
proposes,similarity,1
proposes,recently,1
proposes,unsupervised,1
proposes,secure,1
proposes,words,1
proposes,transformer,1
proposes,system,1
proposes,water,1
proposes,wiki,1
proposes,skeleton,1
proposes,vehicle,1
proposes,results,1
proposes,subgraph,1
proposes,skeleton-based,1
proposes,revealed,1
proposes,spatial,1
proposes,pubmed,1
proposes,role,1
proposes,relationships,1
proposes,representation,1
proposes,represent,1
proposes,topic,1
proposes,updated,1
proposes,training,1
proposes,supervised,1
proposes,works,1
proposes,showed,1
proposes,psf,1
proposes,technique,1
proposes,time,1
proposes,representations,1
proposes,user,1
proposes,set,1
proposes,tumor,1
proposes,target,1
proposes,studies,1
proposes,recognition,1
proposes,ternary,1
proposes,trend,1
proposes,sparsity,1
proposes,recent,1
proposes,static,1
proposes,surface,1
proposes,significant,1
proposes,temporal,1
proposes,validate,1
proposes,spatial-temporal,1
proposes,single,1
proposes,task,1
proposes,step,1
proposes,traffic,1
proposes,synthetic,1
proposes,real,1
proposes,visual,1
proposes,remote,1
proposes,rgb,1
proposes,show,1
proposes,structural,1
proposes,success,1
proposes,variation,1
proposes,unit,1
proposes,targets,1
proposes,utilization,1
proposes,structures,1
proposes,video,1
proposes,traditional,1
proposes,stability,1
proposes,sample,1
proposes,tree,1
proposes,types,1
proposes,protein,1
proposes,reported,1
proposes,remarkable,1
assist,paper,1
assist,named,1
assist,method,1
assist,methods,1
assist,wide,1
assist,specifically,1
assist,structure,1
assist,input,1
assist,existing,1
assist,ignore,1
assist,graph,1
assist,considered,1
assist,present,1
assist,literature,1
assist,extract,1
assist,published,1
assist,developed,1
assist,attention,1
assist,obtained,1
assist,generated,1
assist,systems,1
assist,network,1
assist,networks,1
assist,extracting,1
assist,proposes,1
assist,models,1
assist,classification,1
assist,problem,1
assist,performance,1
assist,limited,1
assist,real-world,1
assist,hours,1
assist,owing,1
assist,propose,1
assist,tasks,1
assist,process,1
assist,time-consuming,1
assist,experimental,1
assist,elsevier,1
assist,work,1
assist,gcn,1
assist,nodes,1
assist,excellent,1
assist,capability,1
assist,similar,1
assist,perform,1
assist,study,1
assist,strategy,1
assist,research,1
assist,graphs,1
assist,simultaneously,1
assist,features,1
assist,years,1
assist,language,1
assist,decisions,1
assist,heavily,1
assist,gcns,1
assist,relation,1
assist,firstly,1
assist,convolutional,1
assist,heterogeneous,1
assist,model,1
assist,cnn,1
assist,due,1
assist,efficiency,1
assist,improve,1
assist,lstm,1
assist,bidirectional,1
assist,patients,1
assist,similarity,1
assist,initiative,1
assist,unsupervised,1
assist,words,1
assist,system,1
assist,datasets,1
assist,data,1
assist,effectively,1
assist,framework,1
assist,results,1
assist,learning,1
assist,dependencies,1
assist,proposed,1
assist,based,1
assist,conduct,1
assist,meaningful,1
assist,methodology,1
assist,spatial,1
assist,information,1
assist,evaluation,1
assist,role,1
assist,optimization,1
assist,relationships,1
assist,representation,1
assist,represent,1
assist,embeddings,1
assist,topic,1
assist,global,1
assist,local,1
assist,deep,1
assist,correlations,1
assist,error,1
assist,works,1
assist,generate,1
assist,capture,1
assist,psf,1
assist,dataset,1
assist,human,1
assist,prediction,1
assist,factors,1
assist,propagation,1
assist,time,1
assist,learn,1
assist,neighbor,1
assist,focus,1
assist,modalities,1
assist,high,1
assist,representations,1
assist,introduce,1
assist,neural,1
assist,user,1
assist,management,1
assist,predict,1
assist,feature,1
assist,set,1
assist,fully,1
assist,complex,1
assist,target,1
assist,studies,1
assist,recognition,1
assist,identify,1
assist,convolution,1
assist,challenges,1
assist,multiple,1
assist,trend,1
assist,sparsity,1
assist,recent,1
assist,gene,1
assist,significant,1
assist,knowledge,1
assist,temporal,1
assist,predicting,1
assist,number,1
assist,validate,1
assist,spatial-temporal,1
assist,layers,1
assist,task,1
assist,challenging,1
assist,traffic,1
assist,real,1
assist,cells,1
assist,show,1
assist,large,1
assist,processing,1
assist,previous,1
assist,employed,1
assist,learns,1
assist,embedding,1
assist,effective,1
assist,important,1
assist,memory,1
assist,patterns,1
assist,comprehensive,1
assist,great,1
assist,structures,1
assist,progress,1
assist,video,1
assist,focuses,1
assist,stability,1
assist,sample,1
assist,designed,1
assist,pollutants,1
assist,types,1
assist,background,1
critical,drug-drug,1
critical,paper,1
critical,named,1
critical,method,1
critical,methods,1
critical,inferred,1
critical,wide,1
critical,specifically,1
critical,demonstrates,1
critical,dual,1
critical,structure,1
critical,input,1
critical,existing,1
critical,ignore,1
critical,graph,1
critical,nitride,1
critical,present,1
critical,literature,1
critical,extract,1
critical,published,1
critical,generally,1
critical,increasing,1
critical,reduced,1
critical,gap,1
critical,developed,1
critical,independently,1
critical,explicitly,1
critical,obtained,1
critical,generated,1
critical,systems,1
critical,network,1
critical,networks,1
critical,noise,1
critical,extracting,1
critical,rna,1
critical,tcga,1
critical,proposes,1
critical,models,1
critical,result,1
critical,pharmacological,1
critical,efficient,1
critical,three-dimensional,1
critical,problem,1
critical,node,1
critical,performance,1
critical,limited,1
critical,real-world,1
critical,hours,1
critical,propose,1
critical,roads,1
critical,tasks,1
critical,utilized,1
critical,determination,1
critical,process,1
critical,proteins,1
critical,encoded,1
critical,time-consuming,1
critical,experimental,1
critical,elsevier,1
critical,heterojunction,1
critical,work,1
critical,graphitic,1
critical,gcn,1
critical,nodes,1
critical,established,1
critical,mixed,1
critical,excellent,1
critical,similar,1
critical,smoothing,1
critical,perform,1
critical,study,1
critical,strategy,1
critical,presents,1
critical,outperform,1
critical,descriptor,1
critical,explore,1
critical,samples,1
critical,research,1
critical,graphs,1
critical,requirement,1
critical,numerous,1
critical,separation,1
critical,sets,1
critical,simultaneously,1
critical,resulting,1
critical,videos,1
critical,features,1
critical,years,1
critical,theory,1
critical,leading,1
critical,rely,1
critical,decisions,1
critical,heavily,1
critical,hemisphere,1
critical,gcns,1
critical,relation,1
critical,relations,1
critical,typically,1
critical,firstly,1
critical,understanding,1
critical,heterogeneous,1
critical,model,1
critical,due,1
critical,sites,1
critical,points,1
critical,efficiency,1
critical,improve,1
critical,lstm,1
critical,technologies,1
critical,euclidean,1
critical,patients,1
critical,patient,1
critical,similarity,1
critical,initiative,1
critical,recently,1
critical,molecules,1
critical,edges,1
critical,unsupervised,1
critical,secure,1
critical,words,1
critical,transformer,1
critical,system,1
critical,water,1
critical,datasets,1
critical,data,1
critical,effectively,1
critical,surge,1
critical,data-driven,1
critical,kinetics,1
critical,skeleton,1
critical,framework,1
critical,vehicle,1
critical,guided,1
critical,end,1
critical,layer,1
critical,results,1
critical,learning,1
critical,subgraph,1
critical,pose,1
critical,skeleton-based,1
critical,graph-based,1
critical,informative,1
critical,dependencies,1
critical,proposed,1
critical,meaningful,1
critical,probability,1
critical,methodology,1
critical,spatial,1
critical,electron,1
critical,information,1
critical,evaluation,1
critical,role,1
critical,optimization,1
critical,relationships,1
critical,representation,1
critical,represent,1
critical,generative,1
critical,embeddings,1
critical,global,1
critical,local,1
critical,deep,1
critical,training,1
critical,u-net,1
critical,supervised,1
critical,error,1
critical,works,1
critical,generate,1
critical,showed,1
critical,optimal,1
critical,dataset,1
critical,key,1
critical,human,1
critical,technique,1
critical,prediction,1
critical,factors,1
critical,propagation,1
critical,time,1
critical,daily,1
critical,learn,1
critical,evolution,1
critical,optical,1
critical,focus,1
critical,desirable,1
critical,modalities,1
critical,high,1
critical,module,1
critical,representations,1
critical,introduce,1
critical,neural,1
critical,expression,1
critical,user,1
critical,management,1
critical,predict,1
critical,feature,1
critical,set,1
critical,fully,1
critical,tumor,1
critical,target,1
critical,studies,1
critical,dense,1
critical,recognition,1
critical,identify,1
critical,multiple,1
critical,trend,1
critical,faces,1
critical,recent,1
critical,gene,1
critical,surface,1
critical,significant,1
critical,immune,1
critical,knowledge,1
critical,temporal,1
critical,identification,1
critical,predicting,1
critical,number,1
critical,validate,1
critical,spatial-temporal,1
critical,single,1
critical,interaction,1
critical,layers,1
critical,task,1
critical,energy,1
critical,step,1
critical,machine,1
critical,traffic,1
critical,real,1
critical,remote,1
critical,parameters,1
critical,rgb,1
critical,improved,1
critical,show,1
critical,large,1
critical,processing,1
critical,previous,1
critical,employed,1
critical,include,1
critical,learns,1
critical,embedding,1
critical,effective,1
critical,photocatalytic,1
critical,structural,1
critical,success,1
critical,variation,1
critical,identifying,1
critical,important,1
critical,memory,1
critical,unit,1
critical,gated,1
critical,patterns,1
critical,field,1
critical,great,1
critical,light,1
critical,targets,1
critical,multi-scale,1
critical,utilization,1
critical,structures,1
critical,neighbors,1
critical,part,1
critical,progress,1
critical,video,1
critical,focuses,1
critical,traditional,1
critical,stability,1
critical,sample,1
critical,designed,1
critical,pollutants,1
critical,diffusion,1
critical,motion,1
critical,types,1
critical,protein,1
critical,point,1
critical,remarkable,1
assessment,paper,1
assessment,named,1
assessment,method,1
assessment,methods,1
assessment,specifically,1
assessment,structure,1
assessment,input,1
assessment,existing,1
assessment,graph,1
assessment,considered,1
assessment,attributes,1
assessment,metal,1
assessment,present,1
assessment,literature,1
assessment,extract,1
assessment,generally,1
assessment,developed,1
assessment,cancers,1
assessment,explicitly,1
assessment,attention,1
assessment,obtained,1
assessment,generated,1
assessment,systems,1
assessment,network,1
assessment,networks,1
assessment,extracting,1
assessment,rna,1
assessment,proposes,1
assessment,critical,1
assessment,models,1
assessment,efficient,1
assessment,three-dimensional,1
assessment,classification,1
assessment,problem,1
assessment,node,1
assessment,performance,1
assessment,limited,1
assessment,fast,1
assessment,real-world,1
assessment,propose,1
assessment,tasks,1
assessment,utilized,1
assessment,process,1
assessment,time-consuming,1
assessment,experimental,1
assessment,chemical,1
assessment,work,1
assessment,gcn,1
assessment,nodes,1
assessment,established,1
assessment,excellent,1
assessment,capability,1
assessment,similar,1
assessment,perform,1
assessment,study,1
assessment,strategy,1
assessment,outperform,1
assessment,samples,1
assessment,research,1
assessment,graphs,1
assessment,simultaneously,1
assessment,markers,1
assessment,resulting,1
assessment,investigations,1
assessment,sciences,1
assessment,harmful,1
assessment,videos,1
assessment,features,1
assessment,language,1
assessment,leading,1
assessment,material,1
assessment,gcns,1
assessment,relations,1
assessment,understanding,1
assessment,convolutional,1
assessment,heterogeneous,1
assessment,model,1
assessment,cnn,1
assessment,due,1
assessment,improve,1
assessment,ethereum,1
assessment,lstm,1
assessment,technologies,1
assessment,capacity,1
assessment,softmax,1
assessment,patients,1
assessment,patient,1
assessment,similarity,1
assessment,rnas,1
assessment,decades,1
assessment,recently,1
assessment,unsupervised,1
assessment,system,1
assessment,water,1
assessment,datasets,1
assessment,data,1
assessment,effectively,1
assessment,data-driven,1
assessment,skeleton,1
assessment,framework,1
assessment,vehicle,1
assessment,layer,1
assessment,results,1
assessment,learning,1
assessment,graph-based,1
assessment,dependencies,1
assessment,proposed,1
assessment,based,1
assessment,conduct,1
assessment,meaningful,1
assessment,probability,1
assessment,spatial,1
assessment,information,1
assessment,evaluation,1
assessment,auroc,1
assessment,relationships,1
assessment,representation,1
assessment,represent,1
assessment,generative,1
assessment,global,1
assessment,local,1
assessment,deep,1
assessment,training,1
assessment,correlations,1
assessment,supervised,1
assessment,error,1
assessment,generate,1
assessment,capture,1
assessment,showed,1
assessment,optimal,1
assessment,pooling,1
assessment,dataset,1
assessment,human,1
assessment,technique,1
assessment,prediction,1
assessment,time,1
assessment,learn,1
assessment,focus,1
assessment,desirable,1
assessment,modalities,1
assessment,high,1
assessment,module,1
assessment,representations,1
assessment,introduce,1
assessment,neural,1
assessment,expression,1
assessment,user,1
assessment,management,1
assessment,predict,1
assessment,feature,1
assessment,complex,1
assessment,target,1
assessment,studies,1
assessment,dense,1
assessment,recognition,1
assessment,identify,1
assessment,convolution,1
assessment,challenges,1
assessment,multiple,1
assessment,faces,1
assessment,recent,1
assessment,static,1
assessment,gene,1
assessment,surface,1
assessment,significant,1
assessment,immune,1
assessment,knowledge,1
assessment,temporal,1
assessment,identification,1
assessment,predicting,1
assessment,number,1
assessment,validate,1
assessment,spatial-temporal,1
assessment,interaction,1
assessment,layers,1
assessment,task,1
assessment,challenging,1
assessment,step,1
assessment,traffic,1
assessment,synthetic,1
assessment,real,1
assessment,visual,1
assessment,cells,1
assessment,remote,1
assessment,improved,1
assessment,show,1
assessment,large,1
assessment,conditions,1
assessment,previous,1
assessment,employed,1
assessment,include,1
assessment,effective,1
assessment,structural,1
assessment,important,1
assessment,reactions,1
assessment,memory,1
assessment,unit,1
assessment,gated,1
assessment,patterns,1
assessment,field,1
assessment,constructing,1
assessment,comprehensive,1
assessment,functions,1
assessment,utilization,1
assessment,structures,1
assessment,part,1
assessment,progress,1
assessment,video,1
assessment,focuses,1
assessment,capturing,1
assessment,traditional,1
assessment,stability,1
assessment,sample,1
assessment,designed,1
assessment,behaviors,1
assessment,motion,1
assessment,types,1
assessment,protein,1
assessment,background,1
achieve,paper,1
achieve,named,1
achieve,method,1
achieve,methods,1
achieve,intuitively,1
achieve,inferred,1
achieve,wide,1
achieve,actions,1
achieve,specifically,1
achieve,demonstrates,1
achieve,dual,1
achieve,anchored,1
achieve,structure,1
achieve,input,1
achieve,existing,1
achieve,approaches,1
achieve,ignore,1
achieve,graph,1
achieve,considered,1
achieve,attributes,1
achieve,nitride,1
achieve,present,1
achieve,literature,1
achieve,rarely,1
achieve,extract,1
achieve,published,1
achieve,curated,1
achieve,generally,1
achieve,common,1
achieve,increasing,1
achieve,reduced,1
achieve,gap,1
achieve,developed,1
achieve,cancers,1
achieve,independently,1
achieve,explicitly,1
achieve,attention,1
achieve,obtained,1
achieve,generated,1
achieve,systems,1
achieve,network,1
achieve,networks,1
achieve,noise,1
achieve,extracting,1
achieve,rna,1
achieve,proposes,1
achieve,assist,1
achieve,critical,1
achieve,assessment,1
achieve,applications,1
achieve,models,1
achieve,result,1
achieve,beneficial,1
achieve,efficient,1
achieve,three-dimensional,1
achieve,classification,1
achieve,problem,1
achieve,node,1
achieve,address,1
achieve,performance,1
achieve,limited,1
achieve,fast,1
achieve,real-world,1
achieve,thousands,1
achieve,hours,1
achieve,owing,1
achieve,propose,1
achieve,roads,1
achieve,tasks,1
achieve,utilized,1
achieve,determination,1
achieve,process,1
achieve,proteins,1
achieve,encoded,1
achieve,time-consuming,1
achieve,experimental,1
achieve,elsevier,1
achieve,attack,1
achieve,heterojunction,1
achieve,chemical,1
achieve,work,1
achieve,graphitic,1
achieve,gcn,1
achieve,nodes,1
achieve,established,1
achieve,excellent,1
achieve,capability,1
achieve,similar,1
achieve,perform,1
achieve,study,1
achieve,strategy,1
achieve,presents,1
achieve,outperform,1
achieve,descriptor,1
achieve,explore,1
achieve,sgc,1
achieve,u-shaped,1
achieve,samples,1
achieve,research,1
achieve,pressure,1
achieve,auc,1
achieve,graphs,1
achieve,requirement,1
achieve,numerous,1
achieve,separation,1
achieve,sets,1
achieve,simultaneously,1
achieve,area,1
achieve,holes,1
achieve,resulting,1
achieve,photocatalyst,1
achieve,transformers,1
achieve,activity,1
achieve,harmful,1
achieve,videos,1
achieve,features,1
achieve,years,1
achieve,language,1
achieve,theory,1
achieve,leading,1
achieve,rely,1
achieve,decisions,1
achieve,heavily,1
achieve,gps,1
achieve,obu,1
achieve,gcns,1
achieve,relation,1
achieve,relations,1
achieve,typically,1
achieve,firstly,1
achieve,understanding,1
achieve,imdb,1
achieve,kitti,1
achieve,convolutional,1
achieve,heterogeneous,1
achieve,model,1
achieve,cnn,1
achieve,due,1
achieve,sites,1
achieve,cloud,1
achieve,points,1
achieve,efficiency,1
achieve,improve,1
achieve,lstm,1
achieve,bidirectional,1
achieve,technologies,1
achieve,capacity,1
achieve,svm,1
achieve,knn,1
achieve,softmax,1
achieve,euclidean,1
achieve,patients,1
achieve,patient,1
achieve,similarity,1
achieve,annotations,1
achieve,rnas,1
achieve,algorithms,1
achieve,initiative,1
achieve,decades,1
achieve,copy,1
achieve,recently,1
achieve,molecules,1
achieve,ntu,1
achieve,edges,1
achieve,unsupervised,1
achieve,secure,1
achieve,nlp,1
achieve,words,1
achieve,transformer,1
achieve,system,1
achieve,water,1
achieve,datasets,1
achieve,data,1
achieve,effectively,1
achieve,kinetics,1
achieve,skeleton,1
achieve,framework,1
achieve,vehicle,1
achieve,guided,1
achieve,layer,1
achieve,results,1
achieve,learning,1
achieve,xps,1
achieve,pose,1
achieve,skeleton-based,1
achieve,algorithm,1
achieve,euler,1
achieve,graph-based,1
achieve,informative,1
achieve,dependencies,1
achieve,proposed,1
achieve,based,1
achieve,conduct,1
achieve,meaningful,1
achieve,revealed,1
achieve,probability,1
achieve,methodology,1
achieve,spatial,1
achieve,pubmed,1
achieve,electron,1
achieve,information,1
achieve,evaluation,1
achieve,role,1
achieve,optimization,1
achieve,relationships,1
achieve,representation,1
achieve,represent,1
achieve,fenton,1
achieve,generative,1
achieve,achieved,1
achieve,embeddings,1
achieve,topic,1
achieve,updated,1
achieve,global,1
achieve,local,1
achieve,deep,1
achieve,training,1
achieve,correlations,1
achieve,u-net,1
achieve,supervised,1
achieve,error,1
achieve,works,1
achieve,generate,1
achieve,capture,1
achieve,showed,1
achieve,optimal,1
achieve,pooling,1
achieve,dataset,1
achieve,key,1
achieve,human,1
achieve,technique,1
achieve,prediction,1
achieve,factors,1
achieve,propagation,1
achieve,time,1
achieve,daily,1
achieve,learn,1
achieve,neighbor,1
achieve,evolution,1
achieve,optical,1
achieve,approach,1
achieve,focus,1
achieve,modalities,1
achieve,high,1
achieve,module,1
achieve,representations,1
achieve,introduce,1
achieve,neural,1
achieve,expression,1
achieve,user,1
achieve,management,1
achieve,predict,1
achieve,feature,1
achieve,set,1
achieve,fully,1
achieve,complex,1
achieve,tumor,1
achieve,target,1
achieve,studies,1
achieve,dense,1
achieve,recognition,1
achieve,identify,1
achieve,convolution,1
achieve,challenges,1
achieve,multiple,1
achieve,trend,1
achieve,sparsity,1
achieve,faces,1
achieve,recent,1
achieve,static,1
achieve,gene,1
achieve,surface,1
achieve,significant,1
achieve,knowledge,1
achieve,temporal,1
achieve,identification,1
achieve,predicting,1
achieve,number,1
achieve,validate,1
achieve,gat,1
achieve,spatial-temporal,1
achieve,single,1
achieve,interaction,1
achieve,layers,1
achieve,task,1
achieve,challenging,1
achieve,energy,1
achieve,step,1
achieve,machine,1
achieve,traffic,1
achieve,communication,1
achieve,synthetic,1
achieve,real,1
achieve,visual,1
achieve,layouts,1
achieve,cells,1
achieve,remote,1
achieve,analysis,1
achieve,parameters,1
achieve,rgb,1
achieve,improved,1
achieve,show,1
achieve,large,1
achieve,processing,1
achieve,conditions,1
achieve,previous,1
achieve,pairs,1
achieve,employed,1
achieve,include,1
achieve,captures,1
achieve,learns,1
achieve,achieves,1
achieve,embedding,1
achieve,effective,1
achieve,photocatalytic,1
achieve,structural,1
achieve,success,1
achieve,cases,1
achieve,variation,1
achieve,identifying,1
achieve,important,1
achieve,reactions,1
achieve,memory,1
achieve,unit,1
achieve,gated,1
achieve,patterns,1
achieve,field,1
achieve,constructing,1
achieve,comprehensive,1
achieve,great,1
achieve,action,1
achieve,light,1
achieve,functions,1
achieve,targets,1
achieve,architecture,1
achieve,multi-scale,1
achieve,annotation,1
achieve,utilization,1
achieve,aggregation,1
achieve,structures,1
achieve,neighbors,1
achieve,part,1
achieve,progress,1
achieve,video,1
achieve,focuses,1
achieve,capturing,1
achieve,traditional,1
achieve,affected,1
achieve,stability,1
achieve,sample,1
achieve,designed,1
achieve,pollutants,1
achieve,behaviors,1
achieve,diffusion,1
achieve,tree,1
achieve,motion,1
achieve,types,1
achieve,protein,1
achieve,point,1
achieve,reported,1
achieve,remarkable,1
achieve,background,1
membranes,method,1
membranes,structure,1
membranes,nitride,1
membranes,published,1
membranes,obtained,1
membranes,network,1
membranes,networks,1
membranes,pei-gcn,1
membranes,performance,1
membranes,process,1
membranes,proteins,1
membranes,work,1
membranes,study,1
membranes,pressure,1
membranes,numerous,1
membranes,separation,1
membranes,photocatalyst,1
membranes,molecule,1
membranes,water,1
membranes,results,1
membranes,revealed,1
membranes,relationships,1
membranes,showed,1
membranes,technique,1
membranes,module,1
membranes,surface,1
membranes,significant,1
membranes,show,1
membranes,photocatalytic,1
membranes,structural,1
membranes,reactions,1
membranes,patterns,1
membranes,structures,1
membranes,protein,1
applications,paper,1
applications,named,1
applications,method,1
applications,methods,1
applications,inferred,1
applications,wide,1
applications,specifically,1
applications,demonstrates,1
applications,dual,1
applications,structure,1
applications,input,1
applications,existing,1
applications,approaches,1
applications,ignore,1
applications,benefit,1
applications,graph,1
applications,connecting,1
applications,considered,1
applications,attributes,1
applications,metal,1
applications,nitride,1
applications,present,1
applications,literature,1
applications,rarely,1
applications,concentrated,1
applications,extract,1
applications,published,1
applications,curated,1
applications,generally,1
applications,common,1
applications,increasing,1
applications,reduced,1
applications,gap,1
applications,developed,1
applications,roofs,1
applications,cancers,1
applications,hyperlinks,1
applications,independently,1
applications,explicitly,1
applications,attention,1
applications,obtained,1
applications,generated,1
applications,systems,1
applications,network,1
applications,networks,1
applications,noise,1
applications,extracting,1
applications,rna,1
applications,proposes,1
applications,assist,1
applications,critical,1
applications,assessment,1
applications,models,1
applications,result,1
applications,beneficial,1
applications,efficient,1
applications,three-dimensional,1
applications,classification,1
applications,problem,1
applications,node,1
applications,performance,1
applications,limited,1
applications,fast,1
applications,recombination,1
applications,real-world,1
applications,dempster-shafer,1
applications,thousands,1
applications,hours,1
applications,owing,1
applications,propose,1
applications,roads,1
applications,tasks,1
applications,utilized,1
applications,determination,1
applications,process,1
applications,proteins,1
applications,time-consuming,1
applications,experimental,1
applications,elsevier,1
applications,attack,1
applications,heterojunction,1
applications,chemical,1
applications,work,1
applications,graphitic,1
applications,gcn,1
applications,granger,1
applications,nodes,1
applications,established,1
applications,mixed,1
applications,excellent,1
applications,capability,1
applications,similar,1
applications,smoothing,1
applications,perform,1
applications,study,1
applications,strategy,1
applications,presents,1
applications,outperform,1
applications,descriptor,1
applications,explore,1
applications,samples,1
applications,research,1
applications,auc,1
applications,graphs,1
applications,requirement,1
applications,numerous,1
applications,separation,1
applications,sets,1
applications,simultaneously,1
applications,area,1
applications,resulting,1
applications,photocatalyst,1
applications,investigations,1
applications,sciences,1
applications,transformers,1
applications,harmful,1
applications,videos,1
applications,features,1
applications,years,1
applications,language,1
applications,theory,1
applications,leading,1
applications,rely,1
applications,material,1
applications,gcns,1
applications,relation,1
applications,relations,1
applications,typically,1
applications,firstly,1
applications,understanding,1
applications,convolutional,1
applications,heterogeneous,1
applications,model,1
applications,cnn,1
applications,due,1
applications,sites,1
applications,cloud,1
applications,points,1
applications,efficiency,1
applications,improve,1
applications,lstm,1
applications,bidirectional,1
applications,catalysts,1
applications,technologies,1
applications,capacity,1
applications,svm,1
applications,knn,1
applications,euclidean,1
applications,patients,1
applications,patient,1
applications,similarity,1
applications,rnas,1
applications,initiative,1
applications,decades,1
applications,copy,1
applications,recently,1
applications,molecules,1
applications,molecule,1
applications,edges,1
applications,unsupervised,1
applications,nlp,1
applications,words,1
applications,transformer,1
applications,system,1
applications,water,1
applications,datasets,1
applications,data,1
applications,effectively,1
applications,surge,1
applications,data-driven,1
applications,kinetics,1
applications,skeleton,1
applications,framework,1
applications,vehicle,1
applications,guided,1
applications,end,1
applications,layer,1
applications,results,1
applications,learning,1
applications,subgraph,1
applications,xps,1
applications,pose,1
applications,skeleton-based,1
applications,graph-based,1
applications,informative,1
applications,dependencies,1
applications,proposed,1
applications,based,1
applications,conduct,1
applications,meaningful,1
applications,revealed,1
applications,probability,1
applications,methodology,1
applications,spatial,1
applications,electron,1
applications,information,1
applications,evaluation,1
applications,role,1
applications,cgcnimp,1
applications,mcc,1
applications,auroc,1
applications,auprc,1
applications,optimization,1
applications,relationships,1
applications,representation,1
applications,represent,1
applications,fenton,1
applications,generative,1
applications,unifying,1
applications,embeddings,1
applications,topic,1
applications,updated,1
applications,global,1
applications,local,1
applications,deep,1
applications,training,1
applications,correlations,1
applications,u-net,1
applications,supervised,1
applications,error,1
applications,works,1
applications,generate,1
applications,capture,1
applications,showed,1
applications,optimal,1
applications,pooling,1
applications,dataset,1
applications,key,1
applications,human,1
applications,technique,1
applications,prediction,1
applications,factors,1
applications,propagation,1
applications,time,1
applications,daily,1
applications,learn,1
applications,neighbor,1
applications,evolution,1
applications,optical,1
applications,approach,1
applications,focus,1
applications,desirable,1
applications,modalities,1
applications,high,1
applications,module,1
applications,representations,1
applications,introduce,1
applications,neural,1
applications,expression,1
applications,user,1
applications,management,1
applications,predict,1
applications,feature,1
applications,set,1
applications,fully,1
applications,complex,1
applications,tumor,1
applications,target,1
applications,studies,1
applications,dense,1
applications,recognition,1
applications,identify,1
applications,convolution,1
applications,challenges,1
applications,multiple,1
applications,ternary,1
applications,trend,1
applications,sparsity,1
applications,faces,1
applications,recent,1
applications,static,1
applications,gene,1
applications,surface,1
applications,significant,1
applications,immune,1
applications,knowledge,1
applications,temporal,1
applications,identification,1
applications,predicting,1
applications,number,1
applications,validate,1
applications,gat,1
applications,spatial-temporal,1
applications,single,1
applications,interaction,1
applications,layers,1
applications,task,1
applications,challenging,1
applications,energy,1
applications,step,1
applications,machine,1
applications,traffic,1
applications,communication,1
applications,synthetic,1
applications,real,1
applications,visual,1
applications,cells,1
applications,remote,1
applications,parameters,1
applications,rgb,1
applications,improved,1
applications,show,1
applications,large,1
applications,processing,1
applications,conditions,1
applications,previous,1
applications,pairs,1
applications,employed,1
applications,include,1
applications,captures,1
applications,learns,1
applications,embedding,1
applications,effective,1
applications,photocatalytic,1
applications,structural,1
applications,success,1
applications,cases,1
applications,variation,1
applications,identifying,1
applications,important,1
applications,reactions,1
applications,memory,1
applications,unit,1
applications,gated,1
applications,patterns,1
applications,field,1
applications,constructing,1
applications,comprehensive,1
applications,great,1
applications,light,1
applications,functions,1
applications,architecture,1
applications,multi-scale,1
applications,utilization,1
applications,structures,1
applications,neighbors,1
applications,part,1
applications,progress,1
applications,video,1
applications,focuses,1
applications,capturing,1
applications,traditional,1
applications,stability,1
applications,sample,1
applications,designed,1
applications,pollutants,1
applications,behaviors,1
applications,diffusion,1
applications,tree,1
applications,motion,1
applications,types,1
applications,protein,1
applications,point,1
applications,reported,1
applications,remarkable,1
applications,background,1
applications,center,1
models,paper,1
models,named,1
models,wide,1
models,specifically,1
models,structure,1
models,present,1
models,rarely,1
models,pharmacology,1
models,published,1
models,reduced,1
models,obtained,1
models,systems,1
models,network,1
models,networks,1
models,noise,1
models,rna,1
models,tcga,1
models,proposes,1
models,result,1
models,pharmacological,1
models,three-dimensional,1
models,problem,1
models,node,1
models,performance,1
models,recombination,1
models,real-world,1
models,thousands,1
models,owing,1
models,propose,1
models,roads,1
models,tasks,1
models,utilized,1
models,process,1
models,seoul,1
models,proteins,1
models,time-consuming,1
models,prohibitively,1
models,psycholinguistic,1
models,work,1
models,nodes,1
models,similar,1
models,smoothing,1
models,perform,1
models,study,1
models,strategy,1
models,presents,1
models,viable,1
models,outperform,1
models,string,1
models,sgc,1
models,u-shaped,1
models,samples,1
models,research,1
models,pressure,1
models,requirement,1
models,numerous,1
models,separation,1
models,sets,1
models,simultaneously,1
models,resulting,1
models,transformers,1
models,videos,1
models,years,1
models,theory,1
models,rely,1
models,obu,1
models,relation,1
models,relations,1
models,typically,1
models,understanding,1
models,sites,1
models,points,1
models,smiles,1
models,technologies,1
models,svm,1
models,softmax,1
models,patients,1
models,patient,1
models,similarity,1
models,rnas,1
models,pca,1
models,recently,1
models,molecules,1
models,molecule,1
models,ntu,1
models,unsupervised,1
models,secure,1
models,nlp,1
models,words,1
models,transformer,1
models,system,1
models,water,1
models,wiki,1
models,surge,1
models,skeleton,1
models,vehicle,1
models,results,1
models,subgraph,1
models,pose,1
models,skeleton-based,1
models,proposed,1
models,revealed,1
models,probability,1
models,spatial,1
models,pubmed,1
models,sentiments,1
models,role,1
models,optimization,1
models,relationships,1
models,representation,1
models,represent,1
models,topic,1
models,updated,1
models,training,1
models,u-net,1
models,supervised,1
models,works,1
models,showed,1
models,optimal,1
models,pooling,1
models,technique,1
models,prediction,1
models,propagation,1
models,time,1
models,neighbor,1
models,optical,1
models,module,1
models,representations,1
models,neural,1
models,user,1
models,predict,1
models,set,1
models,tumor,1
models,target,1
models,studies,1
models,recognition,1
models,multiple,1
models,trend,1
models,sparsity,1
models,recent,1
models,static,1
models,surface,1
models,significant,1
models,temporal,1
models,predicting,1
models,number,1
models,validate,1
models,spatial-temporal,1
models,single,1
models,task,1
models,step,1
models,traffic,1
models,synthetic,1
models,real,1
models,visual,1
models,remote,1
models,parameters,1
models,rgb,1
models,show,1
models,processing,1
models,previous,1
models,pairs,1
models,structural,1
models,success,1
models,variation,1
models,reactions,1
models,unit,1
models,patterns,1
models,targets,1
models,multi-scale,1
models,utilization,1
models,structures,1
models,neighbors,1
models,part,1
models,progress,1
models,video,1
models,traditional,1
models,stability,1
models,sample,1
models,pollutants,1
models,tree,1
models,motion,1
models,types,1
models,protein,1
models,point,1
models,reported,1
models,remarkable,1
result,wide,1
result,specifically,1
result,structure,1
result,systems,1
result,standards,1
result,rna,1
result,thousands,1
result,roads,1
result,tasks,1
result,utilized,1
result,time-consuming,1
result,tubes,1
result,work,1
result,similar,1
result,study,1
result,strategy,1
result,samples,1
result,separation,1
result,sets,1
result,simultaneously,1
result,resulting,1
result,sciences,1
result,videos,1
result,years,1
result,theory,1
result,typically,1
result,understanding,1
result,softmax,1
result,similarity,1
result,unsupervised,1
result,words,1
result,system,1
result,water,1
result,wiki,1
result,surge,1
result,skeleton,1
result,vehicle,1
result,results,1
result,subgraph,1
result,skeleton-based,1
result,revealed,1
result,spatial,1
result,sentiments,1
result,role,1
result,unifying,1
result,topic,1
result,training,1
result,supervised,1
result,works,1
result,showed,1
result,technique,1
result,time,1
result,single-granular,1
result,user,1
result,set,1
result,target,1
result,studies,1
result,sparsity,1
result,surface,1
result,significant,1
result,temporal,1
result,validate,1
result,spatial-temporal,1
result,single,1
result,task,1
result,step,1
result,traffic,1
result,synthetic,1
result,visual,1
result,splitting,1
result,show,1
result,structural,1
result,success,1
result,variation,1
result,unit,1
result,targets,1
result,utilization,1
result,structures,1
result,video,1
result,traditional,1
result,stability,1
result,sample,1
result,tree,1
result,types,1
beneficial,drug-drug,1
beneficial,paper,1
beneficial,method,1
beneficial,methods,1
beneficial,wide,1
beneficial,specifically,1
beneficial,demonstrates,1
beneficial,structure,1
beneficial,input,1
beneficial,existing,1
beneficial,graph,1
beneficial,considered,1
beneficial,nitride,1
beneficial,present,1
beneficial,literature,1
beneficial,extract,1
beneficial,pharmacology,1
beneficial,published,1
beneficial,common,1
beneficial,increasing,1
beneficial,gap,1
beneficial,developed,1
beneficial,obtained,1
beneficial,systems,1
beneficial,network,1
beneficial,networks,1
beneficial,noise,1
beneficial,proposes,1
beneficial,critical,1
beneficial,models,1
beneficial,result,1
beneficial,pharmacological,1
beneficial,efficient,1
beneficial,classification,1
beneficial,problem,1
beneficial,performance,1
beneficial,limited,1
beneficial,recombination,1
beneficial,real-world,1
beneficial,owing,1
beneficial,propose,1
beneficial,tasks,1
beneficial,utilized,1
beneficial,process,1
beneficial,time-consuming,1
beneficial,experimental,1
beneficial,elsevier,1
beneficial,heterojunction,1
beneficial,nitrogen-rich,1
beneficial,tubes,1
beneficial,chemical,1
beneficial,work,1
beneficial,graphitic,1
beneficial,gcn,1
beneficial,mixed,1
beneficial,excellent,1
beneficial,capability,1
beneficial,perform,1
beneficial,study,1
beneficial,strategy,1
beneficial,presents,1
beneficial,viable,1
beneficial,outperform,1
beneficial,explore,1
beneficial,research,1
beneficial,graphs,1
beneficial,numerous,1
beneficial,separation,1
beneficial,sets,1
beneficial,simultaneously,1
beneficial,resulting,1
beneficial,harmful,1
beneficial,videos,1
beneficial,features,1
beneficial,years,1
beneficial,leading,1
beneficial,decisions,1
beneficial,material,1
beneficial,gcns,1
beneficial,understanding,1
beneficial,convolutional,1
beneficial,heterogeneous,1
beneficial,model,1
beneficial,cnn,1
beneficial,due,1
beneficial,sites,1
beneficial,points,1
beneficial,efficiency,1
beneficial,improve,1
beneficial,catalysts,1
beneficial,capacity,1
beneficial,patients,1
beneficial,patient,1
beneficial,similarity,1
beneficial,recently,1
beneficial,system,1
beneficial,water,1
beneficial,datasets,1
beneficial,data,1
beneficial,nanosized,1
beneficial,effectively,1
beneficial,framework,1
beneficial,vehicle,1
beneficial,end,1
beneficial,layer,1
beneficial,results,1
beneficial,learning,1
beneficial,xps,1
beneficial,proposed,1
beneficial,revealed,1
beneficial,methodology,1
beneficial,spatial,1
beneficial,electron,1
beneficial,information,1
beneficial,evaluation,1
beneficial,role,1
beneficial,optimization,1
beneficial,relationships,1
beneficial,representation,1
beneficial,embeddings,1
beneficial,laplacian,1
beneficial,topic,1
beneficial,local,1
beneficial,deep,1
beneficial,training,1
beneficial,supervised,1
beneficial,works,1
beneficial,generate,1
beneficial,capture,1
beneficial,showed,1
beneficial,optimal,1
beneficial,dataset,1
beneficial,key,1
beneficial,human,1
beneficial,prediction,1
beneficial,factors,1
beneficial,propagation,1
beneficial,time,1
beneficial,learn,1
beneficial,evolution,1
beneficial,optical,1
beneficial,high,1
beneficial,module,1
beneficial,representations,1
beneficial,introduce,1
beneficial,neural,1
beneficial,expression,1
beneficial,user,1
beneficial,management,1
beneficial,predict,1
beneficial,feature,1
beneficial,set,1
beneficial,complex,1
beneficial,tumor,1
beneficial,target,1
beneficial,studies,1
beneficial,recognition,1
beneficial,identify,1
beneficial,convolution,1
beneficial,challenges,1
beneficial,multiple,1
beneficial,ternary,1
beneficial,recent,1
beneficial,gene,1
beneficial,surface,1
beneficial,knowledge,1
beneficial,temporal,1
beneficial,identification,1
beneficial,predicting,1
beneficial,number,1
beneficial,validate,1
beneficial,single,1
beneficial,interaction,1
beneficial,layers,1
beneficial,task,1
beneficial,challenging,1
beneficial,energy,1
beneficial,step,1
beneficial,machine,1
beneficial,traffic,1
beneficial,communication,1
beneficial,remote,1
beneficial,splitting,1
beneficial,parameters,1
beneficial,improved,1
beneficial,show,1
beneficial,large,1
beneficial,conditions,1
beneficial,previous,1
beneficial,pairs,1
beneficial,captures,1
beneficial,embedding,1
beneficial,effective,1
beneficial,photocatalytic,1
beneficial,structural,1
beneficial,success,1
beneficial,variation,1
beneficial,identifying,1
beneficial,important,1
beneficial,unit,1
beneficial,gated,1
beneficial,patterns,1
beneficial,field,1
beneficial,comprehensive,1
beneficial,great,1
beneficial,light,1
beneficial,targets,1
beneficial,neighbors,1
beneficial,traditional,1
beneficial,stability,1
beneficial,sample,1
beneficial,designed,1
beneficial,pollutants,1
beneficial,protein,1
beneficial,point,1
beneficial,remarkable,1
beneficial,center,1
pharmacological,wide,1
pharmacological,specifically,1
pharmacological,present,1
pharmacological,pharmacology,1
pharmacological,result,1
pharmacological,tasks,1
pharmacological,proteins,1
pharmacological,time-consuming,1
pharmacological,work,1
pharmacological,similar,1
pharmacological,samples,1
pharmacological,research,1
pharmacological,years,1
pharmacological,transformer,1
pharmacological,system,1
pharmacological,results,1
pharmacological,proposed,1
pharmacological,relationships,1
pharmacological,representation,1
pharmacological,topic,1
pharmacological,prediction,1
pharmacological,representations,1
pharmacological,predict,1
pharmacological,target,1
pharmacological,studies,1
pharmacological,recent,1
pharmacological,surface,1
pharmacological,significant,1
pharmacological,predicting,1
pharmacological,task,1
pharmacological,step,1
pharmacological,real,1
pharmacological,show,1
pharmacological,stability,1
pharmacological,types,1
pharmacological,protein,1
efficient,paper,1
efficient,named,1
efficient,method,1
efficient,methods,1
efficient,intuitively,1
efficient,inferred,1
efficient,wide,1
efficient,specifically,1
efficient,structure,1
efficient,input,1
efficient,existing,1
efficient,ignore,1
efficient,graph,1
efficient,metal,1
efficient,nitride,1
efficient,present,1
efficient,extract,1
efficient,published,1
efficient,generally,1
efficient,increasing,1
efficient,reduced,1
efficient,gap,1
efficient,roofs,1
efficient,hyperlinks,1
efficient,explicitly,1
efficient,obtained,1
efficient,generated,1
efficient,systems,1
efficient,network,1
efficient,standards,1
efficient,networks,1
efficient,noise,1
efficient,extracting,1
efficient,rna,1
efficient,tcga,1
efficient,pei-gcn,1
efficient,proposes,1
efficient,membranes,1
efficient,models,1
efficient,result,1
efficient,three-dimensional,1
efficient,problem,1
efficient,node,1
efficient,performance,1
efficient,limited,1
efficient,fast,1
efficient,recombination,1
efficient,real-world,1
efficient,owing,1
efficient,propose,1
efficient,tasks,1
efficient,utilized,1
efficient,process,1
efficient,proteins,1
efficient,time-consuming,1
efficient,experimental,1
efficient,elsevier,1
efficient,heterojunction,1
efficient,work,1
efficient,graphitic,1
efficient,gcn,1
efficient,nodes,1
efficient,established,1
efficient,mixed,1
efficient,excellent,1
efficient,similar,1
efficient,smoothing,1
efficient,perform,1
efficient,study,1
efficient,strategy,1
efficient,presents,1
efficient,viable,1
efficient,outperform,1
efficient,explore,1
efficient,sgc,1
efficient,samples,1
efficient,research,1
efficient,pressure,1
efficient,f-score,1
efficient,graphs,1
efficient,requirement,1
efficient,numerous,1
efficient,separation,1
efficient,sets,1
efficient,simultaneously,1
efficient,holes,1
efficient,resulting,1
efficient,photocatalyst,1
efficient,transformers,1
efficient,harmful,1
efficient,videos,1
efficient,features,1
efficient,years,1
efficient,language,1
efficient,theory,1
efficient,leading,1
efficient,rely,1
efficient,heavily,1
efficient,material,1
efficient,gcns,1
efficient,relation,1
efficient,relations,1
efficient,typically,1
efficient,firstly,1
efficient,understanding,1
efficient,heterogeneous,1
efficient,model,1
efficient,sites,1
efficient,points,1
efficient,improve,1
efficient,photoreduction,1
efficient,lstm,1
efficient,technologies,1
efficient,formed,1
efficient,euclidean,1
efficient,similarity,1
efficient,rnas,1
efficient,fourier,1
efficient,pca,1
efficient,recently,1
efficient,fixation,1
efficient,molecules,1
efficient,molecule,1
efficient,unsupervised,1
efficient,secure,1
efficient,words,1
efficient,transformer,1
efficient,system,1
efficient,water,1
efficient,surge,1
efficient,kinetics,1
efficient,skeleton,1
efficient,framework,1
efficient,vehicle,1
efficient,guided,1
efficient,end,1
efficient,layer,1
efficient,results,1
efficient,learning,1
efficient,subgraph,1
efficient,ftir,1
efficient,xps,1
efficient,pose,1
efficient,skeleton-based,1
efficient,graph-based,1
efficient,informative,1
efficient,proposed,1
efficient,revealed,1
efficient,probability,1
efficient,methodology,1
efficient,spatial,1
efficient,electron,1
efficient,information,1
efficient,evaluation,1
efficient,role,1
efficient,optimization,1
efficient,relationships,1
efficient,representation,1
efficient,represent,1
efficient,fenton,1
efficient,generative,1
efficient,embeddings,1
efficient,laplacian,1
efficient,topic,1
efficient,updated,1
efficient,global,1
efficient,local,1
efficient,training,1
efficient,u-net,1
efficient,supervised,1
efficient,error,1
efficient,works,1
efficient,generate,1
efficient,showed,1
efficient,optimal,1
efficient,pooling,1
efficient,key,1
efficient,human,1
efficient,technique,1
efficient,prediction,1
efficient,factors,1
efficient,propagation,1
efficient,time,1
efficient,learn,1
efficient,neighbor,1
efficient,evolution,1
efficient,optical,1
efficient,focus,1
efficient,modalities,1
efficient,high,1
efficient,module,1
efficient,representations,1
efficient,introduce,1
efficient,neural,1
efficient,expression,1
efficient,user,1
efficient,management,1
efficient,predict,1
efficient,feature,1
efficient,set,1
efficient,fully,1
efficient,tumor,1
efficient,target,1
efficient,studies,1
efficient,recognition,1
efficient,identify,1
efficient,multiple,1
efficient,ternary,1
efficient,trend,1
efficient,sparsity,1
efficient,faces,1
efficient,recent,1
efficient,static,1
efficient,gene,1
efficient,surface,1
efficient,significant,1
efficient,immune,1
efficient,knowledge,1
efficient,temporal,1
efficient,identification,1
efficient,predicting,1
efficient,number,1
efficient,validate,1
efficient,spatial-temporal,1
efficient,single,1
efficient,interaction,1
efficient,layers,1
efficient,task,1
efficient,energy,1
efficient,step,1
efficient,machine,1
efficient,traffic,1
efficient,synthetic,1
efficient,real,1
efficient,visual,1
efficient,remote,1
efficient,splitting,1
efficient,parameters,1
efficient,rgb,1
efficient,improved,1
efficient,show,1
efficient,large,1
efficient,processing,1
efficient,previous,1
efficient,pairs,1
efficient,employed,1
efficient,include,1
efficient,learns,1
efficient,embedding,1
efficient,photocatalytic,1
efficient,structural,1
efficient,success,1
efficient,variation,1
efficient,identifying,1
efficient,important,1
efficient,reactions,1
efficient,memory,1
efficient,unit,1
efficient,gated,1
efficient,patterns,1
efficient,field,1
efficient,great,1
efficient,light,1
efficient,functions,1
efficient,targets,1
efficient,multi-scale,1
efficient,utilization,1
efficient,structures,1
efficient,neighbors,1
efficient,part,1
efficient,progress,1
efficient,video,1
efficient,focuses,1
efficient,traditional,1
efficient,stability,1
efficient,sample,1
efficient,pollutants,1
efficient,tree,1
efficient,motion,1
efficient,types,1
efficient,point,1
efficient,remarkable,1
three-dimensional,u-shaped,1
three-dimensional,vehicle,1
three-dimensional,training,1
three-dimensional,u-net,1
three-dimensional,works,1
three-dimensional,time,1
three-dimensional,variation,1
three-dimensional,video,1
three-dimensional,traditional,1
three-dimensional,types,1
classification,paper,1
classification,named,1
classification,method,1
classification,methods,1
classification,intuitively,1
classification,wide,1
classification,specifically,1
classification,demonstrates,1
classification,dual,1
classification,interacts,1
classification,structure,1
classification,input,1
classification,existing,1
classification,ignore,1
classification,graph,1
classification,considered,1
classification,low-pass,1
classification,metal,1
classification,present,1
classification,literature,1
classification,rarely,1
classification,concentrated,1
classification,extract,1
classification,published,1
classification,curated,1
classification,generally,1
classification,common,1
classification,increasing,1
classification,reduced,1
classification,gap,1
classification,developed,1
classification,independently,1
classification,differently,1
classification,explicitly,1
classification,obtained,1
classification,generated,1
classification,systems,1
classification,network,1
classification,networks,1
classification,noise,1
classification,extracting,1
classification,rna,1
classification,tcga,1
classification,proposes,1
classification,critical,1
classification,models,1
classification,result,1
classification,efficient,1
classification,three-dimensional,1
classification,problem,1
classification,node,1
classification,performance,1
classification,limited,1
classification,fast,1
classification,real-world,1
classification,thousands,1
classification,owing,1
classification,propose,1
classification,tasks,1
classification,utilized,1
classification,process,1
classification,proteins,1
classification,encoded,1
classification,time-consuming,1
classification,experimental,1
classification,elsevier,1
classification,work,1
classification,gcn,1
classification,nodes,1
classification,established,1
classification,mixed,1
classification,excellent,1
classification,similar,1
classification,smoothing,1
classification,perform,1
classification,study,1
classification,strategy,1
classification,presents,1
classification,outperform,1
classification,descriptor,1
classification,explore,1
classification,sgc,1
classification,u-shaped,1
classification,samples,1
classification,research,1
classification,f-score,1
classification,graphs,1
classification,requirement,1
classification,numerous,1
classification,separation,1
classification,sets,1
classification,simultaneously,1
classification,resulting,1
classification,transformers,1
classification,videos,1
classification,features,1
classification,years,1
classification,language,1
classification,theory,1
classification,leading,1
classification,rely,1
classification,decisions,1
classification,heavily,1
classification,hemisphere,1
classification,gcns,1
classification,relation,1
classification,relations,1
classification,typically,1
classification,firstly,1
classification,understanding,1
classification,imdb,1
classification,convolutional,1
classification,heterogeneous,1
classification,model,1
classification,cnn,1
classification,due,1
classification,sites,1
classification,cloud,1
classification,points,1
classification,efficiency,1
classification,improve,1
classification,ethereum,1
classification,lstm,1
classification,technologies,1
classification,svm,1
classification,knn,1
classification,softmax,1
classification,formed,1
classification,euclidean,1
classification,patients,1
classification,patient,1
classification,similarity,1
classification,rnas,1
classification,initiative,1
classification,pca,1
classification,decades,1
classification,copy,1
classification,recently,1
classification,molecules,1
classification,molecule,1
classification,ntu,1
classification,edges,1
classification,unsupervised,1
classification,matthews,1
classification,secure,1
classification,nlp,1
classification,words,1
classification,transformer,1
classification,system,1
classification,water,1
classification,wiki,1
classification,datasets,1
classification,data,1
classification,effectively,1
classification,data-driven,1
classification,kinetics,1
classification,skeleton,1
classification,framework,1
classification,vehicle,1
classification,guided,1
classification,end,1
classification,layer,1
classification,results,1
classification,learning,1
classification,subgraph,1
classification,pose,1
classification,skeleton-based,1
classification,graph-based,1
classification,informative,1
classification,dependencies,1
classification,proposed,1
classification,conduct,1
classification,meaningful,1
classification,revealed,1
classification,probability,1
classification,methodology,1
classification,spatial,1
classification,pubmed,1
classification,sentiments,1
classification,electron,1
classification,information,1
classification,evaluation,1
classification,role,1
classification,optimization,1
classification,relationships,1
classification,representation,1
classification,represent,1
classification,generative,1
classification,embeddings,1
classification,laplacian,1
classification,topic,1
classification,updated,1
classification,global,1
classification,local,1
classification,deep,1
classification,training,1
classification,correlations,1
classification,u-net,1
classification,supervised,1
classification,error,1
classification,works,1
classification,generate,1
classification,showed,1
classification,optimal,1
classification,presentation,1
classification,pooling,1
classification,dataset,1
classification,key,1
classification,human,1
classification,technique,1
classification,prediction,1
classification,factors,1
classification,propagation,1
classification,time,1
classification,daily,1
classification,learn,1
classification,neighbor,1
classification,evolution,1
classification,single-granular,1
classification,optical,1
classification,focus,1
classification,desirable,1
classification,modalities,1
classification,high,1
classification,module,1
classification,representations,1
classification,introduce,1
classification,neural,1
classification,expression,1
classification,user,1
classification,management,1
classification,predict,1
classification,feature,1
classification,set,1
classification,fully,1
classification,complex,1
classification,tumor,1
classification,target,1
classification,studies,1
classification,dense,1
classification,recognition,1
classification,identify,1
classification,convolution,1
classification,multiple,1
classification,trend,1
classification,sparsity,1
classification,faces,1
classification,recent,1
classification,static,1
classification,gene,1
classification,significant,1
classification,immune,1
classification,knowledge,1
classification,temporal,1
classification,identification,1
classification,predicting,1
classification,number,1
classification,validate,1
classification,gat,1
classification,spatial-temporal,1
classification,single,1
classification,interaction,1
classification,layers,1
classification,task,1
classification,energy,1
classification,step,1
classification,machine,1
classification,traffic,1
classification,communication,1
classification,synthetic,1
classification,real,1
classification,visual,1
classification,remote,1
classification,parameters,1
classification,rgb,1
classification,improved,1
classification,show,1
classification,large,1
classification,processing,1
classification,conditions,1
classification,previous,1
classification,pairs,1
classification,employed,1
classification,include,1
classification,learns,1
classification,embedding,1
classification,effective,1
classification,structural,1
classification,success,1
classification,variation,1
classification,identifying,1
classification,important,1
classification,memory,1
classification,unit,1
classification,gated,1
classification,patterns,1
classification,field,1
classification,constructing,1
classification,comprehensive,1
classification,great,1
classification,light,1
classification,functions,1
classification,targets,1
classification,multi-scale,1
classification,utilization,1
classification,structures,1
classification,neighbors,1
classification,part,1
classification,progress,1
classification,video,1
classification,focuses,1
classification,traditional,1
classification,stability,1
classification,sample,1
classification,designed,1
classification,diffusion,1
classification,tree,1
classification,motion,1
classification,types,1
classification,protein,1
classification,point,1
classification,reported,1
classification,remarkable,1
problem,wide,1
problem,specifically,1
problem,structure,1
problem,rarely,1
problem,published,1
problem,reduced,1
problem,systems,1
problem,rna,1
problem,tcga,1
problem,proposes,1
problem,result,1
problem,three-dimensional,1
problem,recombination,1
problem,real-world,1
problem,thousands,1
problem,propose,1
problem,roads,1
problem,tasks,1
problem,utilized,1
problem,process,1
problem,proteins,1
problem,time-consuming,1
problem,work,1
problem,similar,1
problem,smoothing,1
problem,study,1
problem,strategy,1
problem,string,1
problem,u-shaped,1
problem,samples,1
problem,research,1
problem,requirement,1
problem,separation,1
problem,sets,1
problem,simultaneously,1
problem,resulting,1
problem,transformers,1
problem,videos,1
problem,years,1
problem,theory,1
problem,rely,1
problem,relation,1
problem,relations,1
problem,typically,1
problem,understanding,1
problem,sites,1
problem,technologies,1
problem,svm,1
problem,softmax,1
problem,similarity,1
problem,rnas,1
problem,recently,1
problem,unsupervised,1
problem,secure,1
problem,words,1
problem,transformer,1
problem,system,1
problem,water,1
problem,surge,1
problem,skeleton,1
problem,vehicle,1
problem,results,1
problem,subgraph,1
problem,skeleton-based,1
problem,proposed,1
problem,spatial,1
problem,pubmed,1
problem,sentiments,1
problem,role,1
problem,relationships,1
problem,representation,1
problem,represent,1
problem,topic,1
problem,updated,1
problem,training,1
problem,u-net,1
problem,supervised,1
problem,works,1
problem,showed,1
problem,technique,1
problem,propagation,1
problem,time,1
problem,representations,1
problem,user,1
problem,set,1
problem,tumor,1
problem,target,1
problem,studies,1
problem,recognition,1
problem,trend,1
problem,sparsity,1
problem,recent,1
problem,static,1
problem,surface,1
problem,significant,1
problem,temporal,1
problem,validate,1
problem,spatial-temporal,1
problem,single,1
problem,task,1
problem,step,1
problem,traffic,1
problem,synthetic,1
problem,real,1
problem,visual,1
problem,remote,1
problem,splitting,1
problem,rgb,1
problem,show,1
problem,processing,1
problem,structural,1
problem,success,1
problem,variation,1
problem,reactions,1
problem,unit,1
problem,targets,1
problem,utilization,1
problem,structures,1
problem,progress,1
problem,video,1
problem,traditional,1
problem,stability,1
problem,sample,1
problem,tree,1
problem,types,1
problem,protein,1
problem,reported,1
problem,remarkable,1
node,paper,1
node,wide,1
node,specifically,1
node,structure,1
node,present,1
node,rarely,1
node,published,1
node,reduced,1
node,obtained,1
node,systems,1
node,noise,1
node,tcga,1
node,proposes,1
node,result,1
node,three-dimensional,1
node,problem,1
node,performance,1
node,real-world,1
node,thousands,1
node,owing,1
node,propose,1
node,tasks,1
node,utilized,1
node,process,1
node,proteins,1
node,time-consuming,1
node,work,1
node,nodes,1
node,similar,1
node,smoothing,1
node,perform,1
node,study,1
node,strategy,1
node,presents,1
node,viable,1
node,outperform,1
node,u-shaped,1
node,samples,1
node,research,1
node,requirement,1
node,numerous,1
node,separation,1
node,sets,1
node,simultaneously,1
node,resulting,1
node,sciences,1
node,videos,1
node,years,1
node,theory,1
node,rely,1
node,relation,1
node,relations,1
node,typically,1
node,understanding,1
node,sites,1
node,points,1
node,smiles,1
node,technologies,1
node,svm,1
node,softmax,1
node,patients,1
node,patient,1
node,similarity,1
node,recently,1
node,ntu,1
node,unsupervised,1
node,secure,1
node,words,1
node,transformer,1
node,system,1
node,water,1
node,wiki,1
node,surge,1
node,skeleton,1
node,vehicle,1
node,results,1
node,subgraph,1
node,pose,1
node,skeleton-based,1
node,proposed,1
node,revealed,1
node,probability,1
node,spatial,1
node,pubmed,1
node,role,1
node,optimization,1
node,relationships,1
node,representation,1
node,represent,1
node,topic,1
node,updated,1
node,training,1
node,u-net,1
node,supervised,1
node,works,1
node,showed,1
node,optimal,1
node,pooling,1
node,technique,1
node,prediction,1
node,propagation,1
node,time,1
node,single-granular,1
node,representations,1
node,user,1
node,predict,1
node,set,1
node,tumor,1
node,target,1
node,studies,1
node,recognition,1
node,trend,1
node,sparsity,1
node,recent,1
node,static,1
node,surface,1
node,significant,1
node,temporal,1
node,predicting,1
node,number,1
node,validate,1
node,spatial-temporal,1
node,single,1
node,task,1
node,step,1
node,traffic,1
node,synthetic,1
node,real,1
node,visual,1
node,remote,1
node,parameters,1
node,rgb,1
node,show,1
node,processing,1
node,previous,1
node,pairs,1
node,structural,1
node,success,1
node,variation,1
node,unit,1
node,patterns,1
node,targets,1
node,utilization,1
node,structures,1
node,part,1
node,progress,1
node,video,1
node,traditional,1
node,stability,1
node,sample,1
node,pollutants,1
node,tree,1
node,types,1
node,protein,1
node,point,1
node,reported,1
node,remarkable,1
address,drug-drug,1
address,paper,1
address,named,1
address,method,1
address,methods,1
address,intuitively,1
address,inferred,1
address,wide,1
address,specifically,1
address,demonstrates,1
address,dual,1
address,structure,1
address,input,1
address,existing,1
address,approaches,1
address,ignore,1
address,benefit,1
address,graph,1
address,considered,1
address,attributes,1
address,present,1
address,literature,1
address,rarely,1
address,extract,1
address,published,1
address,generally,1
address,common,1
address,increasing,1
address,reduced,1
address,gap,1
address,developed,1
address,independently,1
address,explicitly,1
address,attention,1
address,obtained,1
address,generated,1
address,systems,1
address,network,1
address,networks,1
address,noise,1
address,extracting,1
address,rna,1
address,proposes,1
address,assist,1
address,critical,1
address,assessment,1
address,applications,1
address,models,1
address,result,1
address,beneficial,1
address,efficient,1
address,three-dimensional,1
address,classification,1
address,problem,1
address,node,1
address,performance,1
address,limited,1
address,fast,1
address,real-world,1
address,dempster-shafer,1
address,thousands,1
address,owing,1
address,propose,1
address,roads,1
address,tasks,1
address,alternatively,1
address,utilized,1
address,process,1
address,proteins,1
address,encoded,1
address,time-consuming,1
address,experimental,1
address,elsevier,1
address,attack,1
address,work,1
address,gcn,1
address,granger,1
address,nodes,1
address,established,1
address,mixed,1
address,excellent,1
address,capability,1
address,similar,1
address,smoothing,1
address,perform,1
address,study,1
address,strategy,1
address,presents,1
address,outperform,1
address,string,1
address,descriptor,1
address,explore,1
address,samples,1
address,research,1
address,f-score,1
address,auc,1
address,graphs,1
address,requirement,1
address,numerous,1
address,separation,1
address,sets,1
address,simultaneously,1
address,area,1
address,holes,1
address,resulting,1
address,investigations,1
address,sciences,1
address,transformers,1
address,videos,1
address,features,1
address,years,1
address,language,1
address,theory,1
address,leading,1
address,rely,1
address,decisions,1
address,gcns,1
address,relation,1
address,relations,1
address,typically,1
address,firstly,1
address,understanding,1
address,kitti,1
address,convolutional,1
address,mscoco,1
address,heterogeneous,1
address,model,1
address,cnn,1
address,due,1
address,sites,1
address,cloud,1
address,points,1
address,efficiency,1
address,improve,1
address,ethereum,1
address,lstm,1
address,bidirectional,1
address,capacity,1
address,softmax,1
address,formed,1
address,euclidean,1
address,patients,1
address,patient,1
address,similarity,1
address,annotations,1
address,rnas,1
address,algorithms,1
address,initiative,1
address,decades,1
address,copy,1
address,recently,1
address,molecules,1
address,ntu,1
address,edges,1
address,unsupervised,1
address,secure,1
address,nlp,1
address,words,1
address,transformer,1
address,system,1
address,water,1
address,datasets,1
address,data,1
address,effectively,1
address,data-driven,1
address,kinetics,1
address,skeleton,1
address,canadian,1
address,framework,1
address,vehicle,1
address,guided,1
address,end,1
address,layer,1
address,results,1
address,learning,1
address,subgraph,1
address,pose,1
address,skeleton-based,1
address,algorithm,1
address,graph-based,1
address,informative,1
address,dependencies,1
address,proposed,1
address,based,1
address,conduct,1
address,meaningful,1
address,revealed,1
address,gcaru,1
address,probability,1
address,methodology,1
address,spatial,1
address,pubmed,1
address,electron,1
address,information,1
address,evaluation,1
address,role,1
address,cgcnimp,1
address,auroc,1
address,auprc,1
address,optimization,1
address,relationships,1
address,representation,1
address,represent,1
address,generative,1
address,embeddings,1
address,laplacian,1
address,topic,1
address,updated,1
address,global,1
address,local,1
address,deep,1
address,training,1
address,correlations,1
address,supervised,1
address,error,1
address,works,1
address,generate,1
address,capture,1
address,showed,1
address,optimal,1
address,pooling,1
address,dataset,1
address,key,1
address,human,1
address,technique,1
address,prediction,1
address,factors,1
address,propagation,1
address,time,1
address,daily,1
address,learn,1
address,neighbor,1
address,evolution,1
address,optical,1
address,approach,1
address,focus,1
address,desirable,1
address,modalities,1
address,high,1
address,module,1
address,representations,1
address,introduce,1
address,neural,1
address,expression,1
address,user,1
address,management,1
address,predict,1
address,feature,1
address,set,1
address,fully,1
address,complex,1
address,tumor,1
address,target,1
address,studies,1
address,dense,1
address,recognition,1
address,identify,1
address,convolution,1
address,challenges,1
address,multiple,1
address,trend,1
address,sparsity,1
address,faces,1
address,recent,1
address,static,1
address,gene,1
address,surface,1
address,significant,1
address,knowledge,1
address,temporal,1
address,identification,1
address,predicting,1
address,number,1
address,validate,1
address,gat,1
address,spatial-temporal,1
address,single,1
address,interaction,1
address,layers,1
address,task,1
address,challenging,1
address,energy,1
address,step,1
address,machine,1
address,traffic,1
address,communication,1
address,synthetic,1
address,real,1
address,visual,1
address,analysis,1
address,parameters,1
address,rgb,1
address,improved,1
address,show,1
address,large,1
address,processing,1
address,conditions,1
address,previous,1
address,pairs,1
address,employed,1
address,include,1
address,captures,1
address,learns,1
address,embedding,1
address,effective,1
address,structural,1
address,success,1
address,cases,1
address,variation,1
address,identifying,1
address,important,1
address,memory,1
address,unit,1
address,gated,1
address,patterns,1
address,field,1
address,constructing,1
address,comprehensive,1
address,great,1
address,light,1
address,functions,1
address,targets,1
address,architecture,1
address,multi-scale,1
address,annotation,1
address,utilization,1
address,aggregation,1
address,structures,1
address,neighbors,1
address,part,1
address,progress,1
address,video,1
address,focuses,1
address,capturing,1
address,traditional,1
address,affected,1
address,stability,1
address,sample,1
address,designed,1
address,pollutants,1
address,behaviors,1
address,diffusion,1
address,tree,1
address,motion,1
address,types,1
address,protein,1
address,point,1
address,remarkable,1
address,background,1
performance,wide,1
performance,specifically,1
performance,structure,1
performance,present,1
performance,rarely,1
performance,published,1
performance,reduced,1
performance,systems,1
performance,standards,1
performance,rna,1
performance,tcga,1
performance,proposes,1
performance,result,1
performance,pharmacological,1
performance,three-dimensional,1
performance,problem,1
performance,recombination,1
performance,real-world,1
performance,thousands,1
performance,propose,1
performance,roads,1
performance,tasks,1
performance,utilized,1
performance,process,1
performance,seoul,1
performance,proteins,1
performance,time-consuming,1
performance,work,1
performance,similar,1
performance,smoothing,1
performance,study,1
performance,strategy,1
performance,presents,1
performance,viable,1
performance,sgc,1
performance,u-shaped,1
performance,samples,1
performance,research,1
performance,pressure,1
performance,requirement,1
performance,separation,1
performance,sets,1
performance,simultaneously,1
performance,resulting,1
performance,photocatalyst,1
performance,plant,1
performance,transformers,1
performance,videos,1
performance,years,1
performance,theory,1
performance,rely,1
performance,relation,1
performance,relations,1
performance,typically,1
performance,understanding,1
performance,sites,1
performance,points,1
performance,smiles,1
performance,technologies,1
performance,svm,1
performance,softmax,1
performance,similarity,1
performance,rnas,1
performance,recently,1
performance,unsupervised,1
performance,secure,1
performance,words,1
performance,transformer,1
performance,system,1
performance,water,1
performance,surge,1
performance,skeleton,1
performance,vehicle,1
performance,results,1
performance,subgraph,1
performance,xps,1
performance,pose,1
performance,skeleton-based,1
performance,proposed,1
performance,revealed,1
performance,probability,1
performance,spatial,1
performance,pubmed,1
performance,sentiments,1
performance,role,1
performance,relationships,1
performance,representation,1
performance,represent,1
performance,topic,1
performance,updated,1
performance,training,1
performance,u-net,1
performance,supervised,1
performance,works,1
performance,showed,1
performance,psf,1
performance,presentation,1
performance,pooling,1
performance,technique,1
performance,prediction,1
performance,propagation,1
performance,time,1
performance,representations,1
performance,user,1
performance,predict,1
performance,set,1
performance,tumor,1
performance,target,1
performance,studies,1
performance,recognition,1
performance,ternary,1
performance,trend,1
performance,sparsity,1
performance,recent,1
performance,static,1
performance,surface,1
performance,significant,1
performance,temporal,1
performance,predicting,1
performance,validate,1
performance,spatial-temporal,1
performance,single,1
performance,task,1
performance,step,1
performance,traffic,1
performance,synthetic,1
performance,real,1
performance,visual,1
performance,remote,1
performance,splitting,1
performance,rgb,1
performance,show,1
performance,processing,1
performance,previous,1
performance,photocatalytic,1
performance,structural,1
performance,success,1
performance,variation,1
performance,reactions,1
performance,unit,1
performance,targets,1
performance,utilization,1
performance,structures,1
performance,progress,1
performance,video,1
performance,traditional,1
performance,stability,1
performance,sample,1
performance,pollutants,1
performance,tree,1
performance,types,1
performance,protein,1
performance,point,1
performance,reported,1
performance,remarkable,1
limited,paper,1
limited,named,1
limited,method,1
limited,methods,1
limited,wide,1
limited,specifically,1
limited,structure,1
limited,nitride,1
limited,present,1
limited,literature,1
limited,published,1
limited,reduced,1
limited,obtained,1
limited,systems,1
limited,network,1
limited,networks,1
limited,noise,1
limited,rna,1
limited,proposes,1
limited,models,1
limited,result,1
limited,pharmacological,1
limited,three-dimensional,1
limited,problem,1
limited,node,1
limited,performance,1
limited,recombination,1
limited,real-world,1
limited,owing,1
limited,propose,1
limited,tasks,1
limited,utilized,1
limited,process,1
limited,proteins,1
limited,time-consuming,1
limited,work,1
limited,nodes,1
limited,similar,1
limited,perform,1
limited,study,1
limited,strategy,1
limited,presents,1
limited,outperform,1
limited,samples,1
limited,research,1
limited,requirement,1
limited,numerous,1
limited,separation,1
limited,sets,1
limited,simultaneously,1
limited,resulting,1
limited,photocatalyst,1
limited,plant,1
limited,transformers,1
limited,videos,1
limited,years,1
limited,theory,1
limited,rely,1
limited,material,1
limited,relation,1
limited,relations,1
limited,typically,1
limited,understanding,1
limited,model,1
limited,sites,1
limited,points,1
limited,lstm,1
limited,technologies,1
limited,softmax,1
limited,patients,1
limited,patient,1
limited,similarity,1
limited,recently,1
limited,molecules,1
limited,ntu,1
limited,unsupervised,1
limited,nlp,1
limited,words,1
limited,transformer,1
limited,system,1
limited,water,1
limited,skeleton,1
limited,results,1
limited,subgraph,1
limited,xps,1
limited,pose,1
limited,skeleton-based,1
limited,proposed,1
limited,meaningful,1
limited,revealed,1
limited,probability,1
limited,methodology,1
limited,spatial,1
limited,sentiments,1
limited,role,1
limited,optimization,1
limited,relationships,1
limited,representation,1
limited,represent,1
limited,topic,1
limited,updated,1
limited,local,1
limited,training,1
limited,u-net,1
limited,supervised,1
limited,works,1
limited,showed,1
limited,optimal,1
limited,presentation,1
limited,pooling,1
limited,technique,1
limited,prediction,1
limited,propagation,1
limited,time,1
limited,neighbor,1
limited,optical,1
limited,modalities,1
limited,module,1
limited,representations,1
limited,neural,1
limited,user,1
limited,management,1
limited,predict,1
limited,set,1
limited,target,1
limited,studies,1
limited,recognition,1
limited,multiple,1
limited,ternary,1
limited,sparsity,1
limited,recent,1
limited,static,1
limited,surface,1
limited,significant,1
limited,temporal,1
limited,predicting,1
limited,number,1
limited,validate,1
limited,spatial-temporal,1
limited,single,1
limited,task,1
limited,step,1
limited,machine,1
limited,traffic,1
limited,synthetic,1
limited,real,1
limited,visual,1
limited,remote,1
limited,splitting,1
limited,parameters,1
limited,rgb,1
limited,show,1
limited,processing,1
limited,previous,1
limited,pairs,1
limited,photocatalytic,1
limited,structural,1
limited,success,1
limited,variation,1
limited,memory,1
limited,unit,1
limited,patterns,1
limited,multi-scale,1
limited,utilization,1
limited,structures,1
limited,neighbors,1
limited,part,1
limited,progress,1
limited,video,1
limited,traditional,1
limited,stability,1
limited,sample,1
limited,pollutants,1
limited,tree,1
limited,motion,1
limited,types,1
limited,protein,1
limited,point,1
limited,reported,1
limited,remarkable,1
fast,paper,1
fast,named,1
fast,method,1
fast,methods,1
fast,wide,1
fast,specifically,1
fast,structure,1
fast,graph,1
fast,metal,1
fast,nitride,1
fast,present,1
fast,literature,1
fast,published,1
fast,increasing,1
fast,reduced,1
fast,obtained,1
fast,generated,1
fast,systems,1
fast,network,1
fast,networks,1
fast,proposes,1
fast,models,1
fast,result,1
fast,problem,1
fast,node,1
fast,performance,1
fast,limited,1
fast,recombination,1
fast,real-world,1
fast,thousands,1
fast,hours,1
fast,owing,1
fast,propose,1
fast,roads,1
fast,tasks,1
fast,utilized,1
fast,process,1
fast,proteins,1
fast,time-consuming,1
fast,heterojunction,1
fast,work,1
fast,graphitic,1
fast,gcn,1
fast,nodes,1
fast,similar,1
fast,smoothing,1
fast,perform,1
fast,study,1
fast,strategy,1
fast,presents,1
fast,samples,1
fast,research,1
fast,graphs,1
fast,numerous,1
fast,separation,1
fast,sets,1
fast,simultaneously,1
fast,holes,1
fast,resulting,1
fast,photocatalyst,1
fast,videos,1
fast,features,1
fast,years,1
fast,language,1
fast,theory,1
fast,rely,1
fast,material,1
fast,gcns,1
fast,relation,1
fast,relations,1
fast,typically,1
fast,understanding,1
fast,model,1
fast,sites,1
fast,points,1
fast,improve,1
fast,svm,1
fast,similarity,1
fast,rnas,1
fast,recently,1
fast,unsupervised,1
fast,nlp,1
fast,system,1
fast,water,1
fast,kinetics,1
fast,skeleton,1
fast,framework,1
fast,vehicle,1
fast,layer,1
fast,results,1
fast,learning,1
fast,pose,1
fast,skeleton-based,1
fast,graph-based,1
fast,proposed,1
fast,meaningful,1
fast,revealed,1
fast,methodology,1
fast,spatial,1
fast,information,1
fast,role,1
fast,optimization,1
fast,representation,1
fast,topic,1
fast,global,1
fast,local,1
fast,training,1
fast,u-net,1
fast,supervised,1
fast,works,1
fast,generate,1
fast,showed,1
fast,optimal,1
fast,pooling,1
fast,key,1
fast,human,1
fast,prediction,1
fast,propagation,1
fast,time,1
fast,learn,1
fast,neighbor,1
fast,focus,1
fast,high,1
fast,module,1
fast,representations,1
fast,introduce,1
fast,neural,1
fast,user,1
fast,management,1
fast,predict,1
fast,feature,1
fast,set,1
fast,fully,1
fast,tumor,1
fast,target,1
fast,studies,1
fast,recognition,1
fast,multiple,1
fast,recent,1
fast,gene,1
fast,surface,1
fast,significant,1
fast,knowledge,1
fast,temporal,1
fast,number,1
fast,validate,1
fast,gat,1
fast,spatial-temporal,1
fast,single,1
fast,interaction,1
fast,layers,1
fast,task,1
fast,machine,1
fast,traffic,1
fast,synthetic,1
fast,real,1
fast,remote,1
fast,splitting,1
fast,parameters,1
fast,improved,1
fast,show,1
fast,large,1
fast,processing,1
fast,previous,1
fast,pairs,1
fast,photocatalytic,1
fast,structural,1
fast,identifying,1
fast,important,1
fast,memory,1
fast,unit,1
fast,patterns,1
fast,field,1
fast,great,1
fast,light,1
fast,functions,1
fast,structures,1
fast,video,1
fast,focuses,1
fast,traditional,1
fast,stability,1
fast,sample,1
fast,types,1
fast,protein,1
fast,point,1
recombination,wide,1
recombination,structure,1
recombination,reduced,1
recombination,systems,1
recombination,result,1
recombination,work,1
recombination,similar,1
recombination,study,1
recombination,strategy,1
recombination,samples,1
recombination,research,1
recombination,separation,1
recombination,simultaneously,1
recombination,resulting,1
recombination,sciences,1
recombination,theory,1
recombination,sites,1
recombination,words,1
recombination,system,1
recombination,water,1
recombination,skeleton,1
recombination,results,1
recombination,xps,1
recombination,revealed,1
recombination,spatial,1
recombination,role,1
recombination,showed,1
recombination,technique,1
recombination,time,1
recombination,studies,1
recombination,ternary,1
recombination,surface,1
recombination,significant,1
recombination,step,1
recombination,synthetic,1
recombination,visual,1
recombination,splitting,1
recombination,show,1
recombination,structural,1
recombination,success,1
recombination,traditional,1
recombination,stability,1
recombination,sample,1
recombination,types,1
recombination,reported,1
recombination,remarkable,1
real-world,wide,1
real-world,specifically,1
real-world,structure,1
real-world,reduced,1
real-world,systems,1
real-world,standards,1
real-world,result,1
real-world,three-dimensional,1
real-world,recombination,1
real-world,thousands,1
real-world,roads,1
real-world,tasks,1
real-world,utilized,1
real-world,work,1
real-world,similar,1
real-world,smoothing,1
real-world,study,1
real-world,strategy,1
real-world,string,1
real-world,u-shaped,1
real-world,samples,1
real-world,research,1
real-world,requirement,1
real-world,separation,1
real-world,sets,1
real-world,simultaneously,1
real-world,resulting,1
real-world,transformers,1
real-world,videos,1
real-world,years,1
real-world,theory,1
real-world,rely,1
real-world,relation,1
real-world,relations,1
real-world,typically,1
real-world,understanding,1
real-world,technologies,1
real-world,softmax,1
real-world,similarity,1
real-world,recently,1
real-world,unsupervised,1
real-world,words,1
real-world,transformer,1
real-world,system,1
real-world,water,1
real-world,surge,1
real-world,skeleton,1
real-world,vehicle,1
real-world,results,1
real-world,skeleton-based,1
real-world,revealed,1
real-world,spatial,1
real-world,role,1
real-world,relationships,1
real-world,representation,1
real-world,represent,1
real-world,unifying,1
real-world,topic,1
real-world,updated,1
real-world,training,1
real-world,u-net,1
real-world,supervised,1
real-world,works,1
real-world,showed,1
real-world,technique,1
real-world,time,1
real-world,representations,1
real-world,user,1
real-world,set,1
real-world,target,1
real-world,studies,1
real-world,recognition,1
real-world,trend,1
real-world,sparsity,1
real-world,recent,1
real-world,static,1
real-world,surface,1
real-world,significant,1
real-world,temporal,1
real-world,validate,1
real-world,spatial-temporal,1
real-world,single,1
real-world,task,1
real-world,step,1
real-world,traffic,1
real-world,synthetic,1
real-world,visual,1
real-world,rgb,1
real-world,show,1
real-world,structural,1
real-world,success,1
real-world,variation,1
real-world,unit,1
real-world,utilization,1
real-world,structures,1
real-world,video,1
real-world,traditional,1
real-world,stability,1
real-world,sample,1
real-world,types,1
real-world,reported,1
real-world,remarkable,1
dempster-shafer,method,1
dempster-shafer,wide,1
dempster-shafer,ignore,1
dempster-shafer,graph,1
dempster-shafer,developed,1
dempster-shafer,generated,1
dempster-shafer,network,1
dempster-shafer,networks,1
dempster-shafer,fast,1
dempster-shafer,real-world,1
dempster-shafer,thousands,1
dempster-shafer,propose,1
dempster-shafer,work,1
dempster-shafer,strategy,1
dempster-shafer,presents,1
dempster-shafer,graphs,1
dempster-shafer,theory,1
dempster-shafer,model,1
dempster-shafer,recently,1
dempster-shafer,framework,1
dempster-shafer,vehicle,1
dempster-shafer,results,1
dempster-shafer,learning,1
dempster-shafer,proposed,1
dempster-shafer,probability,1
dempster-shafer,information,1
dempster-shafer,focus,1
dempster-shafer,high,1
dempster-shafer,introduce,1
dempster-shafer,set,1
dempster-shafer,fully,1
dempster-shafer,traffic,1
dempster-shafer,real,1
dempster-shafer,parameters,1
dempster-shafer,show,1
dempster-shafer,important,1
dempster-shafer,traditional,1
dempster-shafer,point,1
thousands,work,1
thousands,trna,1
thousands,typically,1
thousands,understanding,1
thousands,unsupervised,1
thousands,training,1
thousands,validate,1
thousands,traditional,1
thousands,types,1
hours,paper,1
hours,method,1
hours,methods,1
hours,specifically,1
hours,input,1
hours,present,1
hours,independently,1
hours,obtained,1
hours,network,1
hours,networks,1
hours,result,1
hours,problem,1
hours,node,1
hours,performance,1
hours,limited,1
hours,recombination,1
hours,owing,1
hours,propose,1
hours,roads,1
hours,process,1
hours,proteins,1
hours,work,1
hours,study,1
hours,strategy,1
hours,numerous,1
hours,simultaneously,1
hours,plant,1
hours,theory,1
hours,model,1
hours,improve,1
hours,lstm,1
hours,patients,1
hours,patient,1
hours,system,1
hours,water,1
hours,skeleton,1
hours,results,1
hours,learning,1
hours,proposed,1
hours,probability,1
hours,methodology,1
hours,spatial,1
hours,information,1
hours,optimization,1
hours,works,1
hours,showed,1
hours,optimal,1
hours,key,1
hours,technique,1
hours,prediction,1
hours,time,1
hours,learn,1
hours,neighbor,1
hours,neural,1
hours,management,1
hours,predict,1
hours,recognition,1
hours,multiple,1
hours,recent,1
hours,significant,1
hours,temporal,1
hours,predicting,1
hours,number,1
hours,validate,1
hours,step,1
hours,machine,1
hours,traffic,1
hours,real,1
hours,splitting,1
hours,large,1
hours,photocatalytic,1
hours,memory,1
hours,light,1
hours,stability,1
hours,pollutants,1
hours,types,1
hours,protein,1
owing,paper,1
owing,wide,1
owing,specifically,1
owing,structure,1
owing,present,1
owing,published,1
owing,reduced,1
owing,systems,1
owing,result,1
owing,problem,1
owing,performance,1
owing,recombination,1
owing,real-world,1
owing,propose,1
owing,tasks,1
owing,utilized,1
owing,process,1
owing,time-consuming,1
owing,work,1
owing,similar,1
owing,perform,1
owing,study,1
owing,strategy,1
owing,presents,1
owing,u-shaped,1
owing,samples,1
owing,research,1
owing,requirement,1
owing,separation,1
owing,simultaneously,1
owing,resulting,1
owing,plant,1
owing,years,1
owing,relation,1
owing,relations,1
owing,typically,1
owing,understanding,1
owing,sites,1
owing,technologies,1
owing,similarity,1
owing,recently,1
owing,unsupervised,1
owing,system,1
owing,water,1
owing,skeleton,1
owing,vehicle,1
owing,results,1
owing,xps,1
owing,pose,1
owing,skeleton-based,1
owing,proposed,1
owing,revealed,1
owing,spatial,1
owing,role,1
owing,relationships,1
owing,representation,1
owing,represent,1
owing,training,1
owing,supervised,1
owing,works,1
owing,showed,1
owing,technique,1
owing,prediction,1
owing,time,1
owing,representations,1
owing,user,1
owing,predict,1
owing,set,1
owing,studies,1
owing,recognition,1
owing,ternary,1
owing,sparsity,1
owing,recent,1
owing,surface,1
owing,significant,1
owing,temporal,1
owing,predicting,1
owing,validate,1
owing,single,1
owing,task,1
owing,traffic,1
owing,real,1
owing,remote,1
owing,splitting,1
owing,parameters,1
owing,show,1
owing,processing,1
owing,pairs,1
owing,photocatalytic,1
owing,structural,1
owing,success,1
owing,reactions,1
owing,unit,1
owing,patterns,1
owing,utilization,1
owing,structures,1
owing,traditional,1
owing,stability,1
owing,sample,1
owing,pollutants,1
owing,types,1
owing,point,1
owing,remarkable,1
propose,wide,1
propose,specifically,1
propose,structure,1
propose,rarely,1
propose,published,1
propose,reduced,1
propose,roofs,1
propose,systems,1
propose,standards,1
propose,rna,1
propose,tcga,1
propose,proposes,1
propose,result,1
propose,three-dimensional,1
propose,recombination,1
propose,real-world,1
propose,thousands,1
propose,roads,1
propose,tasks,1
propose,utilized,1
propose,seoul,1
propose,proteins,1
propose,time-consuming,1
propose,psycholinguistic,1
propose,work,1
propose,similar,1
propose,smoothing,1
propose,study,1
propose,strategy,1
propose,viable,1
propose,string,1
propose,sgc,1
propose,u-shaped,1
propose,samples,1
propose,research,1
propose,requirement,1
propose,separation,1
propose,sets,1
propose,simultaneously,1
propose,resulting,1
propose,transformers,1
propose,videos,1
propose,years,1
propose,theory,1
propose,rely,1
propose,relation,1
propose,relations,1
propose,typically,1
propose,understanding,1
propose,sites,1
propose,technologies,1
propose,svm,1
propose,softmax,1
propose,similarity,1
propose,rnas,1
propose,recently,1
propose,unsupervised,1
propose,secure,1
propose,words,1
propose,transformer,1
propose,system,1
propose,water,1
propose,wiki,1
propose,surge,1
propose,skeleton,1
propose,vehicle,1
propose,results,1
propose,subgraph,1
propose,skeleton-based,1
propose,skeletongait,1
propose,proposed,1
propose,revealed,1
propose,spatial,1
propose,pubmed,1
propose,sentiments,1
propose,role,1
propose,relationships,1
propose,representation,1
propose,represent,1
propose,unifying,1
propose,topic,1
propose,updated,1
propose,training,1
propose,u-net,1
propose,supervised,1
propose,works,1
propose,showed,1
propose,technique,1
propose,time,1
propose,single-granular,1
propose,representations,1
propose,user,1
propose,set,1
propose,tumor,1
propose,target,1
propose,studies,1
propose,recognition,1
propose,ternary,1
propose,trend,1
propose,sparsity,1
propose,recent,1
propose,static,1
propose,surface,1
propose,significant,1
propose,temporal,1
propose,validate,1
propose,spatial-temporal,1
propose,single,1
propose,task,1
propose,step,1
propose,traffic,1
propose,synthetic,1
propose,real,1
propose,visual,1
propose,remote,1
propose,splitting,1
propose,rgb,1
propose,show,1
propose,structural,1
propose,success,1
propose,variation,1
propose,reactions,1
propose,unit,1
propose,targets,1
propose,utilization,1
propose,structures,1
propose,video,1
propose,traditional,1
propose,stability,1
propose,sample,1
propose,tree,1
propose,types,1
propose,protein,1
propose,reported,1
propose,remarkable,1
roads,specifically,1
roads,structure,1
roads,systems,1
roads,tasks,1
roads,work,1
roads,study,1
roads,strategy,1
roads,sets,1
roads,simultaneously,1
roads,system,1
roads,skeleton,1
roads,vehicle,1
roads,spatial,1
roads,role,1
roads,works,1
roads,time,1
roads,set,1
roads,trend,1
roads,temporal,1
roads,spatial-temporal,1
roads,single,1
roads,step,1
roads,traffic,1
roads,show,1
roads,unit,1
roads,types,1
tasks,wide,1
tasks,tcga,1
tasks,three-dimensional,1
tasks,thousands,1
tasks,utilized,1
tasks,time-consuming,1
tasks,work,1
tasks,viable,1
tasks,transformers,1
tasks,videos,1
tasks,years,1
tasks,theory,1
tasks,typically,1
tasks,understanding,1
tasks,technologies,1
tasks,unsupervised,1
tasks,words,1
tasks,transformer,1
tasks,water,1
tasks,wiki,1
tasks,vehicle,1
tasks,topic,1
tasks,updated,1
tasks,training,1
tasks,u-net,1
tasks,works,1
tasks,technique,1
tasks,time,1
tasks,user,1
tasks,tumor,1
tasks,trend,1
tasks,temporal,1
tasks,validate,1
tasks,traffic,1
tasks,visual,1
tasks,variation,1
tasks,unit,1
tasks,utilization,1
tasks,video,1
tasks,traditional,1
tasks,tree,1
tasks,types,1
alternatively,drug-drug,1
alternatively,paper,1
alternatively,method,1
alternatively,methods,1
alternatively,structure,1
alternatively,input,1
alternatively,existing,1
alternatively,approaches,1
alternatively,graph,1
alternatively,attributes,1
alternatively,present,1
alternatively,common,1
alternatively,developed,1
alternatively,generated,1
alternatively,systems,1
alternatively,network,1
alternatively,networks,1
alternatively,critical,1
alternatively,models,1
alternatively,efficient,1
alternatively,classification,1
alternatively,node,1
alternatively,performance,1
alternatively,limited,1
alternatively,propose,1
alternatively,tasks,1
alternatively,process,1
alternatively,proteins,1
alternatively,time-consuming,1
alternatively,experimental,1
alternatively,prohibitively,1
alternatively,elsevier,1
alternatively,work,1
alternatively,gcn,1
alternatively,nodes,1
alternatively,established,1
alternatively,similar,1
alternatively,outperform,1
alternatively,graphs,1
alternatively,simultaneously,1
alternatively,area,1
alternatively,features,1
alternatively,years,1
alternatively,convolutional,1
alternatively,model,1
alternatively,efficiency,1
alternatively,similarity,1
alternatively,molecules,1
alternatively,unsupervised,1
alternatively,datasets,1
alternatively,data,1
alternatively,results,1
alternatively,learning,1
alternatively,graph-based,1
alternatively,informative,1
alternatively,proposed,1
alternatively,based,1
alternatively,probability,1
alternatively,spatial,1
alternatively,information,1
alternatively,evaluation,1
alternatively,role,1
alternatively,auroc,1
alternatively,auprc,1
alternatively,representation,1
alternatively,generative,1
alternatively,embeddings,1
alternatively,deep,1
alternatively,training,1
alternatively,supervised,1
alternatively,optimal,1
alternatively,dataset,1
alternatively,technique,1
alternatively,prediction,1
alternatively,learn,1
alternatively,approach,1
alternatively,feature,1
alternatively,complex,1
alternatively,convolution,1
alternatively,multiple,1
alternatively,recent,1
alternatively,identification,1
alternatively,number,1
alternatively,step,1
alternatively,machine,1
alternatively,real,1
alternatively,analysis,1
alternatively,improved,1
alternatively,show,1
alternatively,employed,1
alternatively,effective,1
alternatively,important,1
alternatively,architecture,1
alternatively,traditional,1
alternatively,behaviors,1
alternatively,protein,1
utilized,variously,1
utilized,wide,1
utilized,work,1
utilized,videos,1
utilized,years,1
utilized,words,1
utilized,water,1
utilized,works,1
utilized,validate,1
utilized,visual,1
utilized,variation,1
utilized,video,1
determination,paper,1
determination,method,1
determination,methods,1
determination,inferred,1
determination,variously,1
determination,wide,1
determination,structure,1
determination,input,1
determination,graph,1
determination,metal,1
determination,nitride,1
determination,present,1
determination,literature,1
determination,extract,1
determination,increasing,1
determination,developed,1
determination,obtained,1
determination,systems,1
determination,network,1
determination,networks,1
determination,proposes,1
determination,models,1
determination,pharmacological,1
determination,performance,1
determination,propose,1
determination,utilized,1
determination,proteins,1
determination,heterojunction,1
determination,work,1
determination,graphitic,1
determination,gcn,1
determination,nodes,1
determination,excellent,1
determination,similar,1
determination,study,1
determination,samples,1
determination,research,1
determination,pressure,1
determination,requirement,1
determination,separation,1
determination,sets,1
determination,photocatalyst,1
determination,features,1
determination,years,1
determination,theory,1
determination,model,1
determination,due,1
determination,efficiency,1
determination,technologies,1
determination,molecules,1
determination,molecule,1
determination,system,1
determination,water,1
determination,effectively,1
determination,kinetics,1
determination,framework,1
determination,layer,1
determination,results,1
determination,learning,1
determination,xps,1
determination,proposed,1
determination,revealed,1
determination,methodology,1
determination,electron,1
determination,information,1
determination,evaluation,1
determination,role,1
determination,represent,1
determination,global,1
determination,local,1
determination,training,1
determination,error,1
determination,showed,1
determination,key,1
determination,technique,1
determination,prediction,1
determination,high,1
determination,neural,1
determination,predict,1
determination,feature,1
determination,set,1
determination,studies,1
determination,multiple,1
determination,recent,1
determination,surface,1
determination,significant,1
determination,identification,1
determination,machine,1
determination,real,1
determination,show,1
determination,large,1
determination,previous,1
determination,employed,1
determination,effective,1
determination,photocatalytic,1
determination,structural,1
determination,important,1
determination,patterns,1
determination,field,1
determination,great,1
determination,light,1
determination,structures,1
determination,stability,1
determination,sample,1
determination,types,1
determination,protein,1
determination,reported,1
process,wide,1
process,specifically,1
process,structure,1
process,rarely,1
process,published,1
process,reduced,1
process,systems,1
process,standards,1
process,rna,1
process,tcga,1
process,proposes,1
process,result,1
process,three-dimensional,1
process,recombination,1
process,real-world,1
process,thousands,1
process,propose,1
process,roads,1
process,tasks,1
process,utilized,1
process,proteins,1
process,time-consuming,1
process,work,1
process,similar,1
process,smoothing,1
process,study,1
process,strategy,1
process,viable,1
process,samples,1
process,research,1
process,requirement,1
process,separation,1
process,sets,1
process,simultaneously,1
process,resulting,1
process,sciences,1
process,transformers,1
process,videos,1
process,years,1
process,theory,1
process,rely,1
process,relation,1
process,relations,1
process,typically,1
process,understanding,1
process,sites,1
process,smiles,1
process,technologies,1
process,softmax,1
process,similarity,1
process,recently,1
process,unsupervised,1
process,words,1
process,transformer,1
process,system,1
process,water,1
process,surge,1
process,skeleton,1
process,vehicle,1
process,results,1
process,subgraph,1
process,xps,1
process,skeleton-based,1
process,proposed,1
process,revealed,1
process,spatial,1
process,pubmed,1
process,sentiments,1
process,role,1
process,relationships,1
process,representation,1
process,represent,1
process,topic,1
process,updated,1
process,training,1
process,u-net,1
process,supervised,1
process,works,1
process,showed,1
process,technique,1
process,propagation,1
process,time,1
process,representations,1
process,user,1
process,set,1
process,tumor,1
process,target,1
process,studies,1
process,recognition,1
process,ternary,1
process,trend,1
process,sparsity,1
process,recent,1
process,static,1
process,surface,1
process,significant,1
process,temporal,1
process,validate,1
process,spatial-temporal,1
process,single,1
process,task,1
process,step,1
process,traffic,1
process,synthetic,1
process,real,1
process,visual,1
process,remote,1
process,splitting,1
process,rgb,1
process,show,1
process,processing,1
process,structural,1
process,success,1
process,variation,1
process,reactions,1
process,unit,1
process,targets,1
process,utilization,1
process,structures,1
process,progress,1
process,video,1
process,traditional,1
process,stability,1
process,sample,1
process,tree,1
process,types,1
process,protein,1
process,reported,1
process,remarkable,1
seoul,simultaneously,1
seoul,system,1
seoul,spatial,1
seoul,temporal,1
seoul,show,1
proteins,wide,1
proteins,specifically,1
proteins,structure,1
proteins,rarely,1
proteins,published,1
proteins,reduced,1
proteins,systems,1
proteins,rna,1
proteins,tcga,1
proteins,result,1
proteins,real-world,1
proteins,thousands,1
proteins,tasks,1
proteins,utilized,1
proteins,time-consuming,1
proteins,work,1
proteins,similar,1
proteins,study,1
proteins,strategy,1
proteins,trna,1
proteins,samples,1
proteins,research,1
proteins,requirement,1
proteins,sets,1
proteins,resulting,1
proteins,trypanosoma,1
proteins,years,1
proteins,theory,1
proteins,rely,1
proteins,typically,1
proteins,understanding,1
proteins,sites,1
proteins,smiles,1
proteins,technologies,1
proteins,similarity,1
proteins,rnas,1
proteins,recently,1
proteins,transformer,1
proteins,system,1
proteins,water,1
proteins,results,1
proteins,revealed,1
proteins,spatial,1
proteins,role,1
proteins,unconventional,1
proteins,relationships,1
proteins,representation,1
proteins,represent,1
proteins,updated,1
proteins,training,1
proteins,works,1
proteins,showed,1
proteins,technique,1
proteins,time,1
proteins,representations,1
proteins,set,1
proteins,target,1
proteins,studies,1
proteins,recognition,1
proteins,trend,1
proteins,recent,1
proteins,significant,1
proteins,validate,1
proteins,single,1
proteins,task,1
proteins,step,1
proteins,real,1
proteins,show,1
proteins,structural,1
proteins,targets,1
proteins,structures,1
proteins,traditional,1
proteins,stability,1
proteins,tree,1
proteins,reported,1
proteins,remarkable,1
encoded,paper,1
encoded,named,1
encoded,method,1
encoded,methods,1
encoded,specifically,1
encoded,structure,1
encoded,input,1
encoded,existing,1
encoded,ignore,1
encoded,graph,1
encoded,present,1
encoded,generally,1
encoded,reduced,1
encoded,explicitly,1
encoded,generated,1
encoded,systems,1
encoded,network,1
encoded,networks,1
encoded,noise,1
encoded,proposes,1
encoded,models,1
encoded,problem,1
encoded,node,1
encoded,performance,1
encoded,real-world,1
encoded,thousands,1
encoded,propose,1
encoded,tasks,1
encoded,process,1
encoded,proteins,1
encoded,experimental,1
encoded,gcn,1
encoded,nodes,1
encoded,excellent,1
encoded,similar,1
encoded,study,1
encoded,trna,1
encoded,outperform,1
encoded,samples,1
encoded,research,1
encoded,graphs,1
encoded,simultaneously,1
encoded,n-acetyltransferase,1
encoded,videos,1
encoded,features,1
encoded,years,1
encoded,rely,1
encoded,relation,1
encoded,relations,1
encoded,typically,1
encoded,firstly,1
encoded,understanding,1
encoded,heterogeneous,1
encoded,model,1
encoded,sites,1
encoded,improve,1
encoded,lstm,1
encoded,escherichia,1
encoded,patients,1
encoded,similarity,1
encoded,unsupervised,1
encoded,transformer,1
encoded,system,1
encoded,water,1
encoded,framework,1
encoded,layer,1
encoded,results,1
encoded,learning,1
encoded,subgraph,1
encoded,pose,1
encoded,graph-based,1
encoded,proposed,1
encoded,meaningful,1
encoded,spatial,1
encoded,information,1
encoded,role,1
encoded,optimization,1
encoded,relationships,1
encoded,representation,1
encoded,represent,1
encoded,generative,1
encoded,topic,1
encoded,global,1
encoded,local,1
encoded,error,1
encoded,generate,1
encoded,showed,1
encoded,optimal,1
encoded,prediction,1
encoded,factors,1
encoded,time,1
encoded,learn,1
encoded,neighbor,1
encoded,focus,1
encoded,high,1
encoded,module,1
encoded,representations,1
encoded,introduce,1
encoded,neural,1
encoded,user,1
encoded,management,1
encoded,predict,1
encoded,feature,1
encoded,fully,1
encoded,target,1
encoded,identify,1
encoded,multiple,1
encoded,faces,1
encoded,recent,1
encoded,static,1
encoded,surface,1
encoded,significant,1
encoded,temporal,1
encoded,identification,1
encoded,number,1
encoded,validate,1
encoded,gat,1
encoded,spatial-temporal,1
encoded,single,1
encoded,task,1
encoded,step,1
encoded,traffic,1
encoded,layouts,1
encoded,show,1
encoded,large,1
encoded,previous,1
encoded,pairs,1
encoded,learns,1
encoded,structural,1
encoded,important,1
encoded,memory,1
encoded,unit,1
encoded,gated,1
encoded,patterns,1
encoded,field,1
encoded,targets,1
encoded,multi-scale,1
encoded,neighbors,1
encoded,part,1
encoded,video,1
encoded,traditional,1
encoded,tree,1
encoded,motion,1
encoded,types,1
encoded,point,1
time-consuming,utilized,1
time-consuming,work,1
time-consuming,viable,1
time-consuming,transformers,1
time-consuming,videos,1
time-consuming,years,1
time-consuming,understanding,1
time-consuming,words,1
time-consuming,transformer,1
time-consuming,topic,1
time-consuming,training,1
time-consuming,works,1
time-consuming,user,1
time-consuming,tumor,1
time-consuming,validate,1
time-consuming,unit,1
time-consuming,video,1
time-consuming,traditional,1
time-consuming,types,1
experimental,paper,1
experimental,named,1
experimental,method,1
experimental,methods,1
experimental,intuitively,1
experimental,inferred,1
experimental,wide,1
experimental,specifically,1
experimental,structure,1
experimental,input,1
experimental,ignore,1
experimental,graph,1
experimental,low-pass,1
experimental,metal,1
experimental,present,1
experimental,literature,1
experimental,rarely,1
experimental,extract,1
experimental,published,1
experimental,generally,1
experimental,increasing,1
experimental,reduced,1
experimental,gap,1
experimental,independently,1
experimental,explicitly,1
experimental,obtained,1
experimental,generated,1
experimental,systems,1
experimental,network,1
experimental,networks,1
experimental,noise,1
experimental,extracting,1
experimental,rna,1
experimental,proposes,1
experimental,models,1
experimental,result,1
experimental,pharmacological,1
experimental,three-dimensional,1
experimental,problem,1
experimental,node,1
experimental,performance,1
experimental,limited,1
experimental,fast,1
experimental,recombination,1
experimental,real-world,1
experimental,thousands,1
experimental,hours,1
experimental,owing,1
experimental,propose,1
experimental,roads,1
experimental,tasks,1
experimental,utilized,1
experimental,process,1
experimental,proteins,1
experimental,time-consuming,1
experimental,prohibitively,1
experimental,psycholinguistic,1
experimental,work,1
experimental,graphitic,1
experimental,gcn,1
experimental,nodes,1
experimental,mixed,1
experimental,similar,1
experimental,smoothing,1
experimental,perform,1
experimental,study,1
experimental,strategy,1
experimental,presents,1
experimental,outperform,1
experimental,string,1
experimental,explore,1
experimental,samples,1
experimental,research,1
experimental,pressure,1
experimental,f-score,1
experimental,graphs,1
experimental,numerous,1
experimental,separation,1
experimental,sets,1
experimental,simultaneously,1
experimental,markers,1
experimental,holes,1
experimental,resulting,1
experimental,investigations,1
experimental,plant,1
experimental,transformers,1
experimental,harmful,1
experimental,videos,1
experimental,features,1
experimental,years,1
experimental,language,1
experimental,theory,1
experimental,leading,1
experimental,rely,1
experimental,heavily,1
experimental,hemisphere,1
experimental,gps,1
experimental,obu,1
experimental,material,1
experimental,gcns,1
experimental,heparin,1
experimental,relation,1
experimental,relations,1
experimental,typically,1
experimental,firstly,1
experimental,understanding,1
experimental,imdb,1
experimental,kitti,1
experimental,mscoco,1
experimental,heterogeneous,1
experimental,model,1
experimental,sites,1
experimental,points,1
experimental,improve,1
experimental,lstm,1
experimental,smiles,1
experimental,technologies,1
experimental,svm,1
experimental,knn,1
experimental,softmax,1
experimental,formed,1
experimental,patients,1
experimental,patient,1
experimental,similarity,1
experimental,rnas,1
experimental,initiative,1
experimental,recently,1
experimental,molecules,1
experimental,molecule,1
experimental,ntu,1
experimental,unsupervised,1
experimental,secure,1
experimental,nlp,1
experimental,words,1
experimental,transformer,1
experimental,system,1
experimental,water,1
experimental,wiki,1
experimental,surge,1
experimental,kinetics,1
experimental,skeleton,1
experimental,framework,1
experimental,vehicle,1
experimental,guided,1
experimental,layer,1
experimental,results,1
experimental,learning,1
experimental,subgraph,1
experimental,pose,1
experimental,skeleton-based,1
experimental,skeletongait,1
experimental,graph-based,1
experimental,informative,1
experimental,proposed,1
experimental,meaningful,1
experimental,revealed,1
experimental,gcaru,1
experimental,probability,1
experimental,methodology,1
experimental,spatial,1
experimental,pubmed,1
experimental,sentiments,1
experimental,information,1
experimental,role,1
experimental,optimization,1
experimental,relationships,1
experimental,representation,1
experimental,represent,1
experimental,generative,1
experimental,laplacian,1
experimental,topic,1
experimental,updated,1
experimental,global,1
experimental,local,1
experimental,training,1
experimental,u-net,1
experimental,supervised,1
experimental,works,1
experimental,generate,1
experimental,showed,1
experimental,optimal,1
experimental,presentation,1
experimental,pooling,1
experimental,key,1
experimental,human,1
experimental,technique,1
experimental,prediction,1
experimental,factors,1
experimental,propagation,1
experimental,time,1
experimental,learn,1
experimental,neighbor,1
experimental,single-granular,1
experimental,optical,1
experimental,focus,1
experimental,modalities,1
experimental,high,1
experimental,module,1
experimental,representations,1
experimental,introduce,1
experimental,neural,1
experimental,expression,1
experimental,user,1
experimental,management,1
experimental,predict,1
experimental,feature,1
experimental,set,1
experimental,fully,1
experimental,tumor,1
experimental,target,1
experimental,studies,1
experimental,recognition,1
experimental,identify,1
experimental,multiple,1
experimental,trend,1
experimental,sparsity,1
experimental,faces,1
experimental,recent,1
experimental,static,1
experimental,gene,1
experimental,surface,1
experimental,significant,1
experimental,immune,1
experimental,knowledge,1
experimental,temporal,1
experimental,identification,1
experimental,predicting,1
experimental,number,1
experimental,validate,1
experimental,gat,1
experimental,spatial-temporal,1
experimental,single,1
experimental,interaction,1
experimental,layers,1
experimental,task,1
experimental,step,1
experimental,machine,1
experimental,traffic,1
experimental,synthetic,1
experimental,real,1
experimental,visual,1
experimental,layouts,1
experimental,remote,1
experimental,parameters,1
experimental,rgb,1
experimental,improved,1
experimental,show,1
experimental,large,1
experimental,processing,1
experimental,previous,1
experimental,pairs,1
experimental,include,1
experimental,learns,1
experimental,photocatalytic,1
experimental,structural,1
experimental,success,1
experimental,variation,1
experimental,identifying,1
experimental,important,1
experimental,reactions,1
experimental,memory,1
experimental,unit,1
experimental,gated,1
experimental,patterns,1
experimental,field,1
experimental,great,1
experimental,light,1
experimental,functions,1
experimental,targets,1
experimental,multi-scale,1
experimental,utilization,1
experimental,structures,1
experimental,neighbors,1
experimental,part,1
experimental,progress,1
experimental,video,1
experimental,focuses,1
experimental,traditional,1
experimental,stability,1
experimental,sample,1
experimental,pollutants,1
experimental,tree,1
experimental,motion,1
experimental,types,1
experimental,protein,1
experimental,point,1
experimental,reported,1
experimental,remarkable,1
prohibitively,structure,1
prohibitively,proteins,1
prohibitively,time-consuming,1
prohibitively,results,1
prohibitively,representation,1
prohibitively,protein,1
elsevier,paper,1
elsevier,named,1
elsevier,method,1
elsevier,methods,1
elsevier,inferred,1
elsevier,wide,1
elsevier,specifically,1
elsevier,structure,1
elsevier,input,1
elsevier,existing,1
elsevier,ignore,1
elsevier,graph,1
elsevier,low-pass,1
elsevier,metal,1
elsevier,nitride,1
elsevier,present,1
elsevier,literature,1
elsevier,rarely,1
elsevier,extract,1
elsevier,published,1
elsevier,generally,1
elsevier,increasing,1
elsevier,reduced,1
elsevier,gap,1
elsevier,independently,1
elsevier,explicitly,1
elsevier,obtained,1
elsevier,generated,1
elsevier,systems,1
elsevier,network,1
elsevier,networks,1
elsevier,noise,1
elsevier,extracting,1
elsevier,rna,1
elsevier,proposes,1
elsevier,membranes,1
elsevier,models,1
elsevier,result,1
elsevier,problem,1
elsevier,node,1
elsevier,performance,1
elsevier,limited,1
elsevier,fast,1
elsevier,recombination,1
elsevier,real-world,1
elsevier,owing,1
elsevier,propose,1
elsevier,tasks,1
elsevier,utilized,1
elsevier,process,1
elsevier,proteins,1
elsevier,encoded,1
elsevier,time-consuming,1
elsevier,experimental,1
elsevier,heterojunction,1
elsevier,liquid,1
elsevier,work,1
elsevier,graphitic,1
elsevier,gcn,1
elsevier,nodes,1
elsevier,established,1
elsevier,mixed,1
elsevier,excellent,1
elsevier,similar,1
elsevier,smoothing,1
elsevier,perform,1
elsevier,study,1
elsevier,strategy,1
elsevier,presents,1
elsevier,outperform,1
elsevier,string,1
elsevier,explore,1
elsevier,sgc,1
elsevier,samples,1
elsevier,research,1
elsevier,graphs,1
elsevier,numerous,1
elsevier,separation,1
elsevier,sets,1
elsevier,simultaneously,1
elsevier,holes,1
elsevier,resulting,1
elsevier,photocatalyst,1
elsevier,investigations,1
elsevier,sciences,1
elsevier,medica,1
elsevier,plant,1
elsevier,transformers,1
elsevier,videos,1
elsevier,features,1
elsevier,years,1
elsevier,language,1
elsevier,theory,1
elsevier,leading,1
elsevier,rely,1
elsevier,heavily,1
elsevier,material,1
elsevier,gcns,1
elsevier,relation,1
elsevier,relations,1
elsevier,typically,1
elsevier,firstly,1
elsevier,understanding,1
elsevier,imdb,1
elsevier,mscoco,1
elsevier,heterogeneous,1
elsevier,model,1
elsevier,sites,1
elsevier,points,1
elsevier,improve,1
elsevier,lstm,1
elsevier,technologies,1
elsevier,svm,1
elsevier,knn,1
elsevier,softmax,1
elsevier,formed,1
elsevier,euclidean,1
elsevier,patients,1
elsevier,patient,1
elsevier,similarity,1
elsevier,fourier,1
elsevier,initiative,1
elsevier,recently,1
elsevier,fixation,1
elsevier,molecules,1
elsevier,ntu,1
elsevier,unsupervised,1
elsevier,matthews,1
elsevier,secure,1
elsevier,nlp,1
elsevier,words,1
elsevier,transformer,1
elsevier,system,1
elsevier,water,1
elsevier,wiki,1
elsevier,surge,1
elsevier,kinetics,1
elsevier,skeleton,1
elsevier,framework,1
elsevier,vehicle,1
elsevier,guided,1
elsevier,end,1
elsevier,layer,1
elsevier,results,1
elsevier,learning,1
elsevier,subgraph,1
elsevier,ftir,1
elsevier,xps,1
elsevier,pose,1
elsevier,skeleton-based,1
elsevier,euler,1
elsevier,graph-based,1
elsevier,informative,1
elsevier,proposed,1
elsevier,meaningful,1
elsevier,revealed,1
elsevier,probability,1
elsevier,methodology,1
elsevier,spatial,1
elsevier,pubmed,1
elsevier,sentiments,1
elsevier,information,1
elsevier,evaluation,1
elsevier,role,1
elsevier,mcc,1
elsevier,optimization,1
elsevier,relationships,1
elsevier,representation,1
elsevier,represent,1
elsevier,fenton,1
elsevier,generative,1
elsevier,embeddings,1
elsevier,laplacian,1
elsevier,topic,1
elsevier,updated,1
elsevier,global,1
elsevier,local,1
elsevier,training,1
elsevier,supervised,1
elsevier,error,1
elsevier,works,1
elsevier,generate,1
elsevier,showed,1
elsevier,optimal,1
elsevier,pooling,1
elsevier,key,1
elsevier,human,1
elsevier,technique,1
elsevier,prediction,1
elsevier,factors,1
elsevier,propagation,1
elsevier,time,1
elsevier,learn,1
elsevier,neighbor,1
elsevier,evolution,1
elsevier,optical,1
elsevier,focus,1
elsevier,modalities,1
elsevier,high,1
elsevier,module,1
elsevier,representations,1
elsevier,introduce,1
elsevier,neural,1
elsevier,expression,1
elsevier,user,1
elsevier,management,1
elsevier,predict,1
elsevier,feature,1
elsevier,set,1
elsevier,fully,1
elsevier,target,1
elsevier,studies,1
elsevier,recognition,1
elsevier,identify,1
elsevier,multiple,1
elsevier,ternary,1
elsevier,trend,1
elsevier,sparsity,1
elsevier,faces,1
elsevier,recent,1
elsevier,static,1
elsevier,gene,1
elsevier,surface,1
elsevier,significant,1
elsevier,immune,1
elsevier,knowledge,1
elsevier,temporal,1
elsevier,identification,1
elsevier,predicting,1
elsevier,number,1
elsevier,validate,1
elsevier,gat,1
elsevier,spatial-temporal,1
elsevier,single,1
elsevier,interaction,1
elsevier,layers,1
elsevier,task,1
elsevier,energy,1
elsevier,step,1
elsevier,machine,1
elsevier,traffic,1
elsevier,synthetic,1
elsevier,real,1
elsevier,visual,1
elsevier,layouts,1
elsevier,remote,1
elsevier,parameters,1
elsevier,rgb,1
elsevier,improved,1
elsevier,show,1
elsevier,large,1
elsevier,processing,1
elsevier,previous,1
elsevier,pairs,1
elsevier,employed,1
elsevier,include,1
elsevier,learns,1
elsevier,embedding,1
elsevier,photocatalytic,1
elsevier,structural,1
elsevier,success,1
elsevier,variation,1
elsevier,identifying,1
elsevier,important,1
elsevier,memory,1
elsevier,unit,1
elsevier,gated,1
elsevier,patterns,1
elsevier,field,1
elsevier,great,1
elsevier,light,1
elsevier,functions,1
elsevier,targets,1
elsevier,multi-scale,1
elsevier,utilization,1
elsevier,structures,1
elsevier,neighbors,1
elsevier,progress,1
elsevier,video,1
elsevier,focuses,1
elsevier,traditional,1
elsevier,stability,1
elsevier,sample,1
elsevier,pollutants,1
elsevier,tree,1
elsevier,motion,1
elsevier,types,1
elsevier,protein,1
elsevier,point,1
elsevier,reported,1
elsevier,remarkable,1
psycholinguistic,tasks,1
psycholinguistic,strategy,1
psycholinguistic,research,1
psycholinguistic,years,1
psycholinguistic,theory,1
psycholinguistic,unsupervised,1
psycholinguistic,results,1
psycholinguistic,spatial,1
psycholinguistic,representation,1
psycholinguistic,representations,1
psycholinguistic,recent,1
attack,paper,1
attack,named,1
attack,method,1
attack,methods,1
attack,wide,1
attack,specifically,1
attack,structure,1
attack,input,1
attack,existing,1
attack,graph,1
attack,considered,1
attack,nitride,1
attack,present,1
attack,literature,1
attack,extract,1
attack,common,1
attack,increasing,1
attack,reduced,1
attack,gap,1
attack,developed,1
attack,attention,1
attack,obtained,1
attack,generated,1
attack,systems,1
attack,network,1
attack,networks,1
attack,noise,1
attack,extracting,1
attack,proposes,1
attack,critical,1
attack,models,1
attack,result,1
attack,efficient,1
attack,classification,1
attack,problem,1
attack,node,1
attack,performance,1
attack,limited,1
attack,real-world,1
attack,propose,1
attack,tasks,1
attack,process,1
attack,experimental,1
attack,graphitic,1
attack,gcn,1
attack,nodes,1
attack,excellent,1
attack,similar,1
attack,smoothing,1
attack,perform,1
attack,study,1
attack,strategy,1
attack,presents,1
attack,outperform,1
attack,explore,1
attack,research,1
attack,graphs,1
attack,separation,1
attack,simultaneously,1
attack,holes,1
attack,photocatalyst,1
attack,transformers,1
attack,features,1
attack,years,1
attack,gcns,1
attack,convolutional,1
attack,heterogeneous,1
attack,model,1
attack,cnn,1
attack,due,1
attack,sites,1
attack,efficiency,1
attack,improve,1
attack,lstm,1
attack,bidirectional,1
attack,technologies,1
attack,similarity,1
attack,decades,1
attack,recently,1
attack,edges,1
attack,secure,1
attack,system,1
attack,water,1
attack,datasets,1
attack,data,1
attack,effectively,1
attack,framework,1
attack,vehicle,1
attack,results,1
attack,learning,1
attack,xps,1
attack,pose,1
attack,proposed,1
attack,based,1
attack,revealed,1
attack,methodology,1
attack,spatial,1
attack,information,1
attack,evaluation,1
attack,role,1
attack,optimization,1
attack,relationships,1
attack,representation,1
attack,represent,1
attack,fenton,1
attack,global,1
attack,local,1
attack,deep,1
attack,training,1
attack,supervised,1
attack,error,1
attack,works,1
attack,generate,1
attack,capture,1
attack,showed,1
attack,dataset,1
attack,key,1
attack,human,1
attack,technique,1
attack,prediction,1
attack,time,1
attack,daily,1
attack,focus,1
attack,high,1
attack,module,1
attack,neural,1
attack,management,1
attack,feature,1
attack,set,1
attack,fully,1
attack,complex,1
attack,target,1
attack,studies,1
attack,dense,1
attack,recognition,1
attack,convolution,1
attack,multiple,1
attack,recent,1
attack,surface,1
attack,significant,1
attack,knowledge,1
attack,temporal,1
attack,identification,1
attack,predicting,1
attack,validate,1
attack,spatial-temporal,1
attack,single,1
attack,layers,1
attack,task,1
attack,challenging,1
attack,step,1
attack,machine,1
attack,traffic,1
attack,communication,1
attack,real,1
attack,parameters,1
attack,improved,1
attack,show,1
attack,large,1
attack,conditions,1
attack,previous,1
attack,embedding,1
attack,effective,1
attack,photocatalytic,1
attack,structural,1
attack,success,1
attack,identifying,1
attack,important,1
attack,memory,1
attack,unit,1
attack,gated,1
attack,patterns,1
attack,field,1
attack,constructing,1
attack,comprehensive,1
attack,light,1
attack,functions,1
attack,structures,1
attack,capturing,1
attack,traditional,1
attack,sample,1
attack,designed,1
attack,behaviors,1
attack,diffusion,1
heterojunction,method,1
heterojunction,methods,1
heterojunction,wide,1
heterojunction,structure,1
heterojunction,metal,1
heterojunction,nitride,1
heterojunction,present,1
heterojunction,published,1
heterojunction,increasing,1
heterojunction,reduced,1
heterojunction,obtained,1
heterojunction,systems,1
heterojunction,result,1
heterojunction,performance,1
heterojunction,recombination,1
heterojunction,utilized,1
heterojunction,process,1
heterojunction,nitrogen-rich,1
heterojunction,tubes,1
heterojunction,work,1
heterojunction,mixed,1
heterojunction,similar,1
heterojunction,study,1
heterojunction,strategy,1
heterojunction,presents,1
heterojunction,samples,1
heterojunction,research,1
heterojunction,numerous,1
heterojunction,separation,1
heterojunction,holes,1
heterojunction,photocatalyst,1
heterojunction,investigations,1
heterojunction,theory,1
heterojunction,leading,1
heterojunction,material,1
heterojunction,sites,1
heterojunction,improve,1
heterojunction,photoreduction,1
heterojunction,technologies,1
heterojunction,molecules,1
heterojunction,system,1
heterojunction,water,1
heterojunction,nanosized,1
heterojunction,kinetics,1
heterojunction,results,1
heterojunction,xps,1
heterojunction,pose,1
heterojunction,proposed,1
heterojunction,metsulfuron,1
heterojunction,revealed,1
heterojunction,methodology,1
heterojunction,spatial,1
heterojunction,information,1
heterojunction,role,1
heterojunction,showed,1
heterojunction,optimal,1
heterojunction,human,1
heterojunction,time,1
heterojunction,optical,1
heterojunction,high,1
heterojunction,target,1
heterojunction,studies,1
heterojunction,multiple,1
heterojunction,ternary,1
heterojunction,surface,1
heterojunction,significant,1
heterojunction,number,1
heterojunction,step,1
heterojunction,synthetic,1
heterojunction,real,1
heterojunction,splitting,1
heterojunction,parameters,1
heterojunction,improved,1
heterojunction,show,1
heterojunction,large,1
heterojunction,pairs,1
heterojunction,photocatalytic,1
heterojunction,structural,1
heterojunction,variation,1
heterojunction,important,1
heterojunction,reactions,1
heterojunction,light,1
heterojunction,targets,1
heterojunction,utilization,1
heterojunction,structures,1
heterojunction,part,1
heterojunction,traditional,1
heterojunction,stability,1
heterojunction,sample,1
heterojunction,pollutants,1
heterojunction,point,1
heterojunction,reported,1
nitrogen-rich,result,1
nitrogen-rich,tubes,1
nitrogen-rich,work,1
nitrogen-rich,strategy,1
nitrogen-rich,separation,1
nitrogen-rich,water,1
nitrogen-rich,splitting,1
nitrogen-rich,photocatalytic,1
tubes,work,1
tubes,water,1
chemical,drug-drug,1
chemical,paper,1
chemical,named,1
chemical,method,1
chemical,methods,1
chemical,wide,1
chemical,specifically,1
chemical,demonstrates,1
chemical,structure,1
chemical,input,1
chemical,existing,1
chemical,ignore,1
chemical,graph,1
chemical,considered,1
chemical,metal,1
chemical,nitride,1
chemical,present,1
chemical,literature,1
chemical,extract,1
chemical,published,1
chemical,generally,1
chemical,increasing,1
chemical,reduced,1
chemical,developed,1
chemical,hyperlinks,1
chemical,independently,1
chemical,differently,1
chemical,obtained,1
chemical,generated,1
chemical,systems,1
chemical,network,1
chemical,standards,1
chemical,networks,1
chemical,proposes,1
chemical,critical,1
chemical,membranes,1
chemical,models,1
chemical,result,1
chemical,pharmacological,1
chemical,efficient,1
chemical,classification,1
chemical,problem,1
chemical,node,1
chemical,performance,1
chemical,limited,1
chemical,fast,1
chemical,recombination,1
chemical,real-world,1
chemical,owing,1
chemical,propose,1
chemical,tasks,1
chemical,utilized,1
chemical,determination,1
chemical,process,1
chemical,proteins,1
chemical,time-consuming,1
chemical,experimental,1
chemical,elsevier,1
chemical,heterojunction,1
chemical,liquid,1
chemical,work,1
chemical,graphitic,1
chemical,gcn,1
chemical,nodes,1
chemical,established,1
chemical,mixed,1
chemical,excellent,1
chemical,similar,1
chemical,perform,1
chemical,study,1
chemical,strategy,1
chemical,viable,1
chemical,outperform,1
chemical,explore,1
chemical,samples,1
chemical,research,1
chemical,graphs,1
chemical,separation,1
chemical,sets,1
chemical,simultaneously,1
chemical,holes,1
chemical,resulting,1
chemical,photocatalyst,1
chemical,sciences,1
chemical,medica,1
chemical,harmful,1
chemical,features,1
chemical,years,1
chemical,theory,1
chemical,rely,1
chemical,heavily,1
chemical,material,1
chemical,gcns,1
chemical,understanding,1
chemical,convolutional,1
chemical,heterogeneous,1
chemical,model,1
chemical,due,1
chemical,sites,1
chemical,efficiency,1
chemical,improve,1
chemical,photoreduction,1
chemical,lstm,1
chemical,technologies,1
chemical,escherichia,1
chemical,similarity,1
chemical,rnas,1
chemical,fourier,1
chemical,pca,1
chemical,decades,1
chemical,recently,1
chemical,fixation,1
chemical,molecules,1
chemical,molecule,1
chemical,transformer,1
chemical,system,1
chemical,water,1
chemical,datasets,1
chemical,data,1
chemical,effectively,1
chemical,kinetics,1
chemical,framework,1
chemical,end,1
chemical,layer,1
chemical,results,1
chemical,learning,1
chemical,ftir,1
chemical,xps,1
chemical,pose,1
chemical,graph-based,1
chemical,proposed,1
chemical,revealed,1
chemical,methodology,1
chemical,spatial,1
chemical,electron,1
chemical,information,1
chemical,evaluation,1
chemical,role,1
chemical,optimization,1
chemical,representation,1
chemical,fenton,1
chemical,topic,1
chemical,global,1
chemical,local,1
chemical,deep,1
chemical,training,1
chemical,correlations,1
chemical,error,1
chemical,showed,1
chemical,optimal,1
chemical,dataset,1
chemical,key,1
chemical,human,1
chemical,technique,1
chemical,prediction,1
chemical,factors,1
chemical,propagation,1
chemical,time,1
chemical,learn,1
chemical,neighbor,1
chemical,evolution,1
chemical,optical,1
chemical,focus,1
chemical,desirable,1
chemical,high,1
chemical,module,1
chemical,representations,1
chemical,neural,1
chemical,predict,1
chemical,feature,1
chemical,set,1
chemical,fully,1
chemical,complex,1
chemical,target,1
chemical,studies,1
chemical,dense,1
chemical,identify,1
chemical,convolution,1
chemical,multiple,1
chemical,ternary,1
chemical,recent,1
chemical,gene,1
chemical,surface,1
chemical,significant,1
chemical,immune,1
chemical,knowledge,1
chemical,temporal,1
chemical,identification,1
chemical,predicting,1
chemical,number,1
chemical,gat,1
chemical,single,1
chemical,interaction,1
chemical,layers,1
chemical,task,1
chemical,energy,1
chemical,step,1
chemical,machine,1
chemical,traffic,1
chemical,communication,1
chemical,synthetic,1
chemical,splitting,1
chemical,parameters,1
chemical,improved,1
chemical,show,1
chemical,large,1
chemical,conditions,1
chemical,previous,1
chemical,pairs,1
chemical,employed,1
chemical,include,1
chemical,learns,1
chemical,embedding,1
chemical,effective,1
chemical,photocatalytic,1
chemical,structural,1
chemical,success,1
chemical,variation,1
chemical,identifying,1
chemical,important,1
chemical,reactions,1
chemical,gated,1
chemical,patterns,1
chemical,field,1
chemical,comprehensive,1
chemical,great,1
chemical,light,1
chemical,targets,1
chemical,utilization,1
chemical,structures,1
chemical,part,1
chemical,traditional,1
chemical,stability,1
chemical,sample,1
chemical,designed,1
chemical,pollutants,1
chemical,types,1
chemical,protein,1
chemical,reported,1
chemical,remarkable,1
liquid,method,1
liquid,structure,1
liquid,metal,1
liquid,nitride,1
liquid,present,1
liquid,published,1
liquid,reduced,1
liquid,obtained,1
liquid,network,1
liquid,networks,1
liquid,models,1
liquid,result,1
liquid,performance,1
liquid,recombination,1
liquid,process,1
liquid,work,1
liquid,similar,1
liquid,presents,1
liquid,resulting,1
liquid,photocatalyst,1
liquid,sciences,1
liquid,medica,1
liquid,material,1
liquid,model,1
liquid,sites,1
liquid,technologies,1
liquid,recently,1
liquid,system,1
liquid,water,1
liquid,results,1
liquid,xps,1
liquid,proposed,1
liquid,revealed,1
liquid,role,1
liquid,optimization,1
liquid,showed,1
liquid,prediction,1
liquid,time,1
liquid,optical,1
liquid,multiple,1
liquid,surface,1
liquid,significant,1
liquid,predicting,1
liquid,number,1
liquid,task,1
liquid,pairs,1
liquid,photocatalytic,1
liquid,structural,1
liquid,reactions,1
liquid,memory,1
liquid,patterns,1
liquid,structures,1
liquid,stability,1
liquid,pollutants,1
liquid,remarkable,1
work,years,1
work,xps,1
work,works,1
graphitic,paper,1
graphitic,named,1
graphitic,method,1
graphitic,methods,1
graphitic,inferred,1
graphitic,variously,1
graphitic,wide,1
graphitic,specifically,1
graphitic,structure,1
graphitic,metal,1
graphitic,water-splitting,1
graphitic,nitride,1
graphitic,present,1
graphitic,published,1
graphitic,increasing,1
graphitic,reduced,1
graphitic,obtained,1
graphitic,systems,1
graphitic,network,1
graphitic,standards,1
graphitic,proposes,1
graphitic,membranes,1
graphitic,result,1
graphitic,pharmacological,1
graphitic,performance,1
graphitic,limited,1
graphitic,recombination,1
graphitic,real-world,1
graphitic,owing,1
graphitic,propose,1
graphitic,utilized,1
graphitic,process,1
graphitic,heterojunction,1
graphitic,liquid,1
graphitic,work,1
graphitic,mixed,1
graphitic,similar,1
graphitic,perform,1
graphitic,study,1
graphitic,strategy,1
graphitic,presents,1
graphitic,viable,1
graphitic,samples,1
graphitic,research,1
graphitic,graphs,1
graphitic,requirement,1
graphitic,numerous,1
graphitic,separation,1
graphitic,topologically,1
graphitic,wavelengths,1
graphitic,simultaneously,1
graphitic,holes,1
graphitic,resulting,1
graphitic,photocatalyst,1
graphitic,investigations,1
graphitic,sciences,1
graphitic,medica,1
graphitic,harmful,1
graphitic,years,1
graphitic,theory,1
graphitic,leading,1
graphitic,material,1
graphitic,understanding,1
graphitic,s-triazine,1
graphitic,heterogeneous,1
graphitic,model,1
graphitic,sites,1
graphitic,improve,1
graphitic,technologies,1
graphitic,molecules,1
graphitic,molecule,1
graphitic,system,1
graphitic,water,1
graphitic,kinetics,1
graphitic,skeleton,1
graphitic,layer,1
graphitic,results,1
graphitic,xps,1
graphitic,proposed,1
graphitic,metsulfuron,1
graphitic,revealed,1
graphitic,methodology,1
graphitic,spatial,1
graphitic,information,1
graphitic,role,1
graphitic,optimization,1
graphitic,topic,1
graphitic,showed,1
graphitic,optimal,1
graphitic,human,1
graphitic,technique,1
graphitic,time,1
graphitic,optical,1
graphitic,high,1
graphitic,introduce,1
graphitic,set,1
graphitic,target,1
graphitic,studies,1
graphitic,recognition,1
graphitic,identify,1
graphitic,multiple,1
graphitic,ternary,1
graphitic,trend,1
graphitic,recent,1
graphitic,surface,1
graphitic,significant,1
graphitic,knowledge,1
graphitic,number,1
graphitic,interaction,1
graphitic,layers,1
graphitic,step,1
graphitic,synthetic,1
graphitic,real,1
graphitic,splitting,1
graphitic,parameters,1
graphitic,improved,1
graphitic,show,1
graphitic,large,1
graphitic,processing,1
graphitic,pairs,1
graphitic,photocatalytic,1
graphitic,structural,1
graphitic,variation,1
graphitic,important,1
graphitic,reactions,1
graphitic,unit,1
graphitic,great,1
graphitic,light,1
graphitic,targets,1
graphitic,utilization,1
graphitic,structures,1
graphitic,part,1
graphitic,traditional,1
graphitic,stability,1
graphitic,sample,1
graphitic,pollutants,1
graphitic,types,1
graphitic,point,1
graphitic,reported,1
graphitic,remarkable,1
gcn,paper,1
gcn,named,1
gcn,method,1
gcn,methods,1
gcn,inferred,1
gcn,variously,1
gcn,wide,1
gcn,specifically,1
gcn,interacts,1
gcn,structure,1
gcn,mikae,1
gcn,lutea,1
gcn,input,1
gcn,ignore,1
gcn,graph,1
gcn,low-pass,1
gcn,metal,1
gcn,water-splitting,1
gcn,nitride,1
gcn,present,1
gcn,literature,1
gcn,rarely,1
gcn,published,1
gcn,generally,1
gcn,increasing,1
gcn,reduced,1
gcn,independently,1
gcn,obtained,1
gcn,generated,1
gcn,systems,1
gcn,network,1
gcn,standards,1
gcn,networks,1
gcn,noise,1
gcn,rna,1
gcn,tcga,1
gcn,gqa,1
gcn,proposes,1
gcn,membranes,1
gcn,models,1
gcn,result,1
gcn,pharmacological,1
gcn,three-dimensional,1
gcn,problem,1
gcn,node,1
gcn,performance,1
gcn,limited,1
gcn,recombination,1
gcn,real-world,1
gcn,thousands,1
gcn,hours,1
gcn,owing,1
gcn,propose,1
gcn,roads,1
gcn,tasks,1
gcn,utilized,1
gcn,process,1
gcn,proteins,1
gcn,time-consuming,1
gcn,psycholinguistic,1
gcn,heterojunction,1
gcn,nitrogen-rich,1
gcn,tubes,1
gcn,liquid,1
gcn,work,1
gcn,graphitic,1
gcn,granger,1
gcn,nodes,1
gcn,mixed,1
gcn,similar,1
gcn,smoothing,1
gcn,perform,1
gcn,study,1
gcn,strategy,1
gcn,presents,1
gcn,viable,1
gcn,outperform,1
gcn,sgc,1
gcn,samples,1
gcn,research,1
gcn,pressure,1
gcn,graphs,1
gcn,requirement,1
gcn,numerous,1
gcn,separation,1
gcn,topologically,1
gcn,wavelengths,1
gcn,sets,1
gcn,simultaneously,1
gcn,markers,1
gcn,holes,1
gcn,resulting,1
gcn,photocatalyst,1
gcn,investigations,1
gcn,sciences,1
gcn,medica,1
gcn,plant,1
gcn,transformers,1
gcn,harmful,1
gcn,videos,1
gcn,years,1
gcn,language,1
gcn,theory,1
gcn,leading,1
gcn,rely,1
gcn,heavily,1
gcn,hemisphere,1
gcn,gps,1
gcn,material,1
gcn,gcns,1
gcn,relation,1
gcn,relations,1
gcn,typically,1
gcn,understanding,1
gcn,imdb,1
gcn,kitti,1
gcn,s-triazine,1
gcn,mscoco,1
gcn,heterogeneous,1
gcn,model,1
gcn,sites,1
gcn,points,1
gcn,improve,1
gcn,photoreduction,1
gcn,lstm,1
gcn,smiles,1
gcn,technologies,1
gcn,svm,1
gcn,knn,1
gcn,softmax,1
gcn,patients,1
gcn,patient,1
gcn,similarity,1
gcn,rnas,1
gcn,initiative,1
gcn,pca,1
gcn,recently,1
gcn,molecules,1
gcn,molecule,1
gcn,ntu,1
gcn,unsupervised,1
gcn,matthews,1
gcn,secure,1
gcn,nlp,1
gcn,words,1
gcn,transformer,1
gcn,system,1
gcn,water,1
gcn,wiki,1
gcn,nanosized,1
gcn,surge,1
gcn,kinetics,1
gcn,skeleton,1
gcn,vehicle,1
gcn,guided,1
gcn,layer,1
gcn,results,1
gcn,learning,1
gcn,subgraph,1
gcn,xps,1
gcn,pose,1
gcn,skeleton-based,1
gcn,graph-based,1
gcn,informative,1
gcn,proposed,1
gcn,metsulfuron,1
gcn,meaningful,1
gcn,revealed,1
gcn,probability,1
gcn,methodology,1
gcn,spatial,1
gcn,pubmed,1
gcn,sentiments,1
gcn,information,1
gcn,role,1
gcn,optimization,1
gcn,relationships,1
gcn,representation,1
gcn,represent,1
gcn,generative,1
gcn,unifying,1
gcn,laplacian,1
gcn,topic,1
gcn,updated,1
gcn,global,1
gcn,local,1
gcn,training,1
gcn,u-net,1
gcn,supervised,1
gcn,works,1
gcn,generate,1
gcn,showed,1
gcn,optimal,1
gcn,presentation,1
gcn,indonesia,1
gcn,pooling,1
gcn,intratesticular,1
gcn,key,1
gcn,human,1
gcn,technique,1
gcn,prediction,1
gcn,propagation,1
gcn,time,1
gcn,learn,1
gcn,neighbor,1
gcn,single-granular,1
gcn,optical,1
gcn,modalities,1
gcn,high,1
gcn,module,1
gcn,representations,1
gcn,introduce,1
gcn,neural,1
gcn,user,1
gcn,management,1
gcn,predict,1
gcn,set,1
gcn,tumor,1
gcn,target,1
gcn,studies,1
gcn,recognition,1
gcn,identify,1
gcn,multiple,1
gcn,ternary,1
gcn,trend,1
gcn,sparsity,1
gcn,recent,1
gcn,static,1
gcn,gene,1
gcn,surface,1
gcn,significant,1
gcn,immune,1
gcn,knowledge,1
gcn,temporal,1
gcn,identification,1
gcn,predicting,1
gcn,number,1
gcn,validate,1
gcn,spatial-temporal,1
gcn,single,1
gcn,interaction,1
gcn,layers,1
gcn,task,1
gcn,step,1
gcn,machine,1
gcn,traffic,1
gcn,synthetic,1
gcn,real,1
gcn,visual,1
gcn,remote,1
gcn,splitting,1
gcn,parameters,1
gcn,rgb,1
gcn,improved,1
gcn,show,1
gcn,large,1
gcn,processing,1
gcn,previous,1
gcn,pairs,1
gcn,include,1
gcn,learns,1
gcn,photocatalytic,1
gcn,structural,1
gcn,success,1
gcn,variation,1
gcn,identifying,1
gcn,important,1
gcn,reactions,1
gcn,memory,1
gcn,unit,1
gcn,patterns,1
gcn,great,1
gcn,light,1
gcn,targets,1
gcn,multi-scale,1
gcn,utilization,1
gcn,structures,1
gcn,neighbors,1
gcn,part,1
gcn,progress,1
gcn,video,1
gcn,traditional,1
gcn,stability,1
gcn,sample,1
gcn,pollutants,1
gcn,tree,1
gcn,motion,1
gcn,types,1
gcn,protein,1
gcn,point,1
gcn,reported,1
gcn,remarkable,1
granger,methods,1
granger,noise,1
granger,problem,1
granger,performance,1
granger,real-world,1
granger,propose,1
granger,model,1
granger,lstm,1
granger,results,1
granger,time,1
granger,learn,1
granger,module,1
granger,neural,1
granger,temporal,1
granger,show,1
granger,previous,1
granger,variation,1
granger,memory,1
nodes,paper,1
nodes,wide,1
nodes,specifically,1
nodes,structure,1
nodes,present,1
nodes,rarely,1
nodes,published,1
nodes,reduced,1
nodes,obtained,1
nodes,systems,1
nodes,standards,1
nodes,noise,1
nodes,rna,1
nodes,tcga,1
nodes,proposes,1
nodes,result,1
nodes,three-dimensional,1
nodes,problem,1
nodes,performance,1
nodes,real-world,1
nodes,thousands,1
nodes,owing,1
nodes,propose,1
nodes,tasks,1
nodes,utilized,1
nodes,process,1
nodes,proteins,1
nodes,time-consuming,1
nodes,work,1
nodes,similar,1
nodes,smoothing,1
nodes,perform,1
nodes,study,1
nodes,strategy,1
nodes,presents,1
nodes,viable,1
nodes,outperform,1
nodes,string,1
nodes,u-shaped,1
nodes,samples,1
nodes,research,1
nodes,pressure,1
nodes,requirement,1
nodes,numerous,1
nodes,separation,1
nodes,sets,1
nodes,simultaneously,1
nodes,resulting,1
nodes,plant,1
nodes,transformers,1
nodes,videos,1
nodes,years,1
nodes,theory,1
nodes,rely,1
nodes,relation,1
nodes,relations,1
nodes,typically,1
nodes,understanding,1
nodes,sites,1
nodes,points,1
nodes,technologies,1
nodes,svm,1
nodes,softmax,1
nodes,patients,1
nodes,patient,1
nodes,similarity,1
nodes,rnas,1
nodes,recently,1
nodes,ntu,1
nodes,unsupervised,1
nodes,secure,1
nodes,words,1
nodes,transformer,1
nodes,system,1
nodes,water,1
nodes,wiki,1
nodes,surge,1
nodes,skeleton,1
nodes,vehicle,1
nodes,results,1
nodes,subgraph,1
nodes,pose,1
nodes,skeleton-based,1
nodes,proposed,1
nodes,revealed,1
nodes,probability,1
nodes,spatial,1
nodes,pubmed,1
nodes,role,1
nodes,optimization,1
nodes,relationships,1
nodes,representation,1
nodes,represent,1
nodes,topic,1
nodes,updated,1
nodes,training,1
nodes,u-net,1
nodes,supervised,1
nodes,works,1
nodes,showed,1
nodes,optimal,1
nodes,pooling,1
nodes,technique,1
nodes,prediction,1
nodes,propagation,1
nodes,time,1
nodes,single-granular,1
nodes,representations,1
nodes,user,1
nodes,predict,1
nodes,set,1
nodes,tumor,1
nodes,target,1
nodes,studies,1
nodes,recognition,1
nodes,trend,1
nodes,sparsity,1
nodes,recent,1
nodes,static,1
nodes,surface,1
nodes,significant,1
nodes,temporal,1
nodes,predicting,1
nodes,number,1
nodes,validate,1
nodes,spatial-temporal,1
nodes,single,1
nodes,task,1
nodes,step,1
nodes,traffic,1
nodes,synthetic,1
nodes,real,1
nodes,visual,1
nodes,remote,1
nodes,parameters,1
nodes,rgb,1
nodes,show,1
nodes,processing,1
nodes,previous,1
nodes,pairs,1
nodes,structural,1
nodes,success,1
nodes,variation,1
nodes,unit,1
nodes,patterns,1
nodes,targets,1
nodes,utilization,1
nodes,structures,1
nodes,part,1
nodes,progress,1
nodes,video,1
nodes,traditional,1
nodes,stability,1
nodes,sample,1
nodes,tree,1
nodes,types,1
nodes,protein,1
nodes,point,1
nodes,reported,1
nodes,remarkable,1
established,paper,1
established,named,1
established,method,1
established,methods,1
established,specifically,1
established,structure,1
established,input,1
established,existing,1
established,ignore,1
established,graph,1
established,metal,1
established,nitride,1
established,present,1
established,rarely,1
established,extract,1
established,increasing,1
established,gap,1
established,obtained,1
established,generated,1
established,systems,1
established,network,1
established,standards,1
established,networks,1
established,noise,1
established,proposes,1
established,models,1
established,three-dimensional,1
established,problem,1
established,node,1
established,performance,1
established,limited,1
established,fast,1
established,recombination,1
established,real-world,1
established,propose,1
established,tasks,1
established,utilized,1
established,process,1
established,proteins,1
established,time-consuming,1
established,experimental,1
established,heterojunction,1
established,work,1
established,graphitic,1
established,gcn,1
established,nodes,1
established,similar,1
established,perform,1
established,study,1
established,strategy,1
established,presents,1
established,outperform,1
established,explore,1
established,samples,1
established,research,1
established,pressure,1
established,graphs,1
established,requirement,1
established,separation,1
established,sets,1
established,simultaneously,1
established,holes,1
established,resulting,1
established,photocatalyst,1
established,investigations,1
established,features,1
established,language,1
established,theory,1
established,leading,1
established,rely,1
established,heavily,1
established,material,1
established,gcns,1
established,firstly,1
established,heterogeneous,1
established,model,1
established,sites,1
established,improve,1
established,lstm,1
established,technologies,1
established,patients,1
established,similarity,1
established,rnas,1
established,fourier,1
established,recently,1
established,molecules,1
established,matthews,1
established,system,1
established,water,1
established,kinetics,1
established,skeleton,1
established,framework,1
established,vehicle,1
established,guided,1
established,results,1
established,learning,1
established,xps,1
established,skeleton-based,1
established,graph-based,1
established,informative,1
established,proposed,1
established,revealed,1
established,spatial,1
established,information,1
established,evaluation,1
established,role,1
established,mcc,1
established,optimization,1
established,relationships,1
established,representation,1
established,fenton,1
established,laplacian,1
established,global,1
established,local,1
established,training,1
established,supervised,1
established,works,1
established,showed,1
established,optimal,1
established,pooling,1
established,key,1
established,human,1
established,technique,1
established,prediction,1
established,factors,1
established,propagation,1
established,time,1
established,learn,1
established,neighbor,1
established,optical,1
established,focus,1
established,high,1
established,module,1
established,representations,1
established,neural,1
established,expression,1
established,user,1
established,management,1
established,predict,1
established,feature,1
established,fully,1
established,target,1
established,studies,1
established,recognition,1
established,identify,1
established,multiple,1
established,sparsity,1
established,faces,1
established,recent,1
established,gene,1
established,surface,1
established,significant,1
established,knowledge,1
established,temporal,1
established,identification,1
established,predicting,1
established,number,1
established,validate,1
established,spatial-temporal,1
established,single,1
established,interaction,1
established,layers,1
established,task,1
established,step,1
established,machine,1
established,traffic,1
established,real,1
established,parameters,1
established,improved,1
established,show,1
established,large,1
established,processing,1
established,previous,1
established,learns,1
established,photocatalytic,1
established,structural,1
established,success,1
established,identifying,1
established,important,1
established,memory,1
established,gated,1
established,patterns,1
established,field,1
established,light,1
established,functions,1
established,utilization,1
established,structures,1
established,part,1
established,video,1
established,focuses,1
established,traditional,1
established,stability,1
established,pollutants,1
established,tree,1
established,types,1
established,point,1
established,reported,1
mixed,paper,1
mixed,named,1
mixed,wide,1
mixed,specifically,1
mixed,structure,1
mixed,nitride,1
mixed,published,1
mixed,obtained,1
mixed,systems,1
mixed,network,1
mixed,networks,1
mixed,noise,1
mixed,proposes,1
mixed,models,1
mixed,result,1
mixed,three-dimensional,1
mixed,problem,1
mixed,node,1
mixed,performance,1
mixed,recombination,1
mixed,real-world,1
mixed,propose,1
mixed,tasks,1
mixed,process,1
mixed,proteins,1
mixed,time-consuming,1
mixed,work,1
mixed,self-healing,1
mixed,study,1
mixed,strategy,1
mixed,presents,1
mixed,samples,1
mixed,research,1
mixed,separation,1
mixed,sets,1
mixed,years,1
mixed,rely,1
mixed,understanding,1
mixed,model,1
mixed,sites,1
mixed,points,1
mixed,smiles,1
mixed,similarity,1
mixed,molecule,1
mixed,unsupervised,1
mixed,system,1
mixed,vehicle,1
mixed,results,1
mixed,xps,1
mixed,proposed,1
mixed,probability,1
mixed,spatial,1
mixed,role,1
mixed,optimization,1
mixed,relationships,1
mixed,representation,1
mixed,training,1
mixed,u-net,1
mixed,works,1
mixed,showed,1
mixed,prediction,1
mixed,propagation,1
mixed,time,1
mixed,optical,1
mixed,module,1
mixed,representations,1
mixed,neural,1
mixed,user,1
mixed,predict,1
mixed,tumor,1
mixed,target,1
mixed,studies,1
mixed,recognition,1
mixed,multiple,1
mixed,recent,1
mixed,surface,1
mixed,significant,1
mixed,temporal,1
mixed,number,1
mixed,spatial-temporal,1
mixed,single,1
mixed,task,1
mixed,traffic,1
mixed,real,1
mixed,remote,1
mixed,parameters,1
mixed,show,1
mixed,processing,1
mixed,previous,1
mixed,pairs,1
mixed,photocatalytic,1
mixed,structural,1
mixed,unit,1
mixed,patterns,1
mixed,targets,1
mixed,neighbors,1
mixed,video,1
mixed,traditional,1
mixed,stability,1
mixed,pollutants,1
mixed,motion,1
mixed,types,1
mixed,protein,1
mixed,point,1
mixed,remarkable,1
excellent,paper,1
excellent,named,1
excellent,method,1
excellent,methods,1
excellent,inferred,1
excellent,variously,1
excellent,wide,1
excellent,specifically,1
excellent,structure,1
excellent,input,1
excellent,existing,1
excellent,ignore,1
excellent,graph,1
excellent,metal,1
excellent,nitride,1
excellent,present,1
excellent,literature,1
excellent,extract,1
excellent,published,1
excellent,generally,1
excellent,increasing,1
excellent,reduced,1
excellent,gap,1
excellent,obtained,1
excellent,generated,1
excellent,systems,1
excellent,network,1
excellent,networks,1
excellent,noise,1
excellent,rna,1
excellent,proposes,1
excellent,membranes,1
excellent,models,1
excellent,result,1
excellent,pharmacological,1
excellent,problem,1
excellent,node,1
excellent,performance,1
excellent,limited,1
excellent,fast,1
excellent,recombination,1
excellent,real-world,1
excellent,hours,1
excellent,owing,1
excellent,propose,1
excellent,tasks,1
excellent,utilized,1
excellent,process,1
excellent,proteins,1
excellent,time-consuming,1
excellent,experimental,1
excellent,heterojunction,1
excellent,liquid,1
excellent,work,1
excellent,graphitic,1
excellent,gcn,1
excellent,nodes,1
excellent,mixed,1
excellent,self-healing,1
excellent,similar,1
excellent,smoothing,1
excellent,perform,1
excellent,study,1
excellent,strategy,1
excellent,presents,1
excellent,outperform,1
excellent,explore,1
excellent,samples,1
excellent,research,1
excellent,graphs,1
excellent,requirement,1
excellent,separation,1
excellent,sets,1
excellent,simultaneously,1
excellent,resulting,1
excellent,photocatalyst,1
excellent,sciences,1
excellent,medica,1
excellent,plant,1
excellent,harmful,1
excellent,videos,1
excellent,features,1
excellent,years,1
excellent,language,1
excellent,theory,1
excellent,leading,1
excellent,material,1
excellent,gcns,1
excellent,relation,1
excellent,relations,1
excellent,firstly,1
excellent,understanding,1
excellent,kitti,1
excellent,heterogeneous,1
excellent,model,1
excellent,sites,1
excellent,improve,1
excellent,lstm,1
excellent,technologies,1
excellent,knn,1
excellent,formed,1
excellent,patients,1
excellent,patient,1
excellent,similarity,1
excellent,recently,1
excellent,molecules,1
excellent,unsupervised,1
excellent,words,1
excellent,transformer,1
excellent,system,1
excellent,water,1
excellent,kinetics,1
excellent,skeleton,1
excellent,framework,1
excellent,vehicle,1
excellent,layer,1
excellent,results,1
excellent,learning,1
excellent,subgraph,1
excellent,ftir,1
excellent,xps,1
excellent,pose,1
excellent,skeleton-based,1
excellent,informative,1
excellent,proposed,1
excellent,revealed,1
excellent,methodology,1
excellent,spatial,1
excellent,information,1
excellent,role,1
excellent,optimization,1
excellent,relationships,1
excellent,representation,1
excellent,represent,1
excellent,laplacian,1
excellent,global,1
excellent,local,1
excellent,training,1
excellent,supervised,1
excellent,works,1
excellent,generate,1
excellent,showed,1
excellent,optimal,1
excellent,pooling,1
excellent,key,1
excellent,human,1
excellent,prediction,1
excellent,factors,1
excellent,propagation,1
excellent,time,1
excellent,learn,1
excellent,neighbor,1
excellent,optical,1
excellent,focus,1
excellent,modalities,1
excellent,high,1
excellent,module,1
excellent,representations,1
excellent,introduce,1
excellent,neural,1
excellent,expression,1
excellent,user,1
excellent,predict,1
excellent,feature,1
excellent,set,1
excellent,fully,1
excellent,tumor,1
excellent,target,1
excellent,studies,1
excellent,recognition,1
excellent,identify,1
excellent,multiple,1
excellent,ternary,1
excellent,sparsity,1
excellent,recent,1
excellent,gene,1
excellent,surface,1
excellent,significant,1
excellent,immune,1
excellent,knowledge,1
excellent,temporal,1
excellent,identification,1
excellent,number,1
excellent,validate,1
excellent,spatial-temporal,1
excellent,single,1
excellent,interaction,1
excellent,layers,1
excellent,task,1
excellent,step,1
excellent,traffic,1
excellent,synthetic,1
excellent,real,1
excellent,remote,1
excellent,splitting,1
excellent,parameters,1
excellent,improved,1
excellent,show,1
excellent,large,1
excellent,processing,1
excellent,previous,1
excellent,pairs,1
excellent,photocatalytic,1
excellent,structural,1
excellent,variation,1
excellent,identifying,1
excellent,important,1
excellent,reactions,1
excellent,memory,1
excellent,unit,1
excellent,gated,1
excellent,field,1
excellent,great,1
excellent,light,1
excellent,targets,1
excellent,multi-scale,1
excellent,utilization,1
excellent,structures,1
excellent,neighbors,1
excellent,part,1
excellent,progress,1
excellent,video,1
excellent,traditional,1
excellent,stability,1
excellent,sample,1
excellent,pollutants,1
excellent,tree,1
excellent,motion,1
excellent,types,1
excellent,protein,1
excellent,point,1
excellent,reported,1
excellent,remarkable,1
capability,paper,1
capability,named,1
capability,method,1
capability,methods,1
capability,inferred,1
capability,specifically,1
capability,demonstrates,1
capability,structure,1
capability,input,1
capability,existing,1
capability,ignore,1
capability,graph,1
capability,considered,1
capability,nitride,1
capability,present,1
capability,rarely,1
capability,extract,1
capability,published,1
capability,generally,1
capability,common,1
capability,increasing,1
capability,reduced,1
capability,gap,1
capability,developed,1
capability,explicitly,1
capability,obtained,1
capability,generated,1
capability,systems,1
capability,network,1
capability,networks,1
capability,noise,1
capability,extracting,1
capability,proposes,1
capability,critical,1
capability,models,1
capability,pharmacological,1
capability,efficient,1
capability,classification,1
capability,problem,1
capability,node,1
capability,performance,1
capability,limited,1
capability,fast,1
capability,recombination,1
capability,real-world,1
capability,owing,1
capability,propose,1
capability,roads,1
capability,tasks,1
capability,utilized,1
capability,process,1
capability,proteins,1
capability,time-consuming,1
capability,experimental,1
capability,elsevier,1
capability,heterojunction,1
capability,chemical,1
capability,work,1
capability,graphitic,1
capability,gcn,1
capability,nodes,1
capability,established,1
capability,mixed,1
capability,excellent,1
capability,self-healing,1
capability,dual-stimulus,1
capability,similar,1
capability,smoothing,1
capability,perform,1
capability,study,1
capability,strategy,1
capability,presents,1
capability,outperform,1
capability,explore,1
capability,samples,1
capability,research,1
capability,graphs,1
capability,requirement,1
capability,numerous,1
capability,separation,1
capability,sets,1
capability,simultaneously,1
capability,resulting,1
capability,videos,1
capability,features,1
capability,years,1
capability,language,1
capability,leading,1
capability,rely,1
capability,decisions,1
capability,heavily,1
capability,material,1
capability,gcns,1
capability,relation,1
capability,relations,1
capability,typically,1
capability,firstly,1
capability,understanding,1
capability,convolutional,1
capability,heterogeneous,1
capability,model,1
capability,cnn,1
capability,due,1
capability,sites,1
capability,points,1
capability,efficiency,1
capability,improve,1
capability,lstm,1
capability,technologies,1
capability,capacity,1
capability,knn,1
capability,softmax,1
capability,chloroform,1
capability,formed,1
capability,euclidean,1
capability,patients,1
capability,patient,1
capability,similarity,1
capability,copy,1
capability,recently,1
capability,molecules,1
capability,ntu,1
capability,edges,1
capability,words,1
capability,transformer,1
capability,system,1
capability,water,1
capability,datasets,1
capability,data,1
capability,effectively,1
capability,data-driven,1
capability,kinetics,1
capability,skeleton,1
capability,framework,1
capability,vehicle,1
capability,end,1
capability,layer,1
capability,results,1
capability,learning,1
capability,pose,1
capability,skeleton-based,1
capability,graph-based,1
capability,informative,1
capability,dependencies,1
capability,proposed,1
capability,conduct,1
capability,meaningful,1
capability,revealed,1
capability,probability,1
capability,spatial,1
capability,electron,1
capability,information,1
capability,evaluation,1
capability,role,1
capability,relationships,1
capability,representation,1
capability,represent,1
capability,generative,1
capability,embeddings,1
capability,global,1
capability,local,1
capability,deep,1
capability,training,1
capability,correlations,1
capability,supervised,1
capability,error,1
capability,works,1
capability,generate,1
capability,capture,1
capability,showed,1
capability,optimal,1
capability,pooling,1
capability,dataset,1
capability,key,1
capability,human,1
capability,technique,1
capability,prediction,1
capability,factors,1
capability,propagation,1
capability,time,1
capability,learn,1
capability,neighbor,1
capability,evolution,1
capability,focus,1
capability,modalities,1
capability,high,1
capability,module,1
capability,representations,1
capability,introduce,1
capability,neural,1
capability,expression,1
capability,user,1
capability,management,1
capability,predict,1
capability,feature,1
capability,set,1
capability,fully,1
capability,complex,1
capability,target,1
capability,studies,1
capability,recognition,1
capability,identify,1
capability,convolution,1
capability,challenges,1
capability,multiple,1
capability,trend,1
capability,sparsity,1
capability,recent,1
capability,static,1
capability,surface,1
capability,significant,1
capability,knowledge,1
capability,temporal,1
capability,identification,1
capability,predicting,1
capability,number,1
capability,validate,1
capability,gat,1
capability,spatial-temporal,1
capability,single,1
capability,interaction,1
capability,layers,1
capability,task,1
capability,challenging,1
capability,energy,1
capability,step,1
capability,machine,1
capability,traffic,1
capability,real,1
capability,visual,1
capability,cells,1
capability,remote,1
capability,parameters,1
capability,rgb,1
capability,improved,1
capability,show,1
capability,large,1
capability,processing,1
capability,conditions,1
capability,previous,1
capability,pairs,1
capability,employed,1
capability,include,1
capability,captures,1
capability,learns,1
capability,embedding,1
capability,effective,1
capability,photocatalytic,1
capability,structural,1
capability,cases,1
capability,variation,1
capability,identifying,1
capability,important,1
capability,memory,1
capability,unit,1
capability,gated,1
capability,patterns,1
capability,field,1
capability,constructing,1
capability,comprehensive,1
capability,great,1
capability,light,1
capability,functions,1
capability,targets,1
capability,multi-scale,1
capability,structures,1
capability,part,1
capability,progress,1
capability,video,1
capability,focuses,1
capability,capturing,1
capability,traditional,1
capability,stability,1
capability,sample,1
capability,designed,1
capability,tree,1
capability,motion,1
capability,types,1
capability,protein,1
capability,point,1
capability,remarkable,1
self-healing,sites,1
dual-stimulus,networks,1
dual-stimulus,mixed,1
dual-stimulus,excellent,1
dual-stimulus,self-healing,1
dual-stimulus,sites,1
dual-stimulus,formed,1
dual-stimulus,effective,1
similar,wide,1
similar,specifically,1
similar,structure,1
similar,systems,1
similar,tcga,1
similar,three-dimensional,1
similar,thousands,1
similar,tasks,1
similar,utilized,1
similar,time-consuming,1
similar,work,1
similar,smoothing,1
similar,study,1
similar,strategy,1
similar,viable,1
similar,simultaneously,1
similar,videos,1
similar,years,1
similar,typically,1
similar,understanding,1
similar,sites,1
similar,technologies,1
similar,svm,1
similar,softmax,1
similar,similarity,1
similar,unsupervised,1
similar,words,1
similar,transformer,1
similar,system,1
similar,water,1
similar,skeleton,1
similar,subgraph,1
similar,xps,1
similar,skeleton-based,1
similar,spatial,1
similar,topic,1
similar,training,1
similar,supervised,1
similar,works,1
similar,technique,1
similar,time,1
similar,user,1
similar,tumor,1
similar,target,1
similar,studies,1
similar,ternary,1
similar,trend,1
similar,sparsity,1
similar,surface,1
similar,temporal,1
similar,validate,1
similar,spatial-temporal,1
similar,single,1
similar,task,1
similar,step,1
similar,synthetic,1
similar,visual,1
similar,splitting,1
similar,structural,1
similar,success,1
similar,unit,1
similar,targets,1
similar,structures,1
similar,video,1
similar,traditional,1
similar,stability,1
similar,tree,1
similar,types,1
smoothing,specifically,1
smoothing,structure,1
smoothing,systems,1
smoothing,tasks,1
smoothing,time-consuming,1
smoothing,study,1
smoothing,strategy,1
smoothing,years,1
smoothing,understanding,1
smoothing,unsupervised,1
smoothing,system,1
smoothing,wiki,1
smoothing,spatial,1
smoothing,training,1
smoothing,supervised,1
smoothing,works,1
smoothing,technique,1
smoothing,time,1
smoothing,target,1
smoothing,sparsity,1
smoothing,task,1
smoothing,step,1
smoothing,synthetic,1
smoothing,structural,1
smoothing,success,1
smoothing,unit,1
smoothing,targets,1
smoothing,structures,1
smoothing,traditional,1
smoothing,types,1
perform,wide,1
perform,specifically,1
perform,structure,1
perform,present,1
perform,rarely,1
perform,published,1
perform,reduced,1
perform,systems,1
perform,rna,1
perform,proposes,1
perform,result,1
perform,three-dimensional,1
perform,problem,1
perform,performance,1
perform,real-world,1
perform,propose,1
perform,roads,1
perform,tasks,1
perform,utilized,1
perform,process,1
perform,proteins,1
perform,time-consuming,1
perform,work,1
perform,similar,1
perform,smoothing,1
perform,study,1
perform,strategy,1
perform,presents,1
perform,sgc,1
perform,u-shaped,1
perform,samples,1
perform,research,1
perform,requirement,1
perform,separation,1
perform,sets,1
perform,simultaneously,1
perform,resulting,1
perform,transformers,1
perform,videos,1
perform,years,1
perform,theory,1
perform,rely,1
perform,relation,1
perform,relations,1
perform,typically,1
perform,understanding,1
perform,sites,1
perform,points,1
perform,smiles,1
perform,technologies,1
perform,softmax,1
perform,similarity,1
perform,rnas,1
perform,recently,1
perform,unsupervised,1
perform,secure,1
perform,words,1
perform,transformer,1
perform,system,1
perform,water,1
perform,wiki,1
perform,skeleton,1
perform,vehicle,1
perform,results,1
perform,subgraph,1
perform,pose,1
perform,skeleton-based,1
perform,proposed,1
perform,probability,1
perform,spatial,1
perform,sentiments,1
perform,role,1
perform,relationships,1
perform,representation,1
perform,represent,1
perform,topic,1
perform,updated,1
perform,training,1
perform,u-net,1
perform,supervised,1
perform,works,1
perform,showed,1
perform,pooling,1
perform,technique,1
perform,prediction,1
perform,propagation,1
perform,time,1
perform,representations,1
perform,user,1
perform,predict,1
perform,set,1
perform,tumor,1
perform,target,1
perform,studies,1
perform,recognition,1
perform,sparsity,1
perform,recent,1
perform,static,1
perform,surface,1
perform,significant,1
perform,temporal,1
perform,predicting,1
perform,validate,1
perform,spatial-temporal,1
perform,single,1
perform,task,1
perform,step,1
perform,traffic,1
perform,synthetic,1
perform,real,1
perform,visual,1
perform,remote,1
perform,rgb,1
perform,show,1
perform,processing,1
perform,previous,1
perform,structural,1
perform,success,1
perform,variation,1
perform,reactions,1
perform,unit,1
perform,targets,1
perform,utilization,1
perform,structures,1
perform,video,1
perform,traditional,1
perform,stability,1
perform,sample,1
perform,tree,1
perform,types,1
perform,protein,1
perform,point,1
perform,reported,1
perform,remarkable,1
households,paper,1
households,specifically,1
households,literature,1
households,obtained,1
households,network,1
households,networks,1
households,proposes,1
households,models,1
households,work,1
households,model,1
households,improve,1
households,lstm,1
households,similarity,1
households,system,1
households,vehicle,1
households,results,1
households,learning,1
households,proposed,1
households,information,1
households,optimization,1
households,represent,1
households,works,1
households,technique,1
households,time,1
households,neural,1
households,management,1
households,multiple,1
households,temporal,1
households,single,1
households,real,1
households,memory,1
apartments,graph,1
apartments,obtained,1
apartments,generated,1
apartments,network,1
apartments,households,1
apartments,convolutional,1
apartments,model,1
apartments,bidirectional,1
apartments,system,1
apartments,data,1
apartments,vehicle,1
apartments,results,1
apartments,learning,1
apartments,proposed,1
apartments,based,1
apartments,optimization,1
apartments,deep,1
apartments,technique,1
apartments,management,1
apartments,single,1
apartments,memory,1
study,wide,1
study,systems,1
study,tcga,1
study,three-dimensional,1
study,thousands,1
study,tasks,1
study,utilized,1
study,time-consuming,1
study,work,1
study,viable,1
study,trna,1
study,transformers,1
study,videos,1
study,years,1
study,theory,1
study,typically,1
study,understanding,1
study,technologies,1
study,svm,1
study,unsupervised,1
study,words,1
study,transformer,1
study,system,1
study,water,1
study,surge,1
study,vehicle,1
study,xps,1
study,topic,1
study,updated,1
study,training,1
study,u-net,1
study,supervised,1
study,works,1
study,technique,1
study,time,1
study,user,1
study,tumor,1
study,target,1
study,ternary,1
study,trend,1
study,surface,1
study,temporal,1
study,validate,1
study,task,1
study,traffic,1
study,synthetic,1
study,visual,1
study,success,1
study,variation,1
study,unit,1
study,targets,1
study,utilization,1
study,video,1
study,traditional,1
study,tree,1
study,types,1
strategy,wide,1
strategy,structure,1
strategy,systems,1
strategy,tcga,1
strategy,three-dimensional,1
strategy,tasks,1
strategy,utilized,1
strategy,time-consuming,1
strategy,tubes,1
strategy,work,1
strategy,study,1
strategy,viable,1
strategy,string,1
strategy,transformers,1
strategy,videos,1
strategy,years,1
strategy,theory,1
strategy,typically,1
strategy,understanding,1
strategy,technologies,1
strategy,svm,1
strategy,unsupervised,1
strategy,words,1
strategy,transformer,1
strategy,system,1
strategy,water,1
strategy,surge,1
strategy,vehicle,1
strategy,subgraph,1
strategy,xps,1
strategy,topic,1
strategy,updated,1
strategy,training,1
strategy,supervised,1
strategy,works,1
strategy,technique,1
strategy,time,1
strategy,user,1
strategy,tumor,1
strategy,target,1
strategy,studies,1
strategy,ternary,1
strategy,trend,1
strategy,surface,1
strategy,temporal,1
strategy,validate,1
strategy,task,1
strategy,traffic,1
strategy,synthetic,1
strategy,visual,1
strategy,structural,1
strategy,success,1
strategy,variation,1
strategy,unit,1
strategy,targets,1
strategy,utilization,1
strategy,structures,1
strategy,video,1
strategy,traditional,1
strategy,types,1
presents,wide,1
presents,specifically,1
presents,structure,1
presents,published,1
presents,reduced,1
presents,systems,1
presents,standards,1
presents,proposes,1
presents,result,1
presents,problem,1
presents,recombination,1
presents,real-world,1
presents,propose,1
presents,tasks,1
presents,utilized,1
presents,process,1
presents,work,1
presents,similar,1
presents,study,1
presents,strategy,1
presents,viable,1
presents,samples,1
presents,research,1
presents,separation,1
presents,sets,1
presents,simultaneously,1
presents,resulting,1
presents,years,1
presents,theory,1
presents,relation,1
presents,relations,1
presents,understanding,1
presents,sites,1
presents,similarity,1
presents,recently,1
presents,unsupervised,1
presents,transformer,1
presents,system,1
presents,water,1
presents,skeleton,1
presents,vehicle,1
presents,results,1
presents,xps,1
presents,skeleton-based,1
presents,proposed,1
presents,revealed,1
presents,spatial,1
presents,pubmed,1
presents,role,1
presents,relationships,1
presents,representation,1
presents,represent,1
presents,topic,1
presents,training,1
presents,supervised,1
presents,works,1
presents,showed,1
presents,technique,1
presents,propagation,1
presents,time,1
presents,representations,1
presents,user,1
presents,set,1
presents,target,1
presents,studies,1
presents,recognition,1
presents,recent,1
presents,surface,1
presents,significant,1
presents,temporal,1
presents,validate,1
presents,spatial-temporal,1
presents,single,1
presents,task,1
presents,traffic,1
presents,synthetic,1
presents,real,1
presents,visual,1
presents,remote,1
presents,rgb,1
presents,show,1
presents,processing,1
presents,previous,1
presents,structural,1
presents,success,1
presents,reactions,1
presents,unit,1
presents,structures,1
presents,video,1
presents,traditional,1
presents,sample,1
presents,types,1
presents,reported,1
presents,remarkable,1
viable,work,1
viable,water,1
viable,xps,1
trna,typically,1
outperform,paper,1
outperform,wide,1
outperform,specifically,1
outperform,structure,1
outperform,present,1
outperform,published,1
outperform,reduced,1
outperform,systems,1
outperform,rna,1
outperform,proposes,1
outperform,result,1
outperform,problem,1
outperform,performance,1
outperform,real-world,1
outperform,owing,1
outperform,propose,1
outperform,roads,1
outperform,tasks,1
outperform,utilized,1
outperform,process,1
outperform,proteins,1
outperform,time-consuming,1
outperform,psycholinguistic,1
outperform,work,1
outperform,similar,1
outperform,smoothing,1
outperform,perform,1
outperform,study,1
outperform,strategy,1
outperform,presents,1
outperform,research,1
outperform,requirement,1
outperform,sets,1
outperform,simultaneously,1
outperform,resulting,1
outperform,years,1
outperform,theory,1
outperform,relation,1
outperform,relations,1
outperform,typically,1
outperform,understanding,1
outperform,sites,1
outperform,points,1
outperform,patients,1
outperform,patient,1
outperform,similarity,1
outperform,recently,1
outperform,unsupervised,1
outperform,words,1
outperform,transformer,1
outperform,system,1
outperform,water,1
outperform,vehicle,1
outperform,results,1
outperform,proposed,1
outperform,probability,1
outperform,spatial,1
outperform,pubmed,1
outperform,role,1
outperform,relationships,1
outperform,representation,1
outperform,topic,1
outperform,training,1
outperform,supervised,1
outperform,works,1
outperform,showed,1
outperform,technique,1
outperform,prediction,1
outperform,propagation,1
outperform,time,1
outperform,representations,1
outperform,user,1
outperform,predict,1
outperform,set,1
outperform,target,1
outperform,studies,1
outperform,recognition,1
outperform,recent,1
outperform,static,1
outperform,significant,1
outperform,temporal,1
outperform,predicting,1
outperform,validate,1
outperform,spatial-temporal,1
outperform,single,1
outperform,task,1
outperform,step,1
outperform,traffic,1
outperform,synthetic,1
outperform,real,1
outperform,visual,1
outperform,remote,1
outperform,parameters,1
outperform,show,1
outperform,processing,1
outperform,previous,1
outperform,pairs,1
outperform,structural,1
outperform,success,1
outperform,variation,1
outperform,unit,1
outperform,patterns,1
outperform,utilization,1
outperform,structures,1
outperform,traditional,1
outperform,sample,1
outperform,types,1
outperform,protein,1
outperform,reported,1
cutting-thin,rarely,1
cutting-thin,obtained,1
cutting-thin,performance,1
cutting-thin,recombination,1
cutting-thin,process,1
cutting-thin,elsevier,1
cutting-thin,established,1
cutting-thin,research,1
cutting-thin,photocatalyst,1
cutting-thin,electron,1
cutting-thin,optimal,1
cutting-thin,technique,1
cutting-thin,improved,1
cutting-thin,effective,1
cutting-thin,photocatalytic,1
cutting-thin,important,1
cutting-thin,reported,1
string,structure,1
string,utilized,1
string,work,1
string,study,1
string,training,1
string,task,1
string,structural,1
string,traditional,1
descriptor,paper,1
descriptor,named,1
descriptor,method,1
descriptor,methods,1
descriptor,specifically,1
descriptor,structure,1
descriptor,input,1
descriptor,existing,1
descriptor,graph,1
descriptor,present,1
descriptor,literature,1
descriptor,extract,1
descriptor,published,1
descriptor,reduced,1
descriptor,gap,1
descriptor,developed,1
descriptor,network,1
descriptor,networks,1
descriptor,noise,1
descriptor,rna,1
descriptor,models,1
descriptor,efficient,1
descriptor,three-dimensional,1
descriptor,node,1
descriptor,performance,1
descriptor,fast,1
descriptor,propose,1
descriptor,utilized,1
descriptor,time-consuming,1
descriptor,experimental,1
descriptor,elsevier,1
descriptor,work,1
descriptor,gcn,1
descriptor,nodes,1
descriptor,excellent,1
descriptor,similar,1
descriptor,perform,1
descriptor,study,1
descriptor,strategy,1
descriptor,string,1
descriptor,explore,1
descriptor,research,1
descriptor,numerous,1
descriptor,sets,1
descriptor,resulting,1
descriptor,features,1
descriptor,years,1
descriptor,leading,1
descriptor,gcns,1
descriptor,imdb,1
descriptor,model,1
descriptor,due,1
descriptor,points,1
descriptor,efficiency,1
descriptor,improve,1
descriptor,technologies,1
descriptor,euclidean,1
descriptor,similarity,1
descriptor,rnas,1
descriptor,recently,1
descriptor,edges,1
descriptor,unsupervised,1
descriptor,effectively,1
descriptor,skeleton,1
descriptor,framework,1
descriptor,results,1
descriptor,learning,1
descriptor,skeleton-based,1
descriptor,euler,1
descriptor,proposed,1
descriptor,revealed,1
descriptor,probability,1
descriptor,spatial,1
descriptor,information,1
descriptor,role,1
descriptor,relationships,1
descriptor,representation,1
descriptor,represent,1
descriptor,topic,1
descriptor,local,1
descriptor,training,1
descriptor,showed,1
descriptor,optimal,1
descriptor,key,1
descriptor,prediction,1
descriptor,time,1
descriptor,learn,1
descriptor,focus,1
descriptor,representations,1
descriptor,introduce,1
descriptor,management,1
descriptor,predict,1
descriptor,feature,1
descriptor,set,1
descriptor,recognition,1
descriptor,identify,1
descriptor,multiple,1
descriptor,recent,1
descriptor,gene,1
descriptor,surface,1
descriptor,knowledge,1
descriptor,temporal,1
descriptor,identification,1
descriptor,number,1
descriptor,validate,1
descriptor,spatial-temporal,1
descriptor,interaction,1
descriptor,task,1
descriptor,energy,1
descriptor,improved,1
descriptor,show,1
descriptor,large,1
descriptor,processing,1
descriptor,previous,1
descriptor,embedding,1
descriptor,effective,1
descriptor,structural,1
descriptor,identifying,1
descriptor,important,1
descriptor,reactions,1
descriptor,great,1
descriptor,structures,1
descriptor,traditional,1
descriptor,sample,1
descriptor,motion,1
descriptor,types,1
descriptor,point,1
explore,paper,1
explore,named,1
explore,method,1
explore,methods,1
explore,inferred,1
explore,wide,1
explore,specifically,1
explore,structure,1
explore,input,1
explore,ignore,1
explore,graph,1
explore,nitride,1
explore,present,1
explore,rarely,1
explore,extract,1
explore,published,1
explore,generally,1
explore,increasing,1
explore,reduced,1
explore,gap,1
explore,independently,1
explore,obtained,1
explore,generated,1
explore,systems,1
explore,network,1
explore,networks,1
explore,noise,1
explore,extracting,1
explore,rna,1
explore,proposes,1
explore,models,1
explore,result,1
explore,three-dimensional,1
explore,problem,1
explore,node,1
explore,performance,1
explore,limited,1
explore,fast,1
explore,real-world,1
explore,thousands,1
explore,hours,1
explore,owing,1
explore,propose,1
explore,tasks,1
explore,utilized,1
explore,process,1
explore,proteins,1
explore,time-consuming,1
explore,work,1
explore,gcn,1
explore,nodes,1
explore,similar,1
explore,perform,1
explore,study,1
explore,strategy,1
explore,presents,1
explore,viable,1
explore,outperform,1
explore,samples,1
explore,research,1
explore,pressure,1
explore,graphs,1
explore,numerous,1
explore,separation,1
explore,sets,1
explore,simultaneously,1
explore,resulting,1
explore,plant,1
explore,transformers,1
explore,videos,1
explore,features,1
explore,years,1
explore,theory,1
explore,leading,1
explore,rely,1
explore,heavily,1
explore,material,1
explore,gcns,1
explore,relation,1
explore,relations,1
explore,typically,1
explore,firstly,1
explore,understanding,1
explore,imdb,1
explore,heterogeneous,1
explore,model,1
explore,points,1
explore,improve,1
explore,lstm,1
explore,technologies,1
explore,softmax,1
explore,patients,1
explore,patient,1
explore,similarity,1
explore,rnas,1
explore,recently,1
explore,molecules,1
explore,molecule,1
explore,ntu,1
explore,unsupervised,1
explore,nlp,1
explore,words,1
explore,transformer,1
explore,system,1
explore,water,1
explore,surge,1
explore,kinetics,1
explore,skeleton,1
explore,framework,1
explore,vehicle,1
explore,guided,1
explore,layer,1
explore,results,1
explore,learning,1
explore,subgraph,1
explore,ftir,1
explore,xps,1
explore,pose,1
explore,skeleton-based,1
explore,graph-based,1
explore,proposed,1
explore,meaningful,1
explore,revealed,1
explore,methodology,1
explore,spatial,1
explore,information,1
explore,role,1
explore,optimization,1
explore,relationships,1
explore,representation,1
explore,represent,1
explore,generative,1
explore,laplacian,1
explore,topic,1
explore,updated,1
explore,global,1
explore,local,1
explore,training,1
explore,supervised,1
explore,works,1
explore,generate,1
explore,showed,1
explore,optimal,1
explore,key,1
explore,human,1
explore,technique,1
explore,prediction,1
explore,factors,1
explore,propagation,1
explore,time,1
explore,learn,1
explore,neighbor,1
explore,focus,1
explore,modalities,1
explore,high,1
explore,module,1
explore,representations,1
explore,introduce,1
explore,neural,1
explore,expression,1
explore,user,1
explore,management,1
explore,predict,1
explore,feature,1
explore,set,1
explore,fully,1
explore,tumor,1
explore,target,1
explore,studies,1
explore,recognition,1
explore,identify,1
explore,multiple,1
explore,trend,1
explore,sparsity,1
explore,faces,1
explore,recent,1
explore,static,1
explore,gene,1
explore,surface,1
explore,significant,1
explore,knowledge,1
explore,temporal,1
explore,identification,1
explore,predicting,1
explore,number,1
explore,validate,1
explore,spatial-temporal,1
explore,single,1
explore,interaction,1
explore,layers,1
explore,task,1
explore,step,1
explore,machine,1
explore,traffic,1
explore,synthetic,1
explore,real,1
explore,visual,1
explore,remote,1
explore,parameters,1
explore,rgb,1
explore,improved,1
explore,show,1
explore,large,1
explore,processing,1
explore,previous,1
explore,pairs,1
explore,include,1
explore,learns,1
explore,structural,1
explore,success,1
explore,identifying,1
explore,important,1
explore,memory,1
explore,unit,1
explore,gated,1
explore,patterns,1
explore,field,1
explore,great,1
explore,light,1
explore,functions,1
explore,targets,1
explore,multi-scale,1
explore,utilization,1
explore,structures,1
explore,neighbors,1
explore,part,1
explore,video,1
explore,focuses,1
explore,traditional,1
explore,stability,1
explore,sample,1
explore,pollutants,1
explore,tree,1
explore,motion,1
explore,types,1
explore,protein,1
explore,point,1
explore,reported,1
explore,remarkable,1
sgc,specifically,1
sgc,tasks,1
sgc,strategy,1
sgc,similarity,1
sgc,training,1
sgc,works,1
sgc,studies,1
sgc,significant,1
sgc,single,1
sgc,task,1
sgc,step,1
sgc,visual,1
sgc,show,1
u-shaped,videos,1
u-shaped,video,1
samples,wide,1
samples,specifically,1
samples,structure,1
samples,systems,1
samples,standards,1
samples,tcga,1
samples,thousands,1
samples,tasks,1
samples,utilized,1
samples,time-consuming,1
samples,work,1
samples,similar,1
samples,smoothing,1
samples,study,1
samples,strategy,1
samples,separation,1
samples,sets,1
samples,simultaneously,1
samples,videos,1
samples,years,1
samples,theory,1
samples,typically,1
samples,understanding,1
samples,sites,1
samples,technologies,1
samples,svm,1
samples,softmax,1
samples,similarity,1
samples,unsupervised,1
samples,words,1
samples,transformer,1
samples,system,1
samples,water,1
samples,skeleton,1
samples,vehicle,1
samples,subgraph,1
samples,xps,1
samples,skeleton-based,1
samples,spatial,1
samples,topic,1
samples,updated,1
samples,training,1
samples,u-net,1
samples,supervised,1
samples,works,1
samples,showed,1
samples,technique,1
samples,time,1
samples,user,1
samples,set,1
samples,tumor,1
samples,target,1
samples,studies,1
samples,ternary,1
samples,trend,1
samples,sparsity,1
samples,static,1
samples,surface,1
samples,significant,1
samples,temporal,1
samples,validate,1
samples,single,1
samples,task,1
samples,step,1
samples,traffic,1
samples,synthetic,1
samples,visual,1
samples,show,1
samples,structural,1
samples,success,1
samples,variation,1
samples,unit,1
samples,targets,1
samples,utilization,1
samples,structures,1
samples,video,1
samples,traditional,1
samples,stability,1
samples,tree,1
samples,types,1
couplings,method,1
couplings,specifically,1
couplings,input,1
couplings,graph,1
couplings,published,1
couplings,curated,1
couplings,generally,1
couplings,developed,1
couplings,network,1
couplings,networks,1
couplings,extracting,1
couplings,critical,1
couplings,models,1
couplings,performance,1
couplings,hours,1
couplings,experimental,1
couplings,strategy,1
couplings,string,1
couplings,descriptor,1
couplings,explore,1
couplings,sets,1
couplings,simultaneously,1
couplings,theory,1
couplings,leading,1
couplings,model,1
couplings,patients,1
couplings,patient,1
couplings,data,1
couplings,framework,1
couplings,results,1
couplings,learning,1
couplings,dependencies,1
couplings,proposed,1
couplings,spatial,1
couplings,deep,1
couplings,optimal,1
couplings,technique,1
couplings,prediction,1
couplings,representations,1
couplings,neural,1
couplings,predict,1
couplings,set,1
couplings,fully,1
couplings,recognition,1
couplings,recent,1
couplings,temporal,1
couplings,validate,1
couplings,task,1
couplings,effective,1
couplings,reactions,1
research,wide,1
research,specifically,1
research,structure,1
research,systems,1
research,standards,1
research,rna,1
research,tcga,1
research,result,1
research,three-dimensional,1
research,roads,1
research,tasks,1
research,utilized,1
research,time-consuming,1
research,work,1
research,similar,1
research,smoothing,1
research,study,1
research,strategy,1
research,samples,1
research,separation,1
research,sets,1
research,simultaneously,1
research,resulting,1
research,transformers,1
research,videos,1
research,years,1
research,theory,1
research,typically,1
research,understanding,1
research,sites,1
research,smiles,1
research,technologies,1
research,svm,1
research,softmax,1
research,similarity,1
research,rnas,1
research,unsupervised,1
research,words,1
research,transformer,1
research,system,1
research,water,1
research,surge,1
research,skeleton,1
research,vehicle,1
research,results,1
research,xps,1
research,skeleton-based,1
research,skeletongait,1
research,revealed,1
research,spatial,1
research,sentiments,1
research,role,1
research,unifying,1
research,topic,1
research,updated,1
research,training,1
research,u-net,1
research,supervised,1
research,works,1
research,showed,1
research,technique,1
research,time,1
research,user,1
research,set,1
research,tumor,1
research,target,1
research,studies,1
research,ternary,1
research,trend,1
research,sparsity,1
research,static,1
research,surface,1
research,significant,1
research,temporal,1
research,validate,1
research,spatial-temporal,1
research,single,1
research,task,1
research,step,1
research,traffic,1
research,synthetic,1
research,visual,1
research,rgb,1
research,show,1
research,structural,1
research,success,1
research,variation,1
research,unit,1
research,targets,1
research,utilization,1
research,structures,1
research,video,1
research,traditional,1
research,stability,1
research,sample,1
research,tree,1
research,types,1
pressure,rarely,1
pressure,reduced,1
pressure,systems,1
pressure,proposes,1
pressure,propose,1
pressure,process,1
pressure,work,1
pressure,similar,1
pressure,study,1
pressure,research,1
pressure,separation,1
pressure,resulting,1
pressure,theory,1
pressure,relations,1
pressure,technologies,1
pressure,system,1
pressure,water,1
pressure,results,1
pressure,proposed,1
pressure,spatial,1
pressure,role,1
pressure,relationships,1
pressure,representation,1
pressure,represent,1
pressure,technique,1
pressure,time,1
pressure,target,1
pressure,temporal,1
pressure,validate,1
pressure,single,1
pressure,task,1
pressure,traffic,1
pressure,real,1
pressure,show,1
pressure,reactions,1
pressure,unit,1
pressure,protein,1
f-score,paper,1
f-score,method,1
f-score,methods,1
f-score,input,1
f-score,obtained,1
f-score,systems,1
f-score,network,1
f-score,networks,1
f-score,proposes,1
f-score,models,1
f-score,performance,1
f-score,utilized,1
f-score,process,1
f-score,work,1
f-score,gcn,1
f-score,study,1
f-score,presents,1
f-score,research,1
f-score,features,1
f-score,rely,1
f-score,gcns,1
f-score,firstly,1
f-score,model,1
f-score,improve,1
f-score,system,1
f-score,framework,1
f-score,results,1
f-score,learning,1
f-score,proposed,1
f-score,information,1
f-score,role,1
f-score,supervised,1
f-score,showed,1
f-score,optimal,1
f-score,key,1
f-score,time,1
f-score,high,1
f-score,module,1
f-score,neural,1
f-score,predict,1
f-score,recognition,1
f-score,identify,1
f-score,multiple,1
f-score,static,1
f-score,gene,1
f-score,identification,1
f-score,number,1
f-score,task,1
f-score,visual,1
f-score,rgb,1
f-score,show,1
f-score,previous,1
auc,paper,1
auc,named,1
auc,method,1
auc,methods,1
auc,intuitively,1
auc,specifically,1
auc,dual,1
auc,structure,1
auc,input,1
auc,existing,1
auc,ignore,1
auc,graph,1
auc,considered,1
auc,present,1
auc,literature,1
auc,rarely,1
auc,extract,1
auc,published,1
auc,curated,1
auc,common,1
auc,increasing,1
auc,reduced,1
auc,gap,1
auc,developed,1
auc,independently,1
auc,obtained,1
auc,generated,1
auc,systems,1
auc,network,1
auc,networks,1
auc,noise,1
auc,extracting,1
auc,rna,1
auc,proposes,1
auc,critical,1
auc,models,1
auc,result,1
auc,beneficial,1
auc,efficient,1
auc,classification,1
auc,problem,1
auc,node,1
auc,performance,1
auc,limited,1
auc,fast,1
auc,real-world,1
auc,propose,1
auc,tasks,1
auc,utilized,1
auc,process,1
auc,proteins,1
auc,time-consuming,1
auc,experimental,1
auc,elsevier,1
auc,chemical,1
auc,work,1
auc,gcn,1
auc,nodes,1
auc,established,1
auc,capability,1
auc,similar,1
auc,perform,1
auc,study,1
auc,strategy,1
auc,presents,1
auc,descriptor,1
auc,samples,1
auc,research,1
auc,f-score,1
auc,graphs,1
auc,numerous,1
auc,sets,1
auc,simultaneously,1
auc,markers,1
auc,resulting,1
auc,videos,1
auc,features,1
auc,years,1
auc,language,1
auc,leading,1
auc,hemisphere,1
auc,gcns,1
auc,relations,1
auc,typically,1
auc,firstly,1
auc,understanding,1
auc,convolutional,1
auc,heterogeneous,1
auc,model,1
auc,cnn,1
auc,due,1
auc,cloud,1
auc,points,1
auc,efficiency,1
auc,improve,1
auc,ethereum,1
auc,lstm,1
auc,svm,1
auc,formed,1
auc,euclidean,1
auc,patients,1
auc,similarity,1
auc,rnas,1
auc,initiative,1
auc,pca,1
auc,molecules,1
auc,edges,1
auc,unsupervised,1
auc,transformer,1
auc,system,1
auc,wiki,1
auc,datasets,1
auc,data,1
auc,effectively,1
auc,framework,1
auc,end,1
auc,layer,1
auc,results,1
auc,learning,1
auc,subgraph,1
auc,graph-based,1
auc,dependencies,1
auc,proposed,1
auc,based,1
auc,conduct,1
auc,meaningful,1
auc,probability,1
auc,spatial,1
auc,pubmed,1
auc,information,1
auc,evaluation,1
auc,role,1
auc,relationships,1
auc,representation,1
auc,represent,1
auc,generative,1
auc,embeddings,1
auc,laplacian,1
auc,topic,1
auc,global,1
auc,local,1
auc,deep,1
auc,training,1
auc,correlations,1
auc,supervised,1
auc,error,1
auc,works,1
auc,generate,1
auc,capture,1
auc,showed,1
auc,optimal,1
auc,presentation,1
auc,pooling,1
auc,dataset,1
auc,key,1
auc,human,1
auc,technique,1
auc,prediction,1
auc,factors,1
auc,propagation,1
auc,time,1
auc,learn,1
auc,single-granular,1
auc,focus,1
auc,modalities,1
auc,high,1
auc,module,1
auc,representations,1
auc,introduce,1
auc,neural,1
auc,expression,1
auc,user,1
auc,predict,1
auc,feature,1
auc,set,1
auc,fully,1
auc,complex,1
auc,tumor,1
auc,target,1
auc,studies,1
auc,recognition,1
auc,identify,1
auc,convolution,1
auc,challenges,1
auc,multiple,1
auc,sparsity,1
auc,faces,1
auc,recent,1
auc,gene,1
auc,significant,1
auc,knowledge,1
auc,temporal,1
auc,identification,1
auc,predicting,1
auc,number,1
auc,validate,1
auc,gat,1
auc,spatial-temporal,1
auc,single,1
auc,interaction,1
auc,task,1
auc,challenging,1
auc,step,1
auc,machine,1
auc,traffic,1
auc,real,1
auc,visual,1
auc,cells,1
auc,parameters,1
auc,rgb,1
auc,improved,1
auc,show,1
auc,large,1
auc,processing,1
auc,previous,1
auc,pairs,1
auc,employed,1
auc,captures,1
auc,learns,1
auc,embedding,1
auc,effective,1
auc,structural,1
auc,success,1
auc,cases,1
auc,variation,1
auc,identifying,1
auc,important,1
auc,patterns,1
auc,field,1
auc,comprehensive,1
auc,great,1
auc,functions,1
auc,targets,1
auc,structures,1
auc,neighbors,1
auc,progress,1
auc,video,1
auc,focuses,1
auc,traditional,1
auc,stability,1
auc,designed,1
auc,diffusion,1
auc,tree,1
auc,motion,1
auc,types,1
auc,protein,1
auc,background,1
graphs,paper,1
graphs,named,1
graphs,method,1
graphs,methods,1
graphs,intuitively,1
graphs,inferred,1
graphs,wide,1
graphs,specifically,1
graphs,structure,1
graphs,input,1
graphs,ignore,1
graphs,low-pass,1
graphs,nitride,1
graphs,present,1
graphs,literature,1
graphs,rarely,1
graphs,published,1
graphs,increasing,1
graphs,reduced,1
graphs,hyperlinks,1
graphs,independently,1
graphs,obtained,1
graphs,systems,1
graphs,network,1
graphs,networks,1
graphs,noise,1
graphs,tcga,1
graphs,proposes,1
graphs,models,1
graphs,result,1
graphs,pharmacological,1
graphs,three-dimensional,1
graphs,problem,1
graphs,node,1
graphs,performance,1
graphs,limited,1
graphs,real-world,1
graphs,thousands,1
graphs,owing,1
graphs,propose,1
graphs,tasks,1
graphs,utilized,1
graphs,process,1
graphs,proteins,1
graphs,time-consuming,1
graphs,work,1
graphs,nodes,1
graphs,similar,1
graphs,smoothing,1
graphs,perform,1
graphs,households,1
graphs,study,1
graphs,strategy,1
graphs,presents,1
graphs,outperform,1
graphs,string,1
graphs,sgc,1
graphs,samples,1
graphs,research,1
graphs,requirement,1
graphs,numerous,1
graphs,separation,1
graphs,sets,1
graphs,simultaneously,1
graphs,resulting,1
graphs,transformers,1
graphs,videos,1
graphs,years,1
graphs,language,1
graphs,theory,1
graphs,leading,1
graphs,rely,1
graphs,heavily,1
graphs,relation,1
graphs,relations,1
graphs,typically,1
graphs,understanding,1
graphs,imdb,1
graphs,mscoco,1
graphs,heterogeneous,1
graphs,model,1
graphs,sites,1
graphs,points,1
graphs,improve,1
graphs,lstm,1
graphs,smiles,1
graphs,technologies,1
graphs,svm,1
graphs,knn,1
graphs,softmax,1
graphs,patients,1
graphs,patient,1
graphs,similarity,1
graphs,rnas,1
graphs,initiative,1
graphs,recently,1
graphs,molecules,1
graphs,molecule,1
graphs,ntu,1
graphs,unsupervised,1
graphs,matthews,1
graphs,secure,1
graphs,nlp,1
graphs,words,1
graphs,transformer,1
graphs,system,1
graphs,wiki,1
graphs,surge,1
graphs,kinetics,1
graphs,skeleton,1
graphs,vehicle,1
graphs,guided,1
graphs,layer,1
graphs,results,1
graphs,learning,1
graphs,subgraph,1
graphs,pose,1
graphs,skeleton-based,1
graphs,informative,1
graphs,proposed,1
graphs,meaningful,1
graphs,revealed,1
graphs,probability,1
graphs,methodology,1
graphs,spatial,1
graphs,pubmed,1
graphs,information,1
graphs,role,1
graphs,mcc,1
graphs,optimization,1
graphs,relationships,1
graphs,representation,1
graphs,represent,1
graphs,unifying,1
graphs,laplacian,1
graphs,topic,1
graphs,updated,1
graphs,local,1
graphs,training,1
graphs,supervised,1
graphs,works,1
graphs,showed,1
graphs,optimal,1
graphs,pooling,1
graphs,key,1
graphs,human,1
graphs,technique,1
graphs,prediction,1
graphs,propagation,1
graphs,time,1
graphs,learn,1
graphs,neighbor,1
graphs,single-granular,1
graphs,modalities,1
graphs,high,1
graphs,module,1
graphs,representations,1
graphs,introduce,1
graphs,neural,1
graphs,user,1
graphs,management,1
graphs,predict,1
graphs,set,1
graphs,target,1
graphs,studies,1
graphs,recognition,1
graphs,identify,1
graphs,multiple,1
graphs,trend,1
graphs,sparsity,1
graphs,recent,1
graphs,static,1
graphs,surface,1
graphs,significant,1
graphs,knowledge,1
graphs,temporal,1
graphs,identification,1
graphs,predicting,1
graphs,number,1
graphs,validate,1
graphs,spatial-temporal,1
graphs,single,1
graphs,interaction,1
graphs,layers,1
graphs,task,1
graphs,step,1
graphs,machine,1
graphs,traffic,1
graphs,synthetic,1
graphs,real,1
graphs,visual,1
graphs,layouts,1
graphs,remote,1
graphs,parameters,1
graphs,rgb,1
graphs,improved,1
graphs,show,1
graphs,large,1
graphs,processing,1
graphs,previous,1
graphs,pairs,1
graphs,include,1
graphs,learns,1
graphs,structural,1
graphs,success,1
graphs,variation,1
graphs,identifying,1
graphs,important,1
graphs,memory,1
graphs,unit,1
graphs,patterns,1
graphs,great,1
graphs,light,1
graphs,targets,1
graphs,multi-scale,1
graphs,utilization,1
graphs,structures,1
graphs,neighbors,1
graphs,part,1
graphs,progress,1
graphs,video,1
graphs,traditional,1
graphs,stability,1
graphs,sample,1
graphs,pollutants,1
graphs,tree,1
graphs,motion,1
graphs,types,1
graphs,protein,1
graphs,point,1
graphs,reported,1
graphs,remarkable,1
requirement,specifically,1
requirement,structure,1
requirement,systems,1
requirement,three-dimensional,1
requirement,utilized,1
requirement,work,1
requirement,similar,1
requirement,study,1
requirement,strategy,1
requirement,samples,1
requirement,research,1
requirement,sets,1
requirement,resulting,1
requirement,years,1
requirement,typically,1
requirement,understanding,1
requirement,technologies,1
requirement,unsupervised,1
requirement,system,1
requirement,vehicle,1
requirement,results,1
requirement,spatial,1
requirement,role,1
requirement,training,1
requirement,supervised,1
requirement,technique,1
requirement,time,1
requirement,user,1
requirement,studies,1
requirement,static,1
requirement,surface,1
requirement,significant,1
requirement,temporal,1
requirement,validate,1
requirement,single,1
requirement,task,1
requirement,traffic,1
requirement,visual,1
requirement,show,1
requirement,unit,1
requirement,traditional,1
requirement,stability,1
requirement,types,1
numerous,paper,1
numerous,wide,1
numerous,specifically,1
numerous,structure,1
numerous,present,1
numerous,rarely,1
numerous,published,1
numerous,obtained,1
numerous,systems,1
numerous,rna,1
numerous,tcga,1
numerous,proposes,1
numerous,result,1
numerous,problem,1
numerous,performance,1
numerous,recombination,1
numerous,real-world,1
numerous,owing,1
numerous,propose,1
numerous,roads,1
numerous,tasks,1
numerous,utilized,1
numerous,process,1
numerous,proteins,1
numerous,time-consuming,1
numerous,work,1
numerous,similar,1
numerous,perform,1
numerous,study,1
numerous,strategy,1
numerous,presents,1
numerous,samples,1
numerous,research,1
numerous,sets,1
numerous,simultaneously,1
numerous,resulting,1
numerous,transformers,1
numerous,videos,1
numerous,years,1
numerous,theory,1
numerous,relation,1
numerous,relations,1
numerous,typically,1
numerous,understanding,1
numerous,sites,1
numerous,points,1
numerous,svm,1
numerous,patients,1
numerous,similarity,1
numerous,rnas,1
numerous,recently,1
numerous,words,1
numerous,transformer,1
numerous,system,1
numerous,water,1
numerous,skeleton,1
numerous,results,1
numerous,pose,1
numerous,skeleton-based,1
numerous,proposed,1
numerous,revealed,1
numerous,spatial,1
numerous,role,1
numerous,optimization,1
numerous,relationships,1
numerous,representation,1
numerous,represent,1
numerous,training,1
numerous,supervised,1
numerous,works,1
numerous,showed,1
numerous,optimal,1
numerous,prediction,1
numerous,propagation,1
numerous,time,1
numerous,representations,1
numerous,user,1
numerous,predict,1
numerous,set,1
numerous,tumor,1
numerous,target,1
numerous,studies,1
numerous,recognition,1
numerous,sparsity,1
numerous,recent,1
numerous,surface,1
numerous,significant,1
numerous,temporal,1
numerous,predicting,1
numerous,validate,1
numerous,spatial-temporal,1
numerous,single,1
numerous,task,1
numerous,step,1
numerous,traffic,1
numerous,real,1
numerous,visual,1
numerous,parameters,1
numerous,show,1
numerous,processing,1
numerous,previous,1
numerous,pairs,1
numerous,photocatalytic,1
numerous,structural,1
numerous,variation,1
numerous,reactions,1
numerous,unit,1
numerous,patterns,1
numerous,structures,1
numerous,part,1
numerous,video,1
numerous,traditional,1
numerous,stability,1
numerous,tree,1
numerous,types,1
numerous,protein,1
numerous,point,1
numerous,reported,1
separation,wide,1
separation,structure,1
separation,water-splitting,1
separation,systems,1
separation,tasks,1
separation,tubes,1
separation,work,1
separation,similar,1
separation,study,1
separation,strategy,1
separation,topologically,1
separation,wavelengths,1
separation,simultaneously,1
separation,theory,1
separation,sites,1
separation,technologies,1
separation,similarity,1
separation,system,1
separation,water,1
separation,skeleton,1
separation,xps,1
separation,skeleton-based,1
separation,spatial,1
separation,topic,1
separation,training,1
separation,showed,1
separation,technique,1
separation,time,1
separation,set,1
separation,target,1
separation,studies,1
separation,ternary,1
separation,surface,1
separation,significant,1
separation,spatial-temporal,1
separation,step,1
separation,splitting,1
separation,show,1
separation,structural,1
separation,variation,1
separation,structures,1
separation,traditional,1
separation,stability,1
separation,tree,1
separation,types,1
topologically,water-splitting,1
topologically,wavelengths,1
sets,wide,1
sets,specifically,1
sets,structure,1
sets,systems,1
sets,three-dimensional,1
sets,tasks,1
sets,utilized,1
sets,time-consuming,1
sets,work,1
sets,similar,1
sets,study,1
sets,strategy,1
sets,viable,1
sets,string,1
sets,sgc,1
sets,simultaneously,1
sets,transformers,1
sets,years,1
sets,theory,1
sets,typically,1
sets,understanding,1
sets,sites,1
sets,smiles,1
sets,svm,1
sets,softmax,1
sets,similarity,1
sets,words,1
sets,transformer,1
sets,system,1
sets,water,1
sets,skeleton,1
sets,vehicle,1
sets,skeleton-based,1
sets,spatial,1
sets,training,1
sets,u-net,1
sets,supervised,1
sets,works,1
sets,showed,1
sets,time,1
sets,user,1
sets,target,1
sets,studies,1
sets,trend,1
sets,sparsity,1
sets,static,1
sets,surface,1
sets,significant,1
sets,temporal,1
sets,validate,1
sets,spatial-temporal,1
sets,single,1
sets,task,1
sets,step,1
sets,traffic,1
sets,synthetic,1
sets,visual,1
sets,show,1
sets,structural,1
sets,success,1
sets,variation,1
sets,unit,1
sets,targets,1
sets,structures,1
sets,traditional,1
sets,stability,1
sets,tree,1
sets,types,1
simultaneously,wide,1
simultaneously,specifically,1
simultaneously,structure,1
simultaneously,systems,1
simultaneously,tcga,1
simultaneously,thousands,1
simultaneously,tasks,1
simultaneously,utilized,1
simultaneously,time-consuming,1
simultaneously,work,1
simultaneously,study,1
simultaneously,strategy,1
simultaneously,viable,1
simultaneously,transformers,1
simultaneously,videos,1
simultaneously,years,1
simultaneously,theory,1
simultaneously,typically,1
simultaneously,understanding,1
simultaneously,sites,1
simultaneously,technologies,1
simultaneously,svm,1
simultaneously,unsupervised,1
simultaneously,words,1
simultaneously,transformer,1
simultaneously,system,1
simultaneously,water,1
simultaneously,skeleton,1
simultaneously,vehicle,1
simultaneously,subgraph,1
simultaneously,skeleton-based,1
simultaneously,spatial,1
simultaneously,unifying,1
simultaneously,topic,1
simultaneously,updated,1
simultaneously,training,1
simultaneously,u-net,1
simultaneously,supervised,1
simultaneously,works,1
simultaneously,technique,1
simultaneously,time,1
simultaneously,user,1
simultaneously,target,1
simultaneously,studies,1
simultaneously,trend,1
simultaneously,sparsity,1
simultaneously,static,1
simultaneously,surface,1
simultaneously,temporal,1
simultaneously,validate,1
simultaneously,spatial-temporal,1
simultaneously,single,1
simultaneously,task,1
simultaneously,step,1
simultaneously,traffic,1
simultaneously,synthetic,1
simultaneously,visual,1
simultaneously,splitting,1
simultaneously,structural,1
simultaneously,success,1
simultaneously,variation,1
simultaneously,unit,1
simultaneously,targets,1
simultaneously,structures,1
simultaneously,video,1
simultaneously,traditional,1
simultaneously,stability,1
simultaneously,tree,1
simultaneously,types,1
markers,paper,1
markers,method,1
markers,methods,1
markers,network,1
markers,networks,1
markers,propose,1
markers,work,1
markers,study,1
markers,samples,1
markers,simultaneously,1
markers,years,1
markers,model,1
markers,patients,1
markers,patient,1
markers,pca,1
markers,water,1
markers,skeleton,1
markers,results,1
markers,revealed,1
markers,spatial,1
markers,role,1
markers,represent,1
markers,showed,1
markers,prediction,1
markers,modalities,1
markers,neural,1
markers,studies,1
markers,multiple,1
markers,trend,1
markers,recent,1
markers,significant,1
markers,number,1
markers,single,1
markers,parameters,1
markers,patterns,1
markers,part,1
markers,traditional,1
markers,types,1
markers,protein,1
n-acetyltransferase,specifically,1
n-acetyltransferase,structure,1
n-acetyltransferase,systems,1
n-acetyltransferase,rna,1
n-acetyltransferase,thousands,1
n-acetyltransferase,proteins,1
n-acetyltransferase,nodes,1
n-acetyltransferase,study,1
n-acetyltransferase,trna,1
n-acetyltransferase,trypanosoma,1
n-acetyltransferase,typically,1
n-acetyltransferase,system,1
n-acetyltransferase,unconventional,1
n-acetyltransferase,target,1
n-acetyltransferase,number,1
n-acetyltransferase,show,1
n-acetyltransferase,processing,1
n-acetyltransferase,pairs,1
n-acetyltransferase,targets,1
n-acetyltransferase,protein,1
area,drug-drug,1
area,paper,1
area,named,1
area,method,1
area,methods,1
area,wide,1
area,specifically,1
area,demonstrates,1
area,structure,1
area,input,1
area,existing,1
area,ignore,1
area,graph,1
area,considered,1
area,attributes,1
area,metal,1
area,nitride,1
area,present,1
area,literature,1
area,rarely,1
area,extract,1
area,published,1
area,generally,1
area,common,1
area,increasing,1
area,reduced,1
area,gap,1
area,developed,1
area,independently,1
area,differently,1
area,explicitly,1
area,attention,1
area,obtained,1
area,generated,1
area,systems,1
area,network,1
area,standards,1
area,networks,1
area,noise,1
area,extracting,1
area,rna,1
area,proposes,1
area,critical,1
area,assessment,1
area,models,1
area,result,1
area,beneficial,1
area,pharmacological,1
area,efficient,1
area,classification,1
area,problem,1
area,node,1
area,performance,1
area,limited,1
area,fast,1
area,recombination,1
area,real-world,1
area,hours,1
area,owing,1
area,propose,1
area,roads,1
area,tasks,1
area,utilized,1
area,determination,1
area,process,1
area,proteins,1
area,encoded,1
area,time-consuming,1
area,experimental,1
area,elsevier,1
area,heterojunction,1
area,chemical,1
area,work,1
area,graphitic,1
area,gcn,1
area,nodes,1
area,established,1
area,mixed,1
area,excellent,1
area,capability,1
area,similar,1
area,perform,1
area,study,1
area,strategy,1
area,presents,1
area,outperform,1
area,descriptor,1
area,explore,1
area,samples,1
area,research,1
area,f-score,1
area,auc,1
area,graphs,1
area,numerous,1
area,separation,1
area,sets,1
area,simultaneously,1
area,holes,1
area,resulting,1
area,photocatalyst,1
area,investigations,1
area,harmful,1
area,videos,1
area,features,1
area,years,1
area,language,1
area,theory,1
area,leading,1
area,rely,1
area,hemisphere,1
area,material,1
area,gcns,1
area,relation,1
area,relations,1
area,typically,1
area,firstly,1
area,understanding,1
area,convolutional,1
area,model,1
area,cnn,1
area,due,1
area,sites,1
area,points,1
area,efficiency,1
area,improve,1
area,ethereum,1
area,lstm,1
area,smiles,1
area,bidirectional,1
area,catalysts,1
area,technologies,1
area,capacity,1
area,svm,1
area,escherichia,1
area,euclidean,1
area,patients,1
area,patient,1
area,similarity,1
area,fourier,1
area,copy,1
area,recently,1
area,molecules,1
area,molecule,1
area,edges,1
area,unsupervised,1
area,system,1
area,water,1
area,datasets,1
area,data,1
area,effectively,1
area,surge,1
area,data-driven,1
area,kinetics,1
area,dft,1
area,skeleton,1
area,framework,1
area,vehicle,1
area,layer,1
area,results,1
area,learning,1
area,ftir,1
area,xps,1
area,pose,1
area,skeleton-based,1
area,dependencies,1
area,proposed,1
area,based,1
area,conduct,1
area,meaningful,1
area,revealed,1
area,probability,1
area,methodology,1
area,spatial,1
area,pubmed,1
area,electron,1
area,information,1
area,evaluation,1
area,role,1
area,auroc,1
area,auprc,1
area,optimization,1
area,relationships,1
area,representation,1
area,represent,1
area,fenton,1
area,dmax,1
area,unifying,1
area,embeddings,1
area,topic,1
area,updated,1
area,global,1
area,local,1
area,deep,1
area,training,1
area,correlations,1
area,u-net,1
area,supervised,1
area,error,1
area,generate,1
area,capture,1
area,showed,1
area,optimal,1
area,presentation,1
area,indonesia,1
area,dataset,1
area,intratesticular,1
area,key,1
area,human,1
area,technique,1
area,prediction,1
area,factors,1
area,propagation,1
area,time,1
area,daily,1
area,learn,1
area,neighbor,1
area,evolution,1
area,optical,1
area,focus,1
area,high,1
area,module,1
area,representations,1
area,introduce,1
area,neural,1
area,expression,1
area,user,1
area,management,1
area,predict,1
area,feature,1
area,set,1
area,fully,1
area,complex,1
area,tumor,1
area,target,1
area,studies,1
area,dense,1
area,recognition,1
area,identify,1
area,convolution,1
area,challenges,1
area,multiple,1
area,ternary,1
area,recent,1
area,gene,1
area,surface,1
area,significant,1
area,knowledge,1
area,temporal,1
area,identification,1
area,predicting,1
area,number,1
area,gat,1
area,single,1
area,interaction,1
area,layers,1
area,task,1
area,challenging,1
area,energy,1
area,step,1
area,machine,1
area,traffic,1
area,synthetic,1
area,real,1
area,visual,1
area,remote,1
area,splitting,1
area,parameters,1
area,rgb,1
area,improved,1
area,show,1
area,large,1
area,processing,1
area,conditions,1
area,previous,1
area,pairs,1
area,employed,1
area,include,1
area,captures,1
area,learns,1
area,embedding,1
area,effective,1
area,photocatalytic,1
area,structural,1
area,success,1
area,cases,1
area,variation,1
area,identifying,1
area,important,1
area,reactions,1
area,memory,1
area,unit,1
area,gated,1
area,patterns,1
area,field,1
area,constructing,1
area,comprehensive,1
area,great,1
area,light,1
area,functions,1
area,structures,1
area,part,1
area,video,1
area,focuses,1
area,traditional,1
area,stability,1
area,sample,1
area,designed,1
area,pollutants,1
area,behaviors,1
area,diffusion,1
area,tree,1
area,types,1
area,protein,1
area,reported,1
area,remarkable,1
area,background,1
area,center,1
area,band,1
holes,method,1
holes,methods,1
holes,structure,1
holes,input,1
holes,metal,1
holes,nitride,1
holes,present,1
holes,increasing,1
holes,reduced,1
holes,obtained,1
holes,systems,1
holes,network,1
holes,noise,1
holes,three-dimensional,1
holes,performance,1
holes,limited,1
holes,recombination,1
holes,hours,1
holes,propose,1
holes,process,1
holes,liquid,1
holes,work,1
holes,mixed,1
holes,similar,1
holes,study,1
holes,samples,1
holes,numerous,1
holes,separation,1
holes,simultaneously,1
holes,resulting,1
holes,photocatalyst,1
holes,investigations,1
holes,theory,1
holes,leading,1
holes,material,1
holes,model,1
holes,sites,1
holes,improve,1
holes,photoreduction,1
holes,technologies,1
holes,molecules,1
holes,system,1
holes,water,1
holes,kinetics,1
holes,results,1
holes,learning,1
holes,xps,1
holes,proposed,1
holes,metsulfuron,1
holes,revealed,1
holes,spatial,1
holes,role,1
holes,showed,1
holes,optimal,1
holes,key,1
holes,human,1
holes,technique,1
holes,optical,1
holes,neural,1
holes,ternary,1
holes,surface,1
holes,significant,1
holes,number,1
holes,interaction,1
holes,task,1
holes,step,1
holes,splitting,1
holes,improved,1
holes,show,1
holes,large,1
holes,previous,1
holes,pairs,1
holes,photocatalytic,1
holes,structural,1
holes,important,1
holes,reactions,1
holes,light,1
holes,structures,1
holes,stability,1
holes,pollutants,1
holes,types,1
holes,point,1
holes,reported,1
holes,remarkable,1
resulting,wide,1
resulting,specifically,1
resulting,structure,1
resulting,systems,1
resulting,three-dimensional,1
resulting,thousands,1
resulting,tasks,1
resulting,utilized,1
resulting,work,1
resulting,similar,1
resulting,smoothing,1
resulting,study,1
resulting,strategy,1
resulting,separation,1
resulting,sets,1
resulting,simultaneously,1
resulting,sciences,1
resulting,videos,1
resulting,years,1
resulting,theory,1
resulting,typically,1
resulting,understanding,1
resulting,sites,1
resulting,technologies,1
resulting,similarity,1
resulting,unsupervised,1
resulting,secure,1
resulting,words,1
resulting,transformer,1
resulting,system,1
resulting,water,1
resulting,skeleton,1
resulting,results,1
resulting,skeleton-based,1
resulting,revealed,1
resulting,spatial,1
resulting,role,1
resulting,topic,1
resulting,training,1
resulting,supervised,1
resulting,works,1
resulting,showed,1
resulting,technique,1
resulting,time,1
resulting,user,1
resulting,set,1
resulting,target,1
resulting,studies,1
resulting,ternary,1
resulting,surface,1
resulting,significant,1
resulting,temporal,1
resulting,validate,1
resulting,spatial-temporal,1
resulting,single,1
resulting,task,1
resulting,step,1
resulting,traffic,1
resulting,synthetic,1
resulting,visual,1
resulting,rgb,1
resulting,show,1
resulting,structural,1
resulting,success,1
resulting,variation,1
resulting,unit,1
resulting,targets,1
resulting,utilization,1
resulting,structures,1
resulting,traditional,1
resulting,stability,1
resulting,sample,1
resulting,tree,1
resulting,types,1
photocatalyst,wide,1
photocatalyst,structure,1
photocatalyst,water-splitting,1
photocatalyst,present,1
photocatalyst,rarely,1
photocatalyst,published,1
photocatalyst,reduced,1
photocatalyst,systems,1
photocatalyst,proposes,1
photocatalyst,result,1
photocatalyst,recombination,1
photocatalyst,real-world,1
photocatalyst,utilized,1
photocatalyst,process,1
photocatalyst,work,1
photocatalyst,similar,1
photocatalyst,study,1
photocatalyst,strategy,1
photocatalyst,presents,1
photocatalyst,viable,1
photocatalyst,samples,1
photocatalyst,research,1
photocatalyst,separation,1
photocatalyst,topologically,1
photocatalyst,wavelengths,1
photocatalyst,simultaneously,1
photocatalyst,resulting,1
photocatalyst,years,1
photocatalyst,theory,1
photocatalyst,sites,1
photocatalyst,photoreduction,1
photocatalyst,technologies,1
photocatalyst,system,1
photocatalyst,water,1
photocatalyst,skeleton,1
photocatalyst,results,1
photocatalyst,xps,1
photocatalyst,pose,1
photocatalyst,proposed,1
photocatalyst,revealed,1
photocatalyst,spatial,1
photocatalyst,role,1
photocatalyst,showed,1
photocatalyst,technique,1
photocatalyst,time,1
photocatalyst,set,1
photocatalyst,studies,1
photocatalyst,ternary,1
photocatalyst,recent,1
photocatalyst,surface,1
photocatalyst,significant,1
photocatalyst,step,1
photocatalyst,synthetic,1
photocatalyst,show,1
photocatalyst,previous,1
photocatalyst,photocatalytic,1
photocatalyst,structural,1
photocatalyst,reactions,1
photocatalyst,targets,1
photocatalyst,utilization,1
photocatalyst,structures,1
photocatalyst,stability,1
photocatalyst,pollutants,1
photocatalyst,protein,1
photocatalyst,reported,1
photocatalyst,remarkable,1
investigations,paper,1
investigations,method,1
investigations,methods,1
investigations,structure,1
investigations,metal,1
investigations,nitride,1
investigations,present,1
investigations,reduced,1
investigations,network,1
investigations,standards,1
investigations,networks,1
investigations,proposes,1
investigations,models,1
investigations,problem,1
investigations,node,1
investigations,performance,1
investigations,limited,1
investigations,recombination,1
investigations,real-world,1
investigations,propose,1
investigations,tasks,1
investigations,process,1
investigations,proteins,1
investigations,work,1
investigations,nodes,1
investigations,study,1
investigations,presents,1
investigations,research,1
investigations,separation,1
investigations,simultaneously,1
investigations,resulting,1
investigations,photocatalyst,1
investigations,years,1
investigations,leading,1
investigations,rely,1
investigations,material,1
investigations,model,1
investigations,patients,1
investigations,molecule,1
investigations,unsupervised,1
investigations,water,1
investigations,kinetics,1
investigations,results,1
investigations,learning,1
investigations,xps,1
investigations,proposed,1
investigations,revealed,1
investigations,methodology,1
investigations,role,1
investigations,representation,1
investigations,prediction,1
investigations,time,1
investigations,optical,1
investigations,neural,1
investigations,predict,1
investigations,studies,1
investigations,multiple,1
investigations,recent,1
investigations,surface,1
investigations,significant,1
investigations,knowledge,1
investigations,machine,1
investigations,real,1
investigations,parameters,1
investigations,show,1
investigations,previous,1
investigations,learns,1
investigations,photocatalytic,1
investigations,structural,1
investigations,light,1
investigations,structures,1
investigations,progress,1
investigations,stability,1
investigations,tree,1
investigations,motion,1
investigations,types,1
trypanosoma,unconventional,1
sciences,structure,1
sciences,tasks,1
sciences,understanding,1
sciences,system,1
sciences,water,1
sciences,spatial,1
sciences,surface,1
sciences,temporal,1
sciences,single,1
sciences,task,1
sciences,traffic,1
sciences,stability,1
medica,nitride,1
medica,published,1
medica,obtained,1
medica,result,1
medica,recombination,1
medica,process,1
medica,resulting,1
medica,sciences,1
medica,water,1
medica,surface,1
medica,stability,1
plant,specifically,1
plant,structure,1
plant,present,1
plant,published,1
plant,reduced,1
plant,rna,1
plant,result,1
plant,propose,1
plant,process,1
plant,proteins,1
plant,similar,1
plant,study,1
plant,strategy,1
plant,samples,1
plant,research,1
plant,simultaneously,1
plant,relation,1
plant,sites,1
plant,points,1
plant,recently,1
plant,system,1
plant,water,1
plant,results,1
plant,proposed,1
plant,revealed,1
plant,spatial,1
plant,role,1
plant,relationships,1
plant,showed,1
plant,time,1
plant,set,1
plant,target,1
plant,studies,1
plant,ternary,1
plant,recent,1
plant,single,1
plant,task,1
plant,show,1
plant,previous,1
plant,structural,1
plant,targets,1
plant,protein,1
plant,reported,1
transformers,utilized,1
transformers,work,1
transformers,videos,1
transformers,years,1
transformers,typically,1
transformers,words,1
transformers,u-net,1
transformers,user,1
transformers,tumor,1
transformers,visual,1
transformers,variation,1
transformers,utilization,1
transformers,types,1
activity,drug-drug,1
activity,paper,1
activity,named,1
activity,method,1
activity,methods,1
activity,wide,1
activity,specifically,1
activity,demonstrates,1
activity,dual,1
activity,anchored,1
activity,structure,1
activity,input,1
activity,existing,1
activity,approaches,1
activity,graph,1
activity,connecting,1
activity,considered,1
activity,attributes,1
activity,metal,1
activity,nitride,1
activity,present,1
activity,literature,1
activity,rarely,1
activity,extract,1
activity,pharmacology,1
activity,published,1
activity,generally,1
activity,common,1
activity,increasing,1
activity,reduced,1
activity,gap,1
activity,developed,1
activity,independently,1
activity,differently,1
activity,explicitly,1
activity,attention,1
activity,obtained,1
activity,generated,1
activity,systems,1
activity,network,1
activity,networks,1
activity,critical,1
activity,assessment,1
activity,applications,1
activity,models,1
activity,result,1
activity,beneficial,1
activity,pharmacological,1
activity,efficient,1
activity,classification,1
activity,problem,1
activity,node,1
activity,address,1
activity,performance,1
activity,limited,1
activity,fast,1
activity,recombination,1
activity,thousands,1
activity,hours,1
activity,owing,1
activity,propose,1
activity,tasks,1
activity,utilized,1
activity,determination,1
activity,process,1
activity,proteins,1
activity,encoded,1
activity,time-consuming,1
activity,experimental,1
activity,elsevier,1
activity,attack,1
activity,heterojunction,1
activity,chemical,1
activity,liquid,1
activity,work,1
activity,graphitic,1
activity,gcn,1
activity,nodes,1
activity,established,1
activity,mixed,1
activity,excellent,1
activity,capability,1
activity,similar,1
activity,smoothing,1
activity,perform,1
activity,study,1
activity,strategy,1
activity,presents,1
activity,trna,1
activity,cutting-thin,1
activity,descriptor,1
activity,explore,1
activity,samples,1
activity,research,1
activity,auc,1
activity,graphs,1
activity,requirement,1
activity,numerous,1
activity,separation,1
activity,sets,1
activity,simultaneously,1
activity,markers,1
activity,n-acetyltransferase,1
activity,area,1
activity,holes,1
activity,resulting,1
activity,photocatalyst,1
activity,investigations,1
activity,plant,1
activity,harmful,1
activity,videos,1
activity,features,1
activity,years,1
activity,language,1
activity,theory,1
activity,leading,1
activity,gps,1
activity,material,1
activity,gcns,1
activity,relation,1
activity,relations,1
activity,typically,1
activity,firstly,1
activity,understanding,1
activity,convolutional,1
activity,heterogeneous,1
activity,model,1
activity,due,1
activity,sites,1
activity,cloud,1
activity,efficiency,1
activity,improve,1
activity,photoreduction,1
activity,lstm,1
activity,catalysts,1
activity,technologies,1
activity,capacity,1
activity,svm,1
activity,escherichia,1
activity,euclidean,1
activity,patients,1
activity,patient,1
activity,similarity,1
activity,algorithms,1
activity,fourier,1
activity,decades,1
activity,copy,1
activity,recently,1
activity,fixation,1
activity,molecules,1
activity,edges,1
activity,unsupervised,1
activity,words,1
activity,system,1
activity,water,1
activity,datasets,1
activity,data,1
activity,effectively,1
activity,kinetics,1
activity,dft,1
activity,skeleton,1
activity,framework,1
activity,vehicle,1
activity,end,1
activity,layer,1
activity,results,1
activity,learning,1
activity,ftir,1
activity,xps,1
activity,pose,1
activity,skeleton-based,1
activity,graph-based,1
activity,dependencies,1
activity,proposed,1
activity,metsulfuron,1
activity,based,1
activity,conduct,1
activity,revealed,1
activity,methodology,1
activity,spatial,1
activity,electron,1
activity,information,1
activity,evaluation,1
activity,role,1
activity,optimization,1
activity,relationships,1
activity,representation,1
activity,represent,1
activity,fenton,1
activity,topic,1
activity,global,1
activity,local,1
activity,deep,1
activity,training,1
activity,correlations,1
activity,supervised,1
activity,works,1
activity,generate,1
activity,capture,1
activity,showed,1
activity,optimal,1
activity,pooling,1
activity,dataset,1
activity,key,1
activity,human,1
activity,technique,1
activity,prediction,1
activity,factors,1
activity,propagation,1
activity,time,1
activity,aminoacyl,1
activity,daily,1
activity,learn,1
activity,neighbor,1
activity,evolution,1
activity,optical,1
activity,approach,1
activity,focus,1
activity,desirable,1
activity,modalities,1
activity,high,1
activity,module,1
activity,representations,1
activity,introduce,1
activity,neural,1
activity,expression,1
activity,predict,1
activity,feature,1
activity,set,1
activity,fully,1
activity,complex,1
activity,target,1
activity,studies,1
activity,recognition,1
activity,identify,1
activity,convolution,1
activity,challenges,1
activity,multiple,1
activity,ternary,1
activity,trend,1
activity,recent,1
activity,gene,1
activity,surface,1
activity,significant,1
activity,immune,1
activity,knowledge,1
activity,temporal,1
activity,identification,1
activity,predicting,1
activity,number,1
activity,validate,1
activity,gat,1
activity,spatial-temporal,1
activity,single,1
activity,interaction,1
activity,layers,1
activity,task,1
activity,challenging,1
activity,energy,1
activity,step,1
activity,machine,1
activity,traffic,1
activity,synthetic,1
activity,cells,1
activity,analysis,1
activity,splitting,1
activity,parameters,1
activity,rgb,1
activity,improved,1
activity,show,1
activity,large,1
activity,conditions,1
activity,previous,1
activity,pairs,1
activity,employed,1
activity,include,1
activity,captures,1
activity,learns,1
activity,embedding,1
activity,effective,1
activity,photocatalytic,1
activity,structural,1
activity,cases,1
activity,variation,1
activity,identifying,1
activity,important,1
activity,reactions,1
activity,memory,1
activity,gated,1
activity,patterns,1
activity,field,1
activity,comprehensive,1
activity,great,1
activity,light,1
activity,functions,1
activity,targets,1
activity,architecture,1
activity,annotation,1
activity,utilization,1
activity,aggregation,1
activity,structures,1
activity,neighbors,1
activity,adsorption,1
activity,part,1
activity,progress,1
activity,video,1
activity,focuses,1
activity,capturing,1
activity,traditional,1
activity,affected,1
activity,stability,1
activity,sample,1
activity,designed,1
activity,pollutants,1
activity,behaviors,1
activity,diffusion,1
activity,motion,1
activity,types,1
activity,protein,1
activity,point,1
activity,reported,1
activity,remarkable,1
activity,background,1
activity,center,1
activity,band,1
harmful,method,1
harmful,methods,1
harmful,structure,1
harmful,metal,1
harmful,nitride,1
harmful,present,1
harmful,literature,1
harmful,pharmacology,1
harmful,reduced,1
harmful,obtained,1
harmful,network,1
harmful,networks,1
harmful,proposes,1
harmful,models,1
harmful,result,1
harmful,pharmacological,1
harmful,performance,1
harmful,recombination,1
harmful,propose,1
harmful,utilized,1
harmful,process,1
harmful,time-consuming,1
harmful,heterojunction,1
harmful,work,1
harmful,perform,1
harmful,study,1
harmful,strategy,1
harmful,samples,1
harmful,research,1
harmful,photocatalyst,1
harmful,transformers,1
harmful,years,1
harmful,material,1
harmful,heterogeneous,1
harmful,model,1
harmful,patient,1
harmful,molecules,1
harmful,words,1
harmful,transformer,1
harmful,water,1
harmful,results,1
harmful,learning,1
harmful,proposed,1
harmful,revealed,1
harmful,information,1
harmful,optimization,1
harmful,topic,1
harmful,showed,1
harmful,human,1
harmful,technique,1
harmful,time,1
harmful,optical,1
harmful,high,1
harmful,representations,1
harmful,neural,1
harmful,identify,1
harmful,multiple,1
harmful,ternary,1
harmful,recent,1
harmful,surface,1
harmful,significant,1
harmful,knowledge,1
harmful,identification,1
harmful,predicting,1
harmful,task,1
harmful,step,1
harmful,traffic,1
harmful,synthetic,1
harmful,parameters,1
harmful,improved,1
harmful,large,1
harmful,include,1
harmful,photocatalytic,1
harmful,structural,1
harmful,identifying,1
harmful,important,1
harmful,reactions,1
harmful,light,1
harmful,targets,1
harmful,utilization,1
harmful,part,1
harmful,pollutants,1
videos,wide,1
videos,work,1
videos,years,1
videos,words,1
videos,visual,1
features,paper,1
features,named,1
features,method,1
features,methods,1
features,intuitively,1
features,inferred,1
features,wide,1
features,specifically,1
features,structure,1
features,input,1
features,ignore,1
features,graph,1
features,low-pass,1
features,metal,1
features,nitride,1
features,present,1
features,literature,1
features,rarely,1
features,published,1
features,generally,1
features,increasing,1
features,reduced,1
features,gap,1
features,independently,1
features,obtained,1
features,generated,1
features,systems,1
features,network,1
features,networks,1
features,noise,1
features,rna,1
features,tcga,1
features,proposes,1
features,models,1
features,result,1
features,pharmacological,1
features,three-dimensional,1
features,problem,1
features,node,1
features,performance,1
features,limited,1
features,recombination,1
features,real-world,1
features,thousands,1
features,hours,1
features,owing,1
features,propose,1
features,roads,1
features,tasks,1
features,utilized,1
features,process,1
features,seoul,1
features,proteins,1
features,time-consuming,1
features,prohibitively,1
features,psycholinguistic,1
features,liquid,1
features,work,1
features,graphitic,1
features,gcn,1
features,nodes,1
features,mixed,1
features,similar,1
features,smoothing,1
features,perform,1
features,households,1
features,study,1
features,strategy,1
features,presents,1
features,viable,1
features,outperform,1
features,string,1
features,sgc,1
features,u-shaped,1
features,samples,1
features,research,1
features,pressure,1
features,graphs,1
features,requirement,1
features,numerous,1
features,separation,1
features,sets,1
features,simultaneously,1
features,markers,1
features,resulting,1
features,photocatalyst,1
features,investigations,1
features,plant,1
features,transformers,1
features,harmful,1
features,videos,1
features,years,1
features,language,1
features,theory,1
features,leading,1
features,rely,1
features,heavily,1
features,hemisphere,1
features,gps,1
features,obu,1
features,material,1
features,gcns,1
features,relation,1
features,relations,1
features,typically,1
features,firstly,1
features,understanding,1
features,imdb,1
features,kitti,1
features,heterogeneous,1
features,model,1
features,sites,1
features,points,1
features,improve,1
features,lstm,1
features,smiles,1
features,technologies,1
features,svm,1
features,knn,1
features,softmax,1
features,formed,1
features,patients,1
features,patient,1
features,similarity,1
features,rnas,1
features,initiative,1
features,pca,1
features,recently,1
features,molecules,1
features,molecule,1
features,ntu,1
features,unsupervised,1
features,matthews,1
features,secure,1
features,nlp,1
features,words,1
features,transformer,1
features,system,1
features,water,1
features,wiki,1
features,surge,1
features,kinetics,1
features,skeleton,1
features,framework,1
features,vehicle,1
features,guided,1
features,layer,1
features,results,1
features,learning,1
features,subgraph,1
features,pose,1
features,skeleton-based,1
features,skeletongait,1
features,graph-based,1
features,informative,1
features,proposed,1
features,meaningful,1
features,revealed,1
features,gcaru,1
features,probability,1
features,methodology,1
features,spatial,1
features,pubmed,1
features,sentiments,1
features,information,1
features,role,1
features,mcc,1
features,optimization,1
features,relationships,1
features,representation,1
features,represent,1
features,generative,1
features,laplacian,1
features,topic,1
features,updated,1
features,global,1
features,local,1
features,training,1
features,u-net,1
features,supervised,1
features,works,1
features,generate,1
features,showed,1
features,optimal,1
features,presentation,1
features,pooling,1
features,key,1
features,human,1
features,technique,1
features,prediction,1
features,propagation,1
features,time,1
features,learn,1
features,neighbor,1
features,single-granular,1
features,optical,1
features,focus,1
features,modalities,1
features,high,1
features,module,1
features,representations,1
features,introduce,1
features,neural,1
features,user,1
features,management,1
features,predict,1
features,set,1
features,fully,1
features,tumor,1
features,target,1
features,studies,1
features,recognition,1
features,identify,1
features,multiple,1
features,ternary,1
features,trend,1
features,sparsity,1
features,recent,1
features,static,1
features,gene,1
features,surface,1
features,significant,1
features,immune,1
features,knowledge,1
features,temporal,1
features,identification,1
features,predicting,1
features,number,1
features,validate,1
features,gat,1
features,spatial-temporal,1
features,single,1
features,interaction,1
features,layers,1
features,task,1
features,step,1
features,machine,1
features,traffic,1
features,synthetic,1
features,real,1
features,visual,1
features,remote,1
features,splitting,1
features,parameters,1
features,rgb,1
features,improved,1
features,show,1
features,large,1
features,processing,1
features,previous,1
features,pairs,1
features,include,1
features,learns,1
features,photocatalytic,1
features,structural,1
features,success,1
features,variation,1
features,identifying,1
features,important,1
features,reactions,1
features,memory,1
features,unit,1
features,gated,1
features,patterns,1
features,field,1
features,great,1
features,light,1
features,functions,1
features,targets,1
features,multi-scale,1
features,utilization,1
features,structures,1
features,neighbors,1
features,part,1
features,progress,1
features,video,1
features,focuses,1
features,traditional,1
features,stability,1
features,sample,1
features,pollutants,1
features,tree,1
features,motion,1
features,types,1
features,protein,1
features,point,1
features,reported,1
features,remarkable,1
language,paper,1
language,named,1
language,method,1
language,methods,1
language,wide,1
language,specifically,1
language,structure,1
language,present,1
language,literature,1
language,rarely,1
language,published,1
language,reduced,1
language,obtained,1
language,systems,1
language,network,1
language,networks,1
language,proposes,1
language,models,1
language,result,1
language,problem,1
language,node,1
language,performance,1
language,limited,1
language,real-world,1
language,thousands,1
language,owing,1
language,propose,1
language,tasks,1
language,utilized,1
language,process,1
language,proteins,1
language,psycholinguistic,1
language,work,1
language,nodes,1
language,similar,1
language,perform,1
language,study,1
language,strategy,1
language,presents,1
language,outperform,1
language,samples,1
language,research,1
language,requirement,1
language,numerous,1
language,sets,1
language,simultaneously,1
language,transformers,1
language,videos,1
language,years,1
language,theory,1
language,leading,1
language,rely,1
language,relation,1
language,relations,1
language,understanding,1
language,mscoco,1
language,model,1
language,sites,1
language,points,1
language,lstm,1
language,svm,1
language,similarity,1
language,recently,1
language,unsupervised,1
language,nlp,1
language,words,1
language,transformer,1
language,system,1
language,wiki,1
language,skeleton,1
language,layer,1
language,results,1
language,learning,1
language,proposed,1
language,probability,1
language,spatial,1
language,role,1
language,optimization,1
language,relationships,1
language,representation,1
language,represent,1
language,laplacian,1
language,topic,1
language,local,1
language,training,1
language,u-net,1
language,supervised,1
language,works,1
language,showed,1
language,psf,1
language,pooling,1
language,technique,1
language,prediction,1
language,time,1
language,learn,1
language,optical,1
language,modalities,1
language,module,1
language,representations,1
language,neural,1
language,user,1
language,predict,1
language,set,1
language,target,1
language,studies,1
language,recognition,1
language,multiple,1
language,trend,1
language,recent,1
language,significant,1
language,temporal,1
language,predicting,1
language,number,1
language,validate,1
language,single,1
language,layers,1
language,task,1
language,machine,1
language,traffic,1
language,synthetic,1
language,real,1
language,visual,1
language,remote,1
language,parameters,1
language,show,1
language,large,1
language,processing,1
language,previous,1
language,pairs,1
language,learns,1
language,structural,1
language,success,1
language,variation,1
language,memory,1
language,unit,1
language,patterns,1
language,targets,1
language,structures,1
language,neighbors,1
language,part,1
language,progress,1
language,video,1
language,traditional,1
language,sample,1
language,tree,1
language,motion,1
language,types,1
language,protein,1
language,remarkable,1
theory,wide,1
theory,thousands,1
theory,utilized,1
theory,time-consuming,1
theory,work,1
theory,years,1
theory,understanding,1
theory,unsupervised,1
theory,water,1
theory,vehicle,1
theory,topic,1
theory,training,1
theory,time,1
theory,validate,1
theory,traffic,1
theory,visual,1
theory,traditional,1
theory,types,1
leading,paper,1
leading,named,1
leading,method,1
leading,methods,1
leading,wide,1
leading,specifically,1
leading,structure,1
leading,nitride,1
leading,present,1
leading,rarely,1
leading,published,1
leading,reduced,1
leading,obtained,1
leading,systems,1
leading,network,1
leading,networks,1
leading,noise,1
leading,rna,1
leading,proposes,1
leading,membranes,1
leading,models,1
leading,result,1
leading,three-dimensional,1
leading,problem,1
leading,node,1
leading,performance,1
leading,limited,1
leading,recombination,1
leading,real-world,1
leading,owing,1
leading,propose,1
leading,tasks,1
leading,utilized,1
leading,process,1
leading,proteins,1
leading,work,1
leading,nodes,1
leading,mixed,1
leading,similar,1
leading,smoothing,1
leading,perform,1
leading,study,1
leading,strategy,1
leading,presents,1
leading,outperform,1
leading,string,1
leading,research,1
leading,pressure,1
leading,numerous,1
leading,separation,1
leading,sets,1
leading,simultaneously,1
leading,resulting,1
leading,photocatalyst,1
leading,plant,1
leading,videos,1
leading,years,1
leading,material,1
leading,relation,1
leading,relations,1
leading,typically,1
leading,understanding,1
leading,model,1
leading,sites,1
leading,lstm,1
leading,technologies,1
leading,patients,1
leading,patient,1
leading,similarity,1
leading,rnas,1
leading,recently,1
leading,molecules,1
leading,molecule,1
leading,ntu,1
leading,unsupervised,1
leading,words,1
leading,transformer,1
leading,system,1
leading,water,1
leading,skeleton,1
leading,vehicle,1
leading,results,1
leading,learning,1
leading,subgraph,1
leading,skeleton-based,1
leading,proposed,1
leading,meaningful,1
leading,revealed,1
leading,probability,1
leading,spatial,1
leading,pubmed,1
leading,role,1
leading,optimization,1
leading,relationships,1
leading,representation,1
leading,represent,1
leading,topic,1
leading,local,1
leading,training,1
leading,supervised,1
leading,works,1
leading,showed,1
leading,optimal,1
leading,presentation,1
leading,pooling,1
leading,prediction,1
leading,propagation,1
leading,time,1
leading,learn,1
leading,neighbor,1
leading,optical,1
leading,module,1
leading,representations,1
leading,neural,1
leading,user,1
leading,management,1
leading,predict,1
leading,set,1
leading,tumor,1
leading,target,1
leading,studies,1
leading,recognition,1
leading,multiple,1
leading,recent,1
leading,surface,1
leading,significant,1
leading,temporal,1
leading,predicting,1
leading,number,1
leading,validate,1
leading,spatial-temporal,1
leading,single,1
leading,task,1
leading,step,1
leading,machine,1
leading,traffic,1
leading,real,1
leading,visual,1
leading,remote,1
leading,parameters,1
leading,rgb,1
leading,show,1
leading,processing,1
leading,previous,1
leading,pairs,1
leading,learns,1
leading,photocatalytic,1
leading,structural,1
leading,success,1
leading,variation,1
leading,reactions,1
leading,memory,1
leading,unit,1
leading,patterns,1
leading,light,1
leading,targets,1
leading,multi-scale,1
leading,utilization,1
leading,structures,1
leading,neighbors,1
leading,video,1
leading,traditional,1
leading,stability,1
leading,motion,1
leading,types,1
leading,protein,1
leading,reported,1
leading,remarkable,1
achievement,method,1
achievement,methods,1
achievement,structure,1
achievement,graph,1
achievement,performance,1
achievement,propose,1
achievement,experimental,1
achievement,perform,1
achievement,features,1
achievement,leading,1
achievement,unsupervised,1
achievement,guided,1
achievement,results,1
achievement,learning,1
achievement,algorithm,1
achievement,proposed,1
achievement,meaningful,1
achievement,probability,1
achievement,information,1
achievement,global,1
achievement,local,1
achievement,dataset,1
achievement,prediction,1
achievement,approach,1
achievement,focus,1
achievement,feature,1
achievement,target,1
achievement,recent,1
achievement,knowledge,1
achievement,effective,1
achievement,comprehensive,1
achievement,remarkable,1
rely,wide,1
rely,specifically,1
rely,structure,1
rely,systems,1
rely,thousands,1
rely,tasks,1
rely,utilized,1
rely,work,1
rely,similar,1
rely,study,1
rely,strategy,1
rely,samples,1
rely,research,1
rely,simultaneously,1
rely,resulting,1
rely,videos,1
rely,years,1
rely,typically,1
rely,understanding,1
rely,similarity,1
rely,unsupervised,1
rely,transformer,1
rely,skeleton,1
rely,results,1
rely,subgraph,1
rely,skeleton-based,1
rely,spatial,1
rely,role,1
rely,representation,1
rely,represent,1
rely,topic,1
rely,updated,1
rely,training,1
rely,u-net,1
rely,supervised,1
rely,works,1
rely,technique,1
rely,time,1
rely,representations,1
rely,user,1
rely,set,1
rely,tumor,1
rely,target,1
rely,studies,1
rely,static,1
rely,surface,1
rely,significant,1
rely,temporal,1
rely,validate,1
rely,spatial-temporal,1
rely,single,1
rely,task,1
rely,step,1
rely,remote,1
rely,rgb,1
rely,show,1
rely,structural,1
rely,success,1
rely,unit,1
rely,structures,1
rely,video,1
rely,traditional,1
rely,sample,1
rely,tree,1
rely,types,1
rely,reported,1
rely,remarkable,1
decisions,paper,1
decisions,method,1
decisions,methods,1
decisions,demonstrates,1
decisions,structure,1
decisions,input,1
decisions,existing,1
decisions,graph,1
decisions,present,1
decisions,extract,1
decisions,published,1
decisions,increasing,1
decisions,gap,1
decisions,developed,1
decisions,independently,1
decisions,obtained,1
decisions,systems,1
decisions,network,1
decisions,networks,1
decisions,proposes,1
decisions,models,1
decisions,result,1
decisions,efficient,1
decisions,problem,1
decisions,node,1
decisions,performance,1
decisions,limited,1
decisions,real-world,1
decisions,thousands,1
decisions,propose,1
decisions,tasks,1
decisions,utilized,1
decisions,process,1
decisions,experimental,1
decisions,elsevier,1
decisions,work,1
decisions,gcn,1
decisions,nodes,1
decisions,mixed,1
decisions,study,1
decisions,presents,1
decisions,outperform,1
decisions,explore,1
decisions,research,1
decisions,graphs,1
decisions,sets,1
decisions,features,1
decisions,years,1
decisions,leading,1
decisions,rely,1
decisions,heavily,1
decisions,gcns,1
decisions,relation,1
decisions,relations,1
decisions,understanding,1
decisions,heterogeneous,1
decisions,model,1
decisions,due,1
decisions,efficiency,1
decisions,improve,1
decisions,softmax,1
decisions,patients,1
decisions,patient,1
decisions,similarity,1
decisions,initiative,1
decisions,recently,1
decisions,edges,1
decisions,words,1
decisions,transformer,1
decisions,system,1
decisions,effectively,1
decisions,framework,1
decisions,vehicle,1
decisions,guided,1
decisions,end,1
decisions,results,1
decisions,learning,1
decisions,graph-based,1
decisions,proposed,1
decisions,information,1
decisions,evaluation,1
decisions,role,1
decisions,optimization,1
decisions,relationships,1
decisions,representation,1
decisions,represent,1
decisions,embeddings,1
decisions,global,1
decisions,local,1
decisions,deep,1
decisions,training,1
decisions,works,1
decisions,optimal,1
decisions,prediction,1
decisions,factors,1
decisions,propagation,1
decisions,time,1
decisions,learn,1
decisions,neighbor,1
decisions,modalities,1
decisions,high,1
decisions,representations,1
decisions,introduce,1
decisions,neural,1
decisions,user,1
decisions,management,1
decisions,feature,1
decisions,set,1
decisions,fully,1
decisions,studies,1
decisions,multiple,1
decisions,trend,1
decisions,recent,1
decisions,static,1
decisions,significant,1
decisions,knowledge,1
decisions,temporal,1
decisions,predicting,1
decisions,number,1
decisions,validate,1
decisions,single,1
decisions,interaction,1
decisions,layers,1
decisions,task,1
decisions,energy,1
decisions,machine,1
decisions,traffic,1
decisions,synthetic,1
decisions,real,1
decisions,parameters,1
decisions,improved,1
decisions,show,1
decisions,processing,1
decisions,previous,1
decisions,employed,1
decisions,embedding,1
decisions,effective,1
decisions,important,1
decisions,unit,1
decisions,patterns,1
decisions,multi-scale,1
decisions,progress,1
decisions,focuses,1
decisions,designed,1
decisions,diffusion,1
heavily,paper,1
heavily,named,1
heavily,method,1
heavily,methods,1
heavily,specifically,1
heavily,structure,1
heavily,low-pass,1
heavily,present,1
heavily,literature,1
heavily,obtained,1
heavily,systems,1
heavily,network,1
heavily,networks,1
heavily,noise,1
heavily,proposes,1
heavily,models,1
heavily,problem,1
heavily,node,1
heavily,performance,1
heavily,real-world,1
heavily,thousands,1
heavily,propose,1
heavily,tasks,1
heavily,utilized,1
heavily,process,1
heavily,time-consuming,1
heavily,work,1
heavily,nodes,1
heavily,similar,1
heavily,smoothing,1
heavily,study,1
heavily,strategy,1
heavily,presents,1
heavily,samples,1
heavily,research,1
heavily,simultaneously,1
heavily,rely,1
heavily,imdb,1
heavily,heterogeneous,1
heavily,model,1
heavily,improve,1
heavily,recently,1
heavily,molecules,1
heavily,molecule,1
heavily,unsupervised,1
heavily,system,1
heavily,layer,1
heavily,results,1
heavily,learning,1
heavily,proposed,1
heavily,meaningful,1
heavily,probability,1
heavily,methodology,1
heavily,spatial,1
heavily,information,1
heavily,relationships,1
heavily,representation,1
heavily,topic,1
heavily,local,1
heavily,training,1
heavily,key,1
heavily,human,1
heavily,technique,1
heavily,prediction,1
heavily,propagation,1
heavily,time,1
heavily,learn,1
heavily,neighbor,1
heavily,module,1
heavily,representations,1
heavily,introduce,1
heavily,neural,1
heavily,user,1
heavily,predict,1
heavily,set,1
heavily,target,1
heavily,studies,1
heavily,multiple,1
heavily,trend,1
heavily,sparsity,1
heavily,recent,1
heavily,static,1
heavily,significant,1
heavily,knowledge,1
heavily,temporal,1
heavily,predicting,1
heavily,number,1
heavily,validate,1
heavily,spatial-temporal,1
heavily,interaction,1
heavily,layers,1
heavily,task,1
heavily,machine,1
heavily,real,1
heavily,parameters,1
heavily,improved,1
heavily,show,1
heavily,large,1
heavily,processing,1
heavily,previous,1
heavily,include,1
heavily,structural,1
heavily,success,1
heavily,identifying,1
heavily,important,1
heavily,patterns,1
heavily,structures,1
heavily,neighbors,1
heavily,part,1
heavily,video,1
heavily,traditional,1
heavily,sample,1
heavily,types,1
heavily,reported,1
heavily,remarkable,1
hemisphere,paper,1
hemisphere,method,1
hemisphere,methods,1
hemisphere,mikae,1
hemisphere,lutea,1
hemisphere,input,1
hemisphere,literature,1
hemisphere,obtained,1
hemisphere,network,1
hemisphere,performance,1
hemisphere,propose,1
hemisphere,process,1
hemisphere,typically,1
hemisphere,patients,1
hemisphere,layer,1
hemisphere,results,1
hemisphere,proposed,1
hemisphere,information,1
hemisphere,key,1
hemisphere,time,1
hemisphere,studies,1
hemisphere,identification,1
hemisphere,number,1
hemisphere,improved,1
hemisphere,show,1
gps,paper,1
gps,methods,1
gps,specifically,1
gps,structure,1
gps,input,1
gps,graph,1
gps,increasing,1
gps,systems,1
gps,network,1
gps,standards,1
gps,networks,1
gps,proposes,1
gps,models,1
gps,performance,1
gps,propose,1
gps,roads,1
gps,tasks,1
gps,nodes,1
gps,perform,1
gps,strategy,1
gps,outperform,1
gps,graphs,1
gps,requirement,1
gps,sets,1
gps,obu,1
gps,model,1
gps,improve,1
gps,system,1
gps,vehicle,1
gps,results,1
gps,learning,1
gps,graph-based,1
gps,proposed,1
gps,spatial,1
gps,information,1
gps,optimization,1
gps,key,1
gps,prediction,1
gps,learn,1
gps,high,1
gps,neural,1
gps,user,1
gps,predict,1
gps,set,1
gps,recognition,1
gps,identify,1
gps,knowledge,1
gps,temporal,1
gps,predicting,1
gps,traffic,1
gps,show,1
gps,large,1
gps,processing,1
gps,unit,1
gps,motion,1
gps,types,1
obu,paper,1
obu,systems,1
obu,proposes,1
obu,performance,1
obu,roads,1
obu,tasks,1
obu,perform,1
obu,strategy,1
obu,outperform,1
obu,sets,1
obu,results,1
obu,spatial,1
obu,prediction,1
obu,temporal,1
obu,traffic,1
obu,unit,1
obu,types,1
material,paper,1
material,named,1
material,method,1
material,methods,1
material,wide,1
material,specifically,1
material,structure,1
material,metal,1
material,nitride,1
material,present,1
material,published,1
material,reduced,1
material,obtained,1
material,systems,1
material,network,1
material,networks,1
material,models,1
material,result,1
material,three-dimensional,1
material,problem,1
material,performance,1
material,recombination,1
material,owing,1
material,propose,1
material,utilized,1
material,process,1
material,work,1
material,similar,1
material,perform,1
material,study,1
material,strategy,1
material,presents,1
material,viable,1
material,samples,1
material,research,1
material,separation,1
material,resulting,1
material,photocatalyst,1
material,plant,1
material,years,1
material,understanding,1
material,model,1
material,sites,1
material,technologies,1
material,molecules,1
material,molecule,1
material,system,1
material,water,1
material,results,1
material,xps,1
material,proposed,1
material,revealed,1
material,methodology,1
material,spatial,1
material,role,1
material,representation,1
material,showed,1
material,optimal,1
material,technique,1
material,prediction,1
material,time,1
material,optical,1
material,neural,1
material,predict,1
material,set,1
material,target,1
material,studies,1
material,recognition,1
material,multiple,1
material,ternary,1
material,trend,1
material,recent,1
material,surface,1
material,significant,1
material,temporal,1
material,number,1
material,step,1
material,traffic,1
material,synthetic,1
material,splitting,1
material,parameters,1
material,show,1
material,processing,1
material,pairs,1
material,photocatalytic,1
material,structural,1
material,variation,1
material,reactions,1
material,memory,1
material,unit,1
material,targets,1
material,utilization,1
material,structures,1
material,part,1
material,traditional,1
material,stability,1
material,sample,1
material,pollutants,1
material,types,1
material,remarkable,1
gcns,paper,1
gcns,named,1
gcns,method,1
gcns,methods,1
gcns,intuitively,1
gcns,inferred,1
gcns,wide,1
gcns,specifically,1
gcns,structure,1
gcns,input,1
gcns,ignore,1
gcns,graph,1
gcns,low-pass,1
gcns,metal,1
gcns,present,1
gcns,literature,1
gcns,rarely,1
gcns,published,1
gcns,generally,1
gcns,increasing,1
gcns,reduced,1
gcns,independently,1
gcns,obtained,1
gcns,generated,1
gcns,systems,1
gcns,network,1
gcns,networks,1
gcns,noise,1
gcns,rna,1
gcns,tcga,1
gcns,proposes,1
gcns,membranes,1
gcns,models,1
gcns,result,1
gcns,three-dimensional,1
gcns,problem,1
gcns,node,1
gcns,performance,1
gcns,limited,1
gcns,real-world,1
gcns,thousands,1
gcns,hours,1
gcns,owing,1
gcns,propose,1
gcns,roads,1
gcns,tasks,1
gcns,utilized,1
gcns,process,1
gcns,proteins,1
gcns,time-consuming,1
gcns,work,1
gcns,graphitic,1
gcns,nodes,1
gcns,mixed,1
gcns,similar,1
gcns,smoothing,1
gcns,perform,1
gcns,households,1
gcns,study,1
gcns,strategy,1
gcns,presents,1
gcns,outperform,1
gcns,samples,1
gcns,research,1
gcns,pressure,1
gcns,graphs,1
gcns,requirement,1
gcns,numerous,1
gcns,separation,1
gcns,sets,1
gcns,simultaneously,1
gcns,resulting,1
gcns,plant,1
gcns,transformers,1
gcns,videos,1
gcns,years,1
gcns,language,1
gcns,theory,1
gcns,leading,1
gcns,rely,1
gcns,heavily,1
gcns,gps,1
gcns,obu,1
gcns,relation,1
gcns,relations,1
gcns,typically,1
gcns,understanding,1
gcns,imdb,1
gcns,s-triazine,1
gcns,heterogeneous,1
gcns,model,1
gcns,sites,1
gcns,points,1
gcns,improve,1
gcns,lstm,1
gcns,technologies,1
gcns,svm,1
gcns,softmax,1
gcns,patients,1
gcns,patient,1
gcns,similarity,1
gcns,rnas,1
gcns,initiative,1
gcns,recently,1
gcns,molecules,1
gcns,molecule,1
gcns,ntu,1
gcns,unsupervised,1
gcns,matthews,1
gcns,secure,1
gcns,nlp,1
gcns,words,1
gcns,transformer,1
gcns,system,1
gcns,water,1
gcns,surge,1
gcns,kinetics,1
gcns,skeleton,1
gcns,guided,1
gcns,layer,1
gcns,results,1
gcns,learning,1
gcns,pose,1
gcns,skeleton-based,1
gcns,graph-based,1
gcns,informative,1
gcns,proposed,1
gcns,meaningful,1
gcns,revealed,1
gcns,probability,1
gcns,methodology,1
gcns,spatial,1
gcns,pubmed,1
gcns,information,1
gcns,role,1
gcns,mcc,1
gcns,optimization,1
gcns,relationships,1
gcns,representation,1
gcns,represent,1
gcns,generative,1
gcns,laplacian,1
gcns,topic,1
gcns,updated,1
gcns,global,1
gcns,local,1
gcns,training,1
gcns,supervised,1
gcns,works,1
gcns,generate,1
gcns,showed,1
gcns,optimal,1
gcns,pooling,1
gcns,key,1
gcns,human,1
gcns,technique,1
gcns,prediction,1
gcns,propagation,1
gcns,time,1
gcns,learn,1
gcns,neighbor,1
gcns,modalities,1
gcns,high,1
gcns,module,1
gcns,representations,1
gcns,introduce,1
gcns,neural,1
gcns,user,1
gcns,management,1
gcns,predict,1
gcns,set,1
gcns,tumor,1
gcns,target,1
gcns,studies,1
gcns,recognition,1
gcns,identify,1
gcns,multiple,1
gcns,ternary,1
gcns,trend,1
gcns,sparsity,1
gcns,recent,1
gcns,static,1
gcns,gene,1
gcns,surface,1
gcns,significant,1
gcns,immune,1
gcns,knowledge,1
gcns,temporal,1
gcns,identification,1
gcns,predicting,1
gcns,number,1
gcns,validate,1
gcns,spatial-temporal,1
gcns,single,1
gcns,interaction,1
gcns,layers,1
gcns,task,1
gcns,step,1
gcns,machine,1
gcns,traffic,1
gcns,synthetic,1
gcns,real,1
gcns,visual,1
gcns,remote,1
gcns,splitting,1
gcns,parameters,1
gcns,rgb,1
gcns,improved,1
gcns,show,1
gcns,large,1
gcns,processing,1
gcns,previous,1
gcns,pairs,1
gcns,include,1
gcns,learns,1
gcns,structural,1
gcns,success,1
gcns,identifying,1
gcns,important,1
gcns,memory,1
gcns,unit,1
gcns,patterns,1
gcns,great,1
gcns,light,1
gcns,targets,1
gcns,multi-scale,1
gcns,utilization,1
gcns,structures,1
gcns,neighbors,1
gcns,part,1
gcns,progress,1
gcns,video,1
gcns,traditional,1
gcns,stability,1
gcns,sample,1
gcns,tree,1
gcns,motion,1
gcns,types,1
gcns,protein,1
gcns,point,1
gcns,reported,1
gcns,remarkable,1
heparin,literature,1
heparin,obtained,1
heparin,networks,1
heparin,result,1
heparin,study,1
heparin,patients,1
heparin,patient,1
heparin,system,1
heparin,results,1
heparin,studies,1
heparin,success,1
heparin,reactions,1
relation,wide,1
relation,specifically,1
relation,structure,1
relation,systems,1
relation,result,1
relation,tasks,1
relation,utilized,1
relation,time-consuming,1
relation,work,1
relation,similar,1
relation,study,1
relation,strategy,1
relation,sgc,1
relation,samples,1
relation,research,1
relation,sets,1
relation,simultaneously,1
relation,resulting,1
relation,transformers,1
relation,videos,1
relation,years,1
relation,theory,1
relation,rely,1
relation,relations,1
relation,typically,1
relation,understanding,1
relation,sites,1
relation,softmax,1
relation,similarity,1
relation,unsupervised,1
relation,words,1
relation,system,1
relation,surge,1
relation,skeleton,1
relation,vehicle,1
relation,results,1
relation,subgraph,1
relation,skeleton-based,1
relation,revealed,1
relation,spatial,1
relation,sentiments,1
relation,role,1
relation,relationships,1
relation,representation,1
relation,represent,1
relation,topic,1
relation,updated,1
relation,training,1
relation,supervised,1
relation,works,1
relation,showed,1
relation,technique,1
relation,time,1
relation,representations,1
relation,user,1
relation,set,1
relation,target,1
relation,studies,1
relation,static,1
relation,significant,1
relation,temporal,1
relation,validate,1
relation,spatial-temporal,1
relation,single,1
relation,task,1
relation,step,1
relation,traffic,1
relation,synthetic,1
relation,visual,1
relation,remote,1
relation,rgb,1
relation,show,1
relation,structural,1
relation,success,1
relation,unit,1
relation,targets,1
relation,utilization,1
relation,structures,1
relation,video,1
relation,traditional,1
relation,sample,1
relation,tree,1
relation,types,1
relation,reported,1
relation,remarkable,1
relations,wide,1
relations,specifically,1
relations,structure,1
relations,systems,1
relations,result,1
relations,thousands,1
relations,tasks,1
relations,utilized,1
relations,time-consuming,1
relations,work,1
relations,similar,1
relations,smoothing,1
relations,study,1
relations,strategy,1
relations,viable,1
relations,samples,1
relations,research,1
relations,requirement,1
relations,separation,1
relations,sets,1
relations,simultaneously,1
relations,resulting,1
relations,transformers,1
relations,videos,1
relations,years,1
relations,theory,1
relations,rely,1
relations,typically,1
relations,understanding,1
relations,sites,1
relations,technologies,1
relations,softmax,1
relations,similarity,1
relations,unsupervised,1
relations,words,1
relations,transformer,1
relations,system,1
relations,water,1
relations,wiki,1
relations,skeleton,1
relations,results,1
relations,skeleton-based,1
relations,revealed,1
relations,spatial,1
relations,sentiments,1
relations,role,1
relations,relationships,1
relations,representation,1
relations,represent,1
relations,topic,1
relations,updated,1
relations,training,1
relations,supervised,1
relations,works,1
relations,showed,1
relations,technique,1
relations,time,1
relations,representations,1
relations,user,1
relations,set,1
relations,target,1
relations,studies,1
relations,trend,1
relations,sparsity,1
relations,static,1
relations,surface,1
relations,significant,1
relations,temporal,1
relations,validate,1
relations,spatial-temporal,1
relations,single,1
relations,task,1
relations,step,1
relations,traffic,1
relations,synthetic,1
relations,visual,1
relations,remote,1
relations,rgb,1
relations,show,1
relations,structural,1
relations,success,1
relations,unit,1
relations,targets,1
relations,utilization,1
relations,structures,1
relations,video,1
relations,traditional,1
relations,sample,1
relations,tree,1
relations,types,1
relations,remarkable,1
typically,wide,1
typically,utilized,1
typically,work,1
typically,years,1
typically,words,1
typically,works,1
typically,user,1
typically,validate,1
typically,visual,1
typically,unit,1
typically,utilization,1
firstly,paper,1
firstly,named,1
firstly,method,1
firstly,methods,1
firstly,specifically,1
firstly,structure,1
firstly,input,1
firstly,ignore,1
firstly,graph,1
firstly,nitride,1
firstly,present,1
firstly,literature,1
firstly,rarely,1
firstly,published,1
firstly,generally,1
firstly,increasing,1
firstly,reduced,1
firstly,gap,1
firstly,obtained,1
firstly,generated,1
firstly,systems,1
firstly,network,1
firstly,networks,1
firstly,noise,1
firstly,rna,1
firstly,tcga,1
firstly,proposes,1
firstly,models,1
firstly,result,1
firstly,three-dimensional,1
firstly,problem,1
firstly,node,1
firstly,performance,1
firstly,limited,1
firstly,recombination,1
firstly,real-world,1
firstly,propose,1
firstly,tasks,1
firstly,utilized,1
firstly,process,1
firstly,proteins,1
firstly,time-consuming,1
firstly,work,1
firstly,graphitic,1
firstly,gcn,1
firstly,nodes,1
firstly,mixed,1
firstly,similar,1
firstly,smoothing,1
firstly,perform,1
firstly,study,1
firstly,strategy,1
firstly,presents,1
firstly,samples,1
firstly,research,1
firstly,graphs,1
firstly,requirement,1
firstly,numerous,1
firstly,sets,1
firstly,simultaneously,1
firstly,resulting,1
firstly,photocatalyst,1
firstly,sciences,1
firstly,transformers,1
firstly,videos,1
firstly,years,1
firstly,language,1
firstly,leading,1
firstly,rely,1
firstly,heavily,1
firstly,hemisphere,1
firstly,gcns,1
firstly,relation,1
firstly,relations,1
firstly,typically,1
firstly,understanding,1
firstly,kitti,1
firstly,heterogeneous,1
firstly,model,1
firstly,sites,1
firstly,points,1
firstly,improve,1
firstly,lstm,1
firstly,smiles,1
firstly,technologies,1
firstly,knn,1
firstly,softmax,1
firstly,patients,1
firstly,patient,1
firstly,similarity,1
firstly,rnas,1
firstly,fourier,1
firstly,recently,1
firstly,molecules,1
firstly,molecule,1
firstly,ntu,1
firstly,unsupervised,1
firstly,secure,1
firstly,words,1
firstly,transformer,1
firstly,system,1
firstly,water,1
firstly,kinetics,1
firstly,skeleton,1
firstly,framework,1
firstly,vehicle,1
firstly,guided,1
firstly,layer,1
firstly,results,1
firstly,learning,1
firstly,xps,1
firstly,pose,1
firstly,skeleton-based,1
firstly,graph-based,1
firstly,proposed,1
firstly,probability,1
firstly,methodology,1
firstly,spatial,1
firstly,information,1
firstly,role,1
firstly,optimization,1
firstly,relationships,1
firstly,representation,1
firstly,represent,1
firstly,generative,1
firstly,laplacian,1
firstly,updated,1
firstly,global,1
firstly,local,1
firstly,training,1
firstly,supervised,1
firstly,works,1
firstly,generate,1
firstly,showed,1
firstly,optimal,1
firstly,pooling,1
firstly,key,1
firstly,human,1
firstly,prediction,1
firstly,propagation,1
firstly,time,1
firstly,learn,1
firstly,neighbor,1
firstly,focus,1
firstly,modalities,1
firstly,high,1
firstly,module,1
firstly,representations,1
firstly,introduce,1
firstly,neural,1
firstly,user,1
firstly,management,1
firstly,predict,1
firstly,set,1
firstly,fully,1
firstly,target,1
firstly,studies,1
firstly,recognition,1
firstly,identify,1
firstly,multiple,1
firstly,trend,1
firstly,sparsity,1
firstly,recent,1
firstly,gene,1
firstly,significant,1
firstly,knowledge,1
firstly,temporal,1
firstly,identification,1
firstly,predicting,1
firstly,number,1
firstly,validate,1
firstly,gat,1
firstly,spatial-temporal,1
firstly,single,1
firstly,interaction,1
firstly,layers,1
firstly,task,1
firstly,step,1
firstly,machine,1
firstly,traffic,1
firstly,real,1
firstly,visual,1
firstly,remote,1
firstly,parameters,1
firstly,rgb,1
firstly,improved,1
firstly,show,1
firstly,large,1
firstly,processing,1
firstly,previous,1
firstly,pairs,1
firstly,include,1
firstly,learns,1
firstly,photocatalytic,1
firstly,structural,1
firstly,success,1
firstly,important,1
firstly,memory,1
firstly,unit,1
firstly,gated,1
firstly,great,1
firstly,light,1
firstly,functions,1
firstly,targets,1
firstly,multi-scale,1
firstly,utilization,1
firstly,structures,1
firstly,neighbors,1
firstly,part,1
firstly,progress,1
firstly,video,1
firstly,focuses,1
firstly,traditional,1
firstly,stability,1
firstly,sample,1
firstly,pollutants,1
firstly,tree,1
firstly,motion,1
firstly,types,1
firstly,protein,1
firstly,point,1
firstly,remarkable,1
understanding,wide,1
understanding,utilized,1
understanding,work,1
understanding,videos,1
understanding,years,1
understanding,unsupervised,1
understanding,words,1
understanding,water,1
understanding,xps,1
understanding,unifying,1
understanding,works,1
understanding,user,1
understanding,validate,1
understanding,visual,1
understanding,variation,1
understanding,unit,1
understanding,utilization,1
understanding,video,1
imdb,method,1
imdb,methods,1
imdb,specifically,1
imdb,structure,1
imdb,present,1
imdb,literature,1
imdb,obtained,1
imdb,network,1
imdb,networks,1
imdb,models,1
imdb,node,1
imdb,performance,1
imdb,work,1
imdb,nodes,1
imdb,similar,1
imdb,presents,1
imdb,model,1
imdb,improve,1
imdb,recently,1
imdb,unsupervised,1
imdb,results,1
imdb,learning,1
imdb,proposed,1
imdb,methodology,1
imdb,information,1
imdb,relationships,1
imdb,representation,1
imdb,topic,1
imdb,technique,1
imdb,neighbor,1
imdb,neural,1
imdb,set,1
imdb,recent,1
imdb,predicting,1
imdb,layers,1
imdb,improved,1
imdb,processing,1
imdb,previous,1
imdb,traditional,1
imdb,reported,1
kitti,paper,1
kitti,named,1
kitti,method,1
kitti,methods,1
kitti,structure,1
kitti,obtained,1
kitti,network,1
kitti,three-dimensional,1
kitti,performance,1
kitti,propose,1
kitti,study,1
kitti,strategy,1
kitti,presents,1
kitti,requirement,1
kitti,relations,1
kitti,points,1
kitti,system,1
kitti,layer,1
kitti,results,1
kitti,learning,1
kitti,proposed,1
kitti,spatial,1
kitti,representation,1
kitti,optical,1
kitti,module,1
kitti,representations,1
kitti,neural,1
kitti,recognition,1
kitti,multiple,1
kitti,recent,1
kitti,single,1
kitti,task,1
kitti,show,1
kitti,processing,1
kitti,structural,1
kitti,unit,1
kitti,multi-scale,1
kitti,structures,1
kitti,traditional,1
kitti,motion,1
kitti,point,1
artifact,paper,1
artifact,method,1
artifact,methods,1
artifact,input,1
artifact,graph,1
artifact,extract,1
artifact,attention,1
artifact,network,1
artifact,networks,1
artifact,limited,1
artifact,real-world,1
artifact,propose,1
artifact,utilized,1
artifact,experimental,1
artifact,samples,1
artifact,features,1
artifact,gcns,1
artifact,convolutional,1
artifact,heterogeneous,1
artifact,due,1
artifact,recently,1
artifact,results,1
artifact,learning,1
artifact,proposed,1
artifact,information,1
artifact,dataset,1
artifact,feature,1
artifact,complex,1
artifact,temporal,1
artifact,task,1
artifact,challenging,1
artifact,success,1
artifact,great,1
artifact,motion,1
convolutional,drug-drug,1
convolutional,paper,1
convolutional,named,1
convolutional,method,1
convolutional,methods,1
convolutional,intuitively,1
convolutional,inferred,1
convolutional,wide,1
convolutional,specifically,1
convolutional,demonstrates,1
convolutional,dual,1
convolutional,structure,1
convolutional,input,1
convolutional,existing,1
convolutional,ignore,1
convolutional,graph,1
convolutional,low-pass,1
convolutional,metal,1
convolutional,nitride,1
convolutional,present,1
convolutional,literature,1
convolutional,rarely,1
convolutional,extract,1
convolutional,pharmacology,1
convolutional,published,1
convolutional,curated,1
convolutional,generally,1
convolutional,increasing,1
convolutional,reduced,1
convolutional,gap,1
convolutional,developed,1
convolutional,roofs,1
convolutional,hyperlinks,1
convolutional,independently,1
convolutional,differently,1
convolutional,explicitly,1
convolutional,obtained,1
convolutional,generated,1
convolutional,systems,1
convolutional,network,1
convolutional,standards,1
convolutional,networks,1
convolutional,noise,1
convolutional,extracting,1
convolutional,rna,1
convolutional,tcga,1
convolutional,proposes,1
convolutional,critical,1
convolutional,models,1
convolutional,result,1
convolutional,pharmacological,1
convolutional,efficient,1
convolutional,three-dimensional,1
convolutional,problem,1
convolutional,node,1
convolutional,performance,1
convolutional,limited,1
convolutional,fast,1
convolutional,recombination,1
convolutional,real-world,1
convolutional,dempster-shafer,1
convolutional,thousands,1
convolutional,hours,1
convolutional,owing,1
convolutional,propose,1
convolutional,roads,1
convolutional,tasks,1
convolutional,utilized,1
convolutional,determination,1
convolutional,process,1
convolutional,seoul,1
convolutional,proteins,1
convolutional,encoded,1
convolutional,time-consuming,1
convolutional,experimental,1
convolutional,elsevier,1
convolutional,psycholinguistic,1
convolutional,liquid,1
convolutional,work,1
convolutional,gcn,1
convolutional,nodes,1
convolutional,established,1
convolutional,mixed,1
convolutional,excellent,1
convolutional,similar,1
convolutional,smoothing,1
convolutional,perform,1
convolutional,households,1
convolutional,study,1
convolutional,strategy,1
convolutional,presents,1
convolutional,viable,1
convolutional,outperform,1
convolutional,string,1
convolutional,descriptor,1
convolutional,explore,1
convolutional,sgc,1
convolutional,u-shaped,1
convolutional,samples,1
convolutional,couplings,1
convolutional,research,1
convolutional,pressure,1
convolutional,f-score,1
convolutional,graphs,1
convolutional,requirement,1
convolutional,numerous,1
convolutional,separation,1
convolutional,sets,1
convolutional,simultaneously,1
convolutional,markers,1
convolutional,holes,1
convolutional,resulting,1
convolutional,investigations,1
convolutional,plant,1
convolutional,transformers,1
convolutional,harmful,1
convolutional,videos,1
convolutional,features,1
convolutional,years,1
convolutional,language,1
convolutional,theory,1
convolutional,leading,1
convolutional,rely,1
convolutional,decisions,1
convolutional,heavily,1
convolutional,hemisphere,1
convolutional,gps,1
convolutional,obu,1
convolutional,material,1
convolutional,gcns,1
convolutional,heparin,1
convolutional,relation,1
convolutional,relations,1
convolutional,typically,1
convolutional,firstly,1
convolutional,understanding,1
convolutional,imdb,1
convolutional,mscoco,1
convolutional,heterogeneous,1
convolutional,model,1
convolutional,due,1
convolutional,sites,1
convolutional,points,1
convolutional,efficiency,1
convolutional,improve,1
convolutional,ethereum,1
convolutional,lstm,1
convolutional,smiles,1
convolutional,technologies,1
convolutional,svm,1
convolutional,knn,1
convolutional,softmax,1
convolutional,formed,1
convolutional,euclidean,1
convolutional,patients,1
convolutional,patient,1
convolutional,similarity,1
convolutional,rnas,1
convolutional,initiative,1
convolutional,pca,1
convolutional,decades,1
convolutional,copy,1
convolutional,recently,1
convolutional,molecules,1
convolutional,molecule,1
convolutional,ntu,1
convolutional,edges,1
convolutional,unsupervised,1
convolutional,matthews,1
convolutional,secure,1
convolutional,nlp,1
convolutional,words,1
convolutional,transformer,1
convolutional,system,1
convolutional,water,1
convolutional,wiki,1
convolutional,datasets,1
convolutional,data,1
convolutional,effectively,1
convolutional,surge,1
convolutional,data-driven,1
convolutional,kinetics,1
convolutional,dft,1
convolutional,skeleton,1
convolutional,framework,1
convolutional,vehicle,1
convolutional,guided,1
convolutional,end,1
convolutional,layer,1
convolutional,results,1
convolutional,learning,1
convolutional,subgraph,1
convolutional,pose,1
convolutional,skeleton-based,1
convolutional,skeletongait,1
convolutional,graph-based,1
convolutional,informative,1
convolutional,dependencies,1
convolutional,proposed,1
convolutional,meaningful,1
convolutional,revealed,1
convolutional,gcaru,1
convolutional,probability,1
convolutional,methodology,1
convolutional,spatial,1
convolutional,pubmed,1
convolutional,sentiments,1
convolutional,electron,1
convolutional,information,1
convolutional,evaluation,1
convolutional,role,1
convolutional,mcc,1
convolutional,optimization,1
convolutional,relationships,1
convolutional,representation,1
convolutional,represent,1
convolutional,generative,1
convolutional,dmax,1
convolutional,unifying,1
convolutional,embeddings,1
convolutional,laplacian,1
convolutional,topic,1
convolutional,updated,1
convolutional,global,1
convolutional,local,1
convolutional,deep,1
convolutional,training,1
convolutional,correlations,1
convolutional,u-net,1
convolutional,supervised,1
convolutional,error,1
convolutional,works,1
convolutional,generate,1
convolutional,showed,1
convolutional,optimal,1
convolutional,presentation,1
convolutional,pooling,1
convolutional,dataset,1
convolutional,key,1
convolutional,human,1
convolutional,technique,1
convolutional,prediction,1
convolutional,factors,1
convolutional,propagation,1
convolutional,time,1
convolutional,daily,1
convolutional,learn,1
convolutional,neighbor,1
convolutional,evolution,1
convolutional,single-granular,1
convolutional,optical,1
convolutional,focus,1
convolutional,desirable,1
convolutional,modalities,1
convolutional,high,1
convolutional,module,1
convolutional,representations,1
convolutional,introduce,1
convolutional,neural,1
convolutional,expression,1
convolutional,user,1
convolutional,management,1
convolutional,predict,1
convolutional,feature,1
convolutional,set,1
convolutional,fully,1
convolutional,tumor,1
convolutional,target,1
convolutional,studies,1
convolutional,dense,1
convolutional,recognition,1
convolutional,identify,1
convolutional,multiple,1
convolutional,ternary,1
convolutional,trend,1
convolutional,sparsity,1
convolutional,faces,1
convolutional,recent,1
convolutional,static,1
convolutional,gene,1
convolutional,surface,1
convolutional,significant,1
convolutional,immune,1
convolutional,knowledge,1
convolutional,temporal,1
convolutional,identification,1
convolutional,predicting,1
convolutional,number,1
convolutional,validate,1
convolutional,gat,1
convolutional,spatial-temporal,1
convolutional,single,1
convolutional,interaction,1
convolutional,layers,1
convolutional,task,1
convolutional,energy,1
convolutional,step,1
convolutional,machine,1
convolutional,traffic,1
convolutional,synthetic,1
convolutional,real,1
convolutional,visual,1
convolutional,layouts,1
convolutional,remote,1
convolutional,splitting,1
convolutional,parameters,1
convolutional,rgb,1
convolutional,improved,1
convolutional,show,1
convolutional,large,1
convolutional,processing,1
convolutional,previous,1
convolutional,pairs,1
convolutional,employed,1
convolutional,include,1
convolutional,learns,1
convolutional,embedding,1
convolutional,effective,1
convolutional,structural,1
convolutional,success,1
convolutional,variation,1
convolutional,identifying,1
convolutional,important,1
convolutional,reactions,1
convolutional,memory,1
convolutional,unit,1
convolutional,gated,1
convolutional,patterns,1
convolutional,field,1
convolutional,correction,1
convolutional,great,1
convolutional,light,1
convolutional,functions,1
convolutional,targets,1
convolutional,multi-scale,1
convolutional,utilization,1
convolutional,structures,1
convolutional,neighbors,1
convolutional,part,1
convolutional,progress,1
convolutional,video,1
convolutional,focuses,1
convolutional,traditional,1
convolutional,stability,1
convolutional,sample,1
convolutional,designed,1
convolutional,pollutants,1
convolutional,diffusion,1
convolutional,tree,1
convolutional,motion,1
convolutional,types,1
convolutional,protein,1
convolutional,point,1
convolutional,reported,1
convolutional,remarkable,1
s-triazine,study,1
s-triazine,unit,1
mscoco,paper,1
mscoco,specifically,1
mscoco,present,1
mscoco,network,1
mscoco,networks,1
mscoco,node,1
mscoco,performance,1
mscoco,propose,1
mscoco,perform,1
mscoco,transformers,1
mscoco,relation,1
mscoco,relations,1
mscoco,recently,1
mscoco,words,1
mscoco,transformer,1
mscoco,results,1
mscoco,proposed,1
mscoco,spatial,1
mscoco,role,1
mscoco,optimization,1
mscoco,relationships,1
mscoco,representation,1
mscoco,representations,1
mscoco,neural,1
mscoco,predict,1
mscoco,significant,1
mscoco,validate,1
mscoco,task,1
mscoco,visual,1
mscoco,show,1
mscoco,processing,1
mscoco,neighbors,1
heterogeneous,paper,1
heterogeneous,named,1
heterogeneous,method,1
heterogeneous,methods,1
heterogeneous,wide,1
heterogeneous,specifically,1
heterogeneous,structure,1
heterogeneous,input,1
heterogeneous,ignore,1
heterogeneous,metal,1
heterogeneous,nitride,1
heterogeneous,present,1
heterogeneous,literature,1
heterogeneous,rarely,1
heterogeneous,published,1
heterogeneous,increasing,1
heterogeneous,reduced,1
heterogeneous,independently,1
heterogeneous,obtained,1
heterogeneous,systems,1
heterogeneous,network,1
heterogeneous,networks,1
heterogeneous,noise,1
heterogeneous,rna,1
heterogeneous,tcga,1
heterogeneous,proposes,1
heterogeneous,membranes,1
heterogeneous,models,1
heterogeneous,result,1
heterogeneous,pharmacological,1
heterogeneous,problem,1
heterogeneous,node,1
heterogeneous,performance,1
heterogeneous,limited,1
heterogeneous,recombination,1
heterogeneous,real-world,1
heterogeneous,owing,1
heterogeneous,propose,1
heterogeneous,tasks,1
heterogeneous,utilized,1
heterogeneous,process,1
heterogeneous,proteins,1
heterogeneous,time-consuming,1
heterogeneous,heterojunction,1
heterogeneous,work,1
heterogeneous,nodes,1
heterogeneous,similar,1
heterogeneous,perform,1
heterogeneous,study,1
heterogeneous,strategy,1
heterogeneous,presents,1
heterogeneous,outperform,1
heterogeneous,string,1
heterogeneous,samples,1
heterogeneous,research,1
heterogeneous,requirement,1
heterogeneous,numerous,1
heterogeneous,separation,1
heterogeneous,sets,1
heterogeneous,simultaneously,1
heterogeneous,markers,1
heterogeneous,resulting,1
heterogeneous,photocatalyst,1
heterogeneous,transformers,1
heterogeneous,videos,1
heterogeneous,years,1
heterogeneous,language,1
heterogeneous,theory,1
heterogeneous,leading,1
heterogeneous,material,1
heterogeneous,relation,1
heterogeneous,relations,1
heterogeneous,typically,1
heterogeneous,understanding,1
heterogeneous,model,1
heterogeneous,sites,1
heterogeneous,points,1
heterogeneous,improve,1
heterogeneous,lstm,1
heterogeneous,svm,1
heterogeneous,patients,1
heterogeneous,patient,1
heterogeneous,similarity,1
heterogeneous,rnas,1
heterogeneous,initiative,1
heterogeneous,pca,1
heterogeneous,recently,1
heterogeneous,molecules,1
heterogeneous,unsupervised,1
heterogeneous,nlp,1
heterogeneous,words,1
heterogeneous,transformer,1
heterogeneous,system,1
heterogeneous,water,1
heterogeneous,kinetics,1
heterogeneous,vehicle,1
heterogeneous,layer,1
heterogeneous,results,1
heterogeneous,learning,1
heterogeneous,subgraph,1
heterogeneous,proposed,1
heterogeneous,meaningful,1
heterogeneous,revealed,1
heterogeneous,probability,1
heterogeneous,methodology,1
heterogeneous,spatial,1
heterogeneous,pubmed,1
heterogeneous,information,1
heterogeneous,role,1
heterogeneous,optimization,1
heterogeneous,relationships,1
heterogeneous,representation,1
heterogeneous,represent,1
heterogeneous,laplacian,1
heterogeneous,topic,1
heterogeneous,local,1
heterogeneous,training,1
heterogeneous,supervised,1
heterogeneous,works,1
heterogeneous,showed,1
heterogeneous,optimal,1
heterogeneous,key,1
heterogeneous,human,1
heterogeneous,technique,1
heterogeneous,prediction,1
heterogeneous,propagation,1
heterogeneous,time,1
heterogeneous,learn,1
heterogeneous,neighbor,1
heterogeneous,optical,1
heterogeneous,modalities,1
heterogeneous,high,1
heterogeneous,module,1
heterogeneous,representations,1
heterogeneous,introduce,1
heterogeneous,neural,1
heterogeneous,user,1
heterogeneous,management,1
heterogeneous,predict,1
heterogeneous,set,1
heterogeneous,target,1
heterogeneous,studies,1
heterogeneous,recognition,1
heterogeneous,identify,1
heterogeneous,multiple,1
heterogeneous,ternary,1
heterogeneous,trend,1
heterogeneous,sparsity,1
heterogeneous,recent,1
heterogeneous,static,1
heterogeneous,surface,1
heterogeneous,significant,1
heterogeneous,immune,1
heterogeneous,knowledge,1
heterogeneous,temporal,1
heterogeneous,identification,1
heterogeneous,predicting,1
heterogeneous,number,1
heterogeneous,validate,1
heterogeneous,spatial-temporal,1
heterogeneous,single,1
heterogeneous,interaction,1
heterogeneous,layers,1
heterogeneous,task,1
heterogeneous,step,1
heterogeneous,machine,1
heterogeneous,traffic,1
heterogeneous,real,1
heterogeneous,visual,1
heterogeneous,layouts,1
heterogeneous,parameters,1
heterogeneous,improved,1
heterogeneous,show,1
heterogeneous,large,1
heterogeneous,processing,1
heterogeneous,previous,1
heterogeneous,include,1
heterogeneous,learns,1
heterogeneous,photocatalytic,1
heterogeneous,structural,1
heterogeneous,success,1
heterogeneous,variation,1
heterogeneous,identifying,1
heterogeneous,important,1
heterogeneous,reactions,1
heterogeneous,memory,1
heterogeneous,unit,1
heterogeneous,patterns,1
heterogeneous,light,1
heterogeneous,targets,1
heterogeneous,multi-scale,1
heterogeneous,utilization,1
heterogeneous,structures,1
heterogeneous,neighbors,1
heterogeneous,part,1
heterogeneous,progress,1
heterogeneous,video,1
heterogeneous,traditional,1
heterogeneous,sample,1
heterogeneous,pollutants,1
heterogeneous,motion,1
heterogeneous,types,1
heterogeneous,protein,1
heterogeneous,point,1
heterogeneous,reported,1
heterogeneous,remarkable,1
model,paper,1
model,named,1
model,wide,1
model,specifically,1
model,structure,1
model,nitride,1
model,present,1
model,rarely,1
model,published,1
model,reduced,1
model,roofs,1
model,obtained,1
model,systems,1
model,network,1
model,standards,1
model,networks,1
model,noise,1
model,rna,1
model,tcga,1
model,proposes,1
model,models,1
model,result,1
model,pharmacological,1
model,three-dimensional,1
model,problem,1
model,node,1
model,performance,1
model,recombination,1
model,real-world,1
model,thousands,1
model,owing,1
model,propose,1
model,roads,1
model,tasks,1
model,utilized,1
model,process,1
model,proteins,1
model,time-consuming,1
model,psycholinguistic,1
model,work,1
model,nodes,1
model,similar,1
model,smoothing,1
model,perform,1
model,study,1
model,strategy,1
model,presents,1
model,viable,1
model,outperform,1
model,string,1
model,sgc,1
model,u-shaped,1
model,samples,1
model,research,1
model,pressure,1
model,requirement,1
model,numerous,1
model,separation,1
model,sets,1
model,simultaneously,1
model,resulting,1
model,photocatalyst,1
model,sciences,1
model,plant,1
model,transformers,1
model,videos,1
model,years,1
model,theory,1
model,rely,1
model,obu,1
model,relation,1
model,relations,1
model,typically,1
model,understanding,1
model,mscoco,1
model,sites,1
model,points,1
model,smiles,1
model,technologies,1
model,svm,1
model,softmax,1
model,patients,1
model,patient,1
model,similarity,1
model,rnas,1
model,pca,1
model,recently,1
model,molecules,1
model,molecule,1
model,ntu,1
model,unsupervised,1
model,secure,1
model,nlp,1
model,words,1
model,transformer,1
model,system,1
model,water,1
model,wiki,1
model,surge,1
model,skeleton,1
model,vehicle,1
model,results,1
model,subgraph,1
model,xps,1
model,pose,1
model,skeleton-based,1
model,skeletongait,1
model,proposed,1
model,revealed,1
model,probability,1
model,spatial,1
model,pubmed,1
model,sentiments,1
model,role,1
model,optimization,1
model,relationships,1
model,representation,1
model,represent,1
model,unifying,1
model,topic,1
model,updated,1
model,training,1
model,u-net,1
model,supervised,1
model,works,1
model,showed,1
model,optimal,1
model,presentation,1
model,pooling,1
model,technique,1
model,prediction,1
model,propagation,1
model,time,1
model,neighbor,1
model,optical,1
model,module,1
model,representations,1
model,neural,1
model,user,1
model,predict,1
model,set,1
model,tumor,1
model,target,1
model,studies,1
model,recognition,1
model,multiple,1
model,ternary,1
model,trend,1
model,sparsity,1
model,recent,1
model,static,1
model,surface,1
model,significant,1
model,temporal,1
model,predicting,1
model,number,1
model,validate,1
model,spatial-temporal,1
model,single,1
model,task,1
model,step,1
model,traffic,1
model,synthetic,1
model,real,1
model,visual,1
model,remote,1
model,splitting,1
model,parameters,1
model,rgb,1
model,show,1
model,processing,1
model,previous,1
model,pairs,1
model,photocatalytic,1
model,structural,1
model,success,1
model,variation,1
model,reactions,1
model,unit,1
model,patterns,1
model,targets,1
model,multi-scale,1
model,utilization,1
model,structures,1
model,neighbors,1
model,part,1
model,progress,1
model,video,1
model,traditional,1
model,stability,1
model,sample,1
model,pollutants,1
model,tree,1
model,motion,1
model,types,1
model,protein,1
model,point,1
model,reported,1
model,remarkable,1
cnn,paper,1
cnn,named,1
cnn,method,1
cnn,methods,1
cnn,inferred,1
cnn,wide,1
cnn,specifically,1
cnn,demonstrates,1
cnn,dual,1
cnn,structure,1
cnn,input,1
cnn,existing,1
cnn,ignore,1
cnn,graph,1
cnn,considered,1
cnn,present,1
cnn,literature,1
cnn,rarely,1
cnn,extract,1
cnn,published,1
cnn,generally,1
cnn,common,1
cnn,increasing,1
cnn,reduced,1
cnn,gap,1
cnn,developed,1
cnn,independently,1
cnn,explicitly,1
cnn,obtained,1
cnn,generated,1
cnn,systems,1
cnn,network,1
cnn,networks,1
cnn,noise,1
cnn,extracting,1
cnn,proposes,1
cnn,critical,1
cnn,models,1
cnn,result,1
cnn,efficient,1
cnn,three-dimensional,1
cnn,problem,1
cnn,node,1
cnn,performance,1
cnn,limited,1
cnn,fast,1
cnn,real-world,1
cnn,owing,1
cnn,propose,1
cnn,roads,1
cnn,tasks,1
cnn,utilized,1
cnn,determination,1
cnn,process,1
cnn,proteins,1
cnn,encoded,1
cnn,time-consuming,1
cnn,experimental,1
cnn,elsevier,1
cnn,work,1
cnn,gcn,1
cnn,nodes,1
cnn,established,1
cnn,mixed,1
cnn,excellent,1
cnn,similar,1
cnn,smoothing,1
cnn,perform,1
cnn,study,1
cnn,strategy,1
cnn,presents,1
cnn,outperform,1
cnn,explore,1
cnn,sgc,1
cnn,samples,1
cnn,research,1
cnn,pressure,1
cnn,f-score,1
cnn,graphs,1
cnn,requirement,1
cnn,numerous,1
cnn,sets,1
cnn,simultaneously,1
cnn,resulting,1
cnn,transformers,1
cnn,videos,1
cnn,features,1
cnn,years,1
cnn,language,1
cnn,theory,1
cnn,leading,1
cnn,rely,1
cnn,gcns,1
cnn,relation,1
cnn,relations,1
cnn,typically,1
cnn,firstly,1
cnn,understanding,1
cnn,kitti,1
cnn,convolutional,1
cnn,heterogeneous,1
cnn,model,1
cnn,due,1
cnn,sites,1
cnn,points,1
cnn,efficiency,1
cnn,improve,1
cnn,lstm,1
cnn,smiles,1
cnn,technologies,1
cnn,svm,1
cnn,knn,1
cnn,softmax,1
cnn,euclidean,1
cnn,patients,1
cnn,patient,1
cnn,similarity,1
cnn,initiative,1
cnn,recently,1
cnn,molecule,1
cnn,ntu,1
cnn,edges,1
cnn,unsupervised,1
cnn,matthews,1
cnn,nlp,1
cnn,words,1
cnn,transformer,1
cnn,system,1
cnn,datasets,1
cnn,data,1
cnn,effectively,1
cnn,data-driven,1
cnn,kinetics,1
cnn,skeleton,1
cnn,framework,1
cnn,vehicle,1
cnn,end,1
cnn,layer,1
cnn,results,1
cnn,learning,1
cnn,pose,1
cnn,skeleton-based,1
cnn,graph-based,1
cnn,informative,1
cnn,dependencies,1
cnn,proposed,1
cnn,conduct,1
cnn,meaningful,1
cnn,probability,1
cnn,methodology,1
cnn,spatial,1
cnn,pubmed,1
cnn,information,1
cnn,evaluation,1
cnn,role,1
cnn,optimization,1
cnn,relationships,1
cnn,representation,1
cnn,represent,1
cnn,embeddings,1
cnn,topic,1
cnn,updated,1
cnn,global,1
cnn,local,1
cnn,deep,1
cnn,training,1
cnn,correlations,1
cnn,supervised,1
cnn,error,1
cnn,works,1
cnn,generate,1
cnn,showed,1
cnn,optimal,1
cnn,presentation,1
cnn,pooling,1
cnn,dataset,1
cnn,key,1
cnn,human,1
cnn,technique,1
cnn,prediction,1
cnn,propagation,1
cnn,time,1
cnn,daily,1
cnn,learn,1
cnn,neighbor,1
cnn,optical,1
cnn,focus,1
cnn,modalities,1
cnn,high,1
cnn,module,1
cnn,representations,1
cnn,introduce,1
cnn,neural,1
cnn,expression,1
cnn,user,1
cnn,management,1
cnn,predict,1
cnn,feature,1
cnn,set,1
cnn,fully,1
cnn,complex,1
cnn,tumor,1
cnn,target,1
cnn,studies,1
cnn,dense,1
cnn,recognition,1
cnn,identify,1
cnn,convolution,1
cnn,multiple,1
cnn,sparsity,1
cnn,faces,1
cnn,recent,1
cnn,static,1
cnn,gene,1
cnn,significant,1
cnn,knowledge,1
cnn,temporal,1
cnn,identification,1
cnn,predicting,1
cnn,number,1
cnn,validate,1
cnn,gat,1
cnn,spatial-temporal,1
cnn,single,1
cnn,interaction,1
cnn,layers,1
cnn,task,1
cnn,step,1
cnn,machine,1
cnn,traffic,1
cnn,communication,1
cnn,synthetic,1
cnn,real,1
cnn,visual,1
cnn,remote,1
cnn,parameters,1
cnn,rgb,1
cnn,improved,1
cnn,show,1
cnn,large,1
cnn,processing,1
cnn,conditions,1
cnn,previous,1
cnn,pairs,1
cnn,employed,1
cnn,include,1
cnn,learns,1
cnn,embedding,1
cnn,effective,1
cnn,structural,1
cnn,success,1
cnn,identifying,1
cnn,important,1
cnn,reactions,1
cnn,memory,1
cnn,unit,1
cnn,gated,1
cnn,patterns,1
cnn,field,1
cnn,constructing,1
cnn,comprehensive,1
cnn,great,1
cnn,functions,1
cnn,targets,1
cnn,multi-scale,1
cnn,utilization,1
cnn,structures,1
cnn,neighbors,1
cnn,part,1
cnn,progress,1
cnn,video,1
cnn,focuses,1
cnn,traditional,1
cnn,stability,1
cnn,sample,1
cnn,designed,1
cnn,tree,1
cnn,motion,1
cnn,types,1
cnn,protein,1
cnn,point,1
due,paper,1
due,named,1
due,method,1
due,methods,1
due,intuitively,1
due,inferred,1
due,wide,1
due,specifically,1
due,structure,1
due,input,1
due,existing,1
due,ignore,1
due,graph,1
due,metal,1
due,nitride,1
due,present,1
due,literature,1
due,rarely,1
due,extract,1
due,published,1
due,generally,1
due,increasing,1
due,reduced,1
due,gap,1
due,hyperlinks,1
due,independently,1
due,explicitly,1
due,obtained,1
due,generated,1
due,systems,1
due,network,1
due,standards,1
due,networks,1
due,noise,1
due,extracting,1
due,rna,1
due,tcga,1
due,pei-gcn,1
due,proposes,1
due,membranes,1
due,models,1
due,result,1
due,pharmacological,1
due,efficient,1
due,three-dimensional,1
due,problem,1
due,node,1
due,performance,1
due,limited,1
due,fast,1
due,recombination,1
due,real-world,1
due,thousands,1
due,owing,1
due,propose,1
due,roads,1
due,tasks,1
due,utilized,1
due,process,1
due,proteins,1
due,encoded,1
due,time-consuming,1
due,experimental,1
due,elsevier,1
due,heterojunction,1
due,work,1
due,graphitic,1
due,gcn,1
due,nodes,1
due,established,1
due,mixed,1
due,excellent,1
due,similar,1
due,smoothing,1
due,perform,1
due,households,1
due,study,1
due,strategy,1
due,presents,1
due,outperform,1
due,string,1
due,explore,1
due,sgc,1
due,samples,1
due,research,1
due,pressure,1
due,graphs,1
due,requirement,1
due,numerous,1
due,separation,1
due,sets,1
due,simultaneously,1
due,markers,1
due,holes,1
due,resulting,1
due,photocatalyst,1
due,investigations,1
due,transformers,1
due,harmful,1
due,videos,1
due,features,1
due,years,1
due,language,1
due,theory,1
due,leading,1
due,rely,1
due,heavily,1
due,material,1
due,gcns,1
due,relation,1
due,relations,1
due,typically,1
due,firstly,1
due,understanding,1
due,imdb,1
due,heterogeneous,1
due,model,1
due,sites,1
due,points,1
due,efficiency,1
due,improve,1
due,ethereum,1
due,lstm,1
due,smiles,1
due,technologies,1
due,svm,1
due,softmax,1
due,formed,1
due,escherichia,1
due,euclidean,1
due,patients,1
due,patient,1
due,similarity,1
due,rnas,1
due,fourier,1
due,initiative,1
due,recently,1
due,molecules,1
due,molecule,1
due,ntu,1
due,edges,1
due,unsupervised,1
due,secure,1
due,words,1
due,transformer,1
due,system,1
due,water,1
due,effectively,1
due,surge,1
due,kinetics,1
due,skeleton,1
due,framework,1
due,vehicle,1
due,guided,1
due,end,1
due,layer,1
due,results,1
due,learning,1
due,subgraph,1
due,ftir,1
due,xps,1
due,pose,1
due,skeleton-based,1
due,graph-based,1
due,informative,1
due,proposed,1
due,metsulfuron,1
due,meaningful,1
due,revealed,1
due,probability,1
due,methodology,1
due,spatial,1
due,pubmed,1
due,electron,1
due,information,1
due,evaluation,1
due,role,1
due,optimization,1
due,relationships,1
due,representation,1
due,represent,1
due,generative,1
due,embeddings,1
due,topic,1
due,updated,1
due,global,1
due,local,1
due,training,1
due,u-net,1
due,supervised,1
due,error,1
due,works,1
due,generate,1
due,showed,1
due,optimal,1
due,presentation,1
due,pooling,1
due,key,1
due,human,1
due,technique,1
due,prediction,1
due,factors,1
due,propagation,1
due,time,1
due,learn,1
due,neighbor,1
due,evolution,1
due,optical,1
due,focus,1
due,modalities,1
due,high,1
due,module,1
due,representations,1
due,introduce,1
due,neural,1
due,expression,1
due,user,1
due,management,1
due,predict,1
due,feature,1
due,set,1
due,fully,1
due,tumor,1
due,target,1
due,studies,1
due,recognition,1
due,identify,1
due,multiple,1
due,ternary,1
due,trend,1
due,sparsity,1
due,faces,1
due,recent,1
due,static,1
due,gene,1
due,surface,1
due,significant,1
due,immune,1
due,knowledge,1
due,temporal,1
due,identification,1
due,predicting,1
due,number,1
due,validate,1
due,gat,1
due,spatial-temporal,1
due,single,1
due,interaction,1
due,layers,1
due,task,1
due,energy,1
due,step,1
due,machine,1
due,traffic,1
due,synthetic,1
due,real,1
due,visual,1
due,layouts,1
due,remote,1
due,splitting,1
due,parameters,1
due,rgb,1
due,improved,1
due,show,1
due,large,1
due,processing,1
due,previous,1
due,pairs,1
due,employed,1
due,include,1
due,learns,1
due,embedding,1
due,effective,1
due,photocatalytic,1
due,structural,1
due,success,1
due,variation,1
due,identifying,1
due,important,1
due,reactions,1
due,memory,1
due,unit,1
due,gated,1
due,patterns,1
due,field,1
due,great,1
due,light,1
due,functions,1
due,targets,1
due,multi-scale,1
due,utilization,1
due,structures,1
due,neighbors,1
due,part,1
due,progress,1
due,video,1
due,focuses,1
due,traditional,1
due,stability,1
due,sample,1
due,pollutants,1
due,tree,1
due,motion,1
due,types,1
due,protein,1
due,point,1
due,reported,1
due,remarkable,1
sites,wide,1
sites,specifically,1
sites,structure,1
sites,systems,1
sites,tasks,1
sites,utilized,1
sites,work,1
sites,study,1
sites,strategy,1
sites,transformers,1
sites,theory,1
sites,understanding,1
sites,technologies,1
sites,transformer,1
sites,system,1
sites,water,1
sites,xps,1
sites,spatial,1
sites,topic,1
sites,supervised,1
sites,technique,1
sites,time,1
sites,tumor,1
sites,target,1
sites,studies,1
sites,surface,1
sites,temporal,1
sites,task,1
sites,step,1
sites,structural,1
sites,targets,1
sites,utilization,1
sites,traditional,1
sites,stability,1
sites,types,1
cloud,paper,1
cloud,named,1
cloud,method,1
cloud,methods,1
cloud,inferred,1
cloud,wide,1
cloud,specifically,1
cloud,demonstrates,1
cloud,structure,1
cloud,input,1
cloud,existing,1
cloud,graph,1
cloud,present,1
cloud,extract,1
cloud,published,1
cloud,common,1
cloud,increasing,1
cloud,reduced,1
cloud,developed,1
cloud,obtained,1
cloud,generated,1
cloud,systems,1
cloud,network,1
cloud,standards,1
cloud,networks,1
cloud,noise,1
cloud,extracting,1
cloud,proposes,1
cloud,models,1
cloud,efficient,1
cloud,problem,1
cloud,node,1
cloud,performance,1
cloud,limited,1
cloud,fast,1
cloud,real-world,1
cloud,owing,1
cloud,propose,1
cloud,tasks,1
cloud,utilized,1
cloud,process,1
cloud,experimental,1
cloud,elsevier,1
cloud,work,1
cloud,gcn,1
cloud,nodes,1
cloud,established,1
cloud,excellent,1
cloud,similar,1
cloud,perform,1
cloud,study,1
cloud,strategy,1
cloud,presents,1
cloud,explore,1
cloud,samples,1
cloud,research,1
cloud,graphs,1
cloud,sets,1
cloud,simultaneously,1
cloud,resulting,1
cloud,features,1
cloud,years,1
cloud,theory,1
cloud,leading,1
cloud,rely,1
cloud,decisions,1
cloud,gcns,1
cloud,typically,1
cloud,firstly,1
cloud,understanding,1
cloud,kitti,1
cloud,convolutional,1
cloud,model,1
cloud,cnn,1
cloud,due,1
cloud,points,1
cloud,efficiency,1
cloud,improve,1
cloud,lstm,1
cloud,technologies,1
cloud,euclidean,1
cloud,similarity,1
cloud,recently,1
cloud,edges,1
cloud,unsupervised,1
cloud,system,1
cloud,datasets,1
cloud,data,1
cloud,effectively,1
cloud,framework,1
cloud,guided,1
cloud,end,1
cloud,layer,1
cloud,results,1
cloud,learning,1
cloud,subgraph,1
cloud,pose,1
cloud,informative,1
cloud,proposed,1
cloud,conduct,1
cloud,spatial,1
cloud,information,1
cloud,evaluation,1
cloud,role,1
cloud,optimization,1
cloud,relationships,1
cloud,representation,1
cloud,represent,1
cloud,generative,1
cloud,embeddings,1
cloud,topic,1
cloud,global,1
cloud,local,1
cloud,deep,1
cloud,training,1
cloud,correlations,1
cloud,supervised,1
cloud,error,1
cloud,works,1
cloud,generate,1
cloud,showed,1
cloud,optimal,1
cloud,pooling,1
cloud,dataset,1
cloud,key,1
cloud,human,1
cloud,prediction,1
cloud,factors,1
cloud,time,1
cloud,learn,1
cloud,neighbor,1
cloud,focus,1
cloud,high,1
cloud,module,1
cloud,representations,1
cloud,introduce,1
cloud,neural,1
cloud,user,1
cloud,predict,1
cloud,feature,1
cloud,set,1
cloud,fully,1
cloud,complex,1
cloud,studies,1
cloud,dense,1
cloud,recognition,1
cloud,identify,1
cloud,convolution,1
cloud,multiple,1
cloud,recent,1
cloud,static,1
cloud,surface,1
cloud,significant,1
cloud,knowledge,1
cloud,temporal,1
cloud,predicting,1
cloud,number,1
cloud,gat,1
cloud,single,1
cloud,interaction,1
cloud,layers,1
cloud,task,1
cloud,energy,1
cloud,machine,1
cloud,traffic,1
cloud,synthetic,1
cloud,real,1
cloud,visual,1
cloud,remote,1
cloud,parameters,1
cloud,show,1
cloud,large,1
cloud,processing,1
cloud,conditions,1
cloud,previous,1
cloud,employed,1
cloud,embedding,1
cloud,effective,1
cloud,structural,1
cloud,variation,1
cloud,important,1
cloud,memory,1
cloud,unit,1
cloud,gated,1
cloud,patterns,1
cloud,field,1
cloud,constructing,1
cloud,comprehensive,1
cloud,great,1
cloud,light,1
cloud,functions,1
cloud,multi-scale,1
cloud,structures,1
cloud,neighbors,1
cloud,progress,1
cloud,video,1
cloud,focuses,1
cloud,traditional,1
cloud,stability,1
cloud,designed,1
cloud,motion,1
cloud,types,1
cloud,point,1
cloud,remarkable,1
points,specifically,1
points,structure,1
points,present,1
points,published,1
points,reduced,1
points,systems,1
points,rna,1
points,proposes,1
points,result,1
points,three-dimensional,1
points,problem,1
points,propose,1
points,tasks,1
points,process,1
points,work,1
points,similar,1
points,study,1
points,strategy,1
points,presents,1
points,samples,1
points,research,1
points,requirement,1
points,sets,1
points,simultaneously,1
points,years,1
points,rely,1
points,relations,1
points,softmax,1
points,similarity,1
points,words,1
points,transformer,1
points,system,1
points,skeleton,1
points,results,1
points,pose,1
points,skeleton-based,1
points,proposed,1
points,spatial,1
points,role,1
points,relationships,1
points,representation,1
points,represent,1
points,updated,1
points,training,1
points,supervised,1
points,works,1
points,showed,1
points,pooling,1
points,prediction,1
points,time,1
points,representations,1
points,predict,1
points,set,1
points,target,1
points,studies,1
points,recognition,1
points,trend,1
points,recent,1
points,surface,1
points,significant,1
points,temporal,1
points,predicting,1
points,validate,1
points,spatial-temporal,1
points,single,1
points,task,1
points,step,1
points,traffic,1
points,synthetic,1
points,real,1
points,visual,1
points,remote,1
points,rgb,1
points,show,1
points,processing,1
points,previous,1
points,structural,1
points,success,1
points,variation,1
points,unit,1
points,targets,1
points,structures,1
points,progress,1
points,video,1
points,traditional,1
points,stability,1
points,types,1
efficiency,paper,1
efficiency,named,1
efficiency,method,1
efficiency,methods,1
efficiency,intuitively,1
efficiency,wide,1
efficiency,specifically,1
efficiency,structure,1
efficiency,input,1
efficiency,existing,1
efficiency,ignore,1
efficiency,graph,1
efficiency,metal,1
efficiency,nitride,1
efficiency,present,1
efficiency,rarely,1
efficiency,extract,1
efficiency,published,1
efficiency,generally,1
efficiency,increasing,1
efficiency,reduced,1
efficiency,gap,1
efficiency,roofs,1
efficiency,explicitly,1
efficiency,obtained,1
efficiency,generated,1
efficiency,systems,1
efficiency,network,1
efficiency,networks,1
efficiency,noise,1
efficiency,extracting,1
efficiency,pei-gcn,1
efficiency,proposes,1
efficiency,membranes,1
efficiency,models,1
efficiency,result,1
efficiency,efficient,1
efficiency,problem,1
efficiency,node,1
efficiency,performance,1
efficiency,limited,1
efficiency,fast,1
efficiency,recombination,1
efficiency,real-world,1
efficiency,owing,1
efficiency,propose,1
efficiency,tasks,1
efficiency,utilized,1
efficiency,process,1
efficiency,proteins,1
efficiency,time-consuming,1
efficiency,experimental,1
efficiency,prohibitively,1
efficiency,elsevier,1
efficiency,heterojunction,1
efficiency,nitrogen-rich,1
efficiency,tubes,1
efficiency,liquid,1
efficiency,work,1
efficiency,graphitic,1
efficiency,gcn,1
efficiency,nodes,1
efficiency,established,1
efficiency,mixed,1
efficiency,excellent,1
efficiency,similar,1
efficiency,perform,1
efficiency,study,1
efficiency,strategy,1
efficiency,presents,1
efficiency,viable,1
efficiency,outperform,1
efficiency,explore,1
efficiency,sgc,1
efficiency,samples,1
efficiency,research,1
efficiency,pressure,1
efficiency,f-score,1
efficiency,graphs,1
efficiency,requirement,1
efficiency,separation,1
efficiency,sets,1
efficiency,simultaneously,1
efficiency,holes,1
efficiency,resulting,1
efficiency,photocatalyst,1
efficiency,investigations,1
efficiency,transformers,1
efficiency,harmful,1
efficiency,videos,1
efficiency,features,1
efficiency,years,1
efficiency,language,1
efficiency,theory,1
efficiency,leading,1
efficiency,rely,1
efficiency,heavily,1
efficiency,material,1
efficiency,gcns,1
efficiency,relation,1
efficiency,relations,1
efficiency,typically,1
efficiency,firstly,1
efficiency,understanding,1
efficiency,heterogeneous,1
efficiency,model,1
efficiency,sites,1
efficiency,points,1
efficiency,improve,1
efficiency,photoreduction,1
efficiency,ethereum,1
efficiency,lstm,1
efficiency,technologies,1
efficiency,formed,1
efficiency,escherichia,1
efficiency,euclidean,1
efficiency,patient,1
efficiency,similarity,1
efficiency,fourier,1
efficiency,recently,1
efficiency,fixation,1
efficiency,molecules,1
efficiency,molecule,1
efficiency,ntu,1
efficiency,unsupervised,1
efficiency,secure,1
efficiency,words,1
efficiency,transformer,1
efficiency,system,1
efficiency,water,1
efficiency,nanosized,1
efficiency,kinetics,1
efficiency,skeleton,1
efficiency,framework,1
efficiency,vehicle,1
efficiency,end,1
efficiency,layer,1
efficiency,results,1
efficiency,learning,1
efficiency,ftir,1
efficiency,xps,1
efficiency,pose,1
efficiency,skeleton-based,1
efficiency,graph-based,1
efficiency,proposed,1
efficiency,meaningful,1
efficiency,revealed,1
efficiency,probability,1
efficiency,methodology,1
efficiency,spatial,1
efficiency,electron,1
efficiency,information,1
efficiency,evaluation,1
efficiency,role,1
efficiency,optimization,1
efficiency,relationships,1
efficiency,representation,1
efficiency,represent,1
efficiency,fenton,1
efficiency,generative,1
efficiency,embeddings,1
efficiency,topic,1
efficiency,updated,1
efficiency,global,1
efficiency,local,1
efficiency,training,1
efficiency,supervised,1
efficiency,error,1
efficiency,works,1
efficiency,generate,1
efficiency,showed,1
efficiency,optimal,1
efficiency,pooling,1
efficiency,key,1
efficiency,human,1
efficiency,technique,1
efficiency,prediction,1
efficiency,factors,1
efficiency,propagation,1
efficiency,time,1
efficiency,learn,1
efficiency,neighbor,1
efficiency,evolution,1
efficiency,optical,1
efficiency,focus,1
efficiency,modalities,1
efficiency,high,1
efficiency,module,1
efficiency,representations,1
efficiency,introduce,1
efficiency,neural,1
efficiency,expression,1
efficiency,user,1
efficiency,management,1
efficiency,predict,1
efficiency,feature,1
efficiency,set,1
efficiency,fully,1
efficiency,tumor,1
efficiency,target,1
efficiency,studies,1
efficiency,recognition,1
efficiency,identify,1
efficiency,multiple,1
efficiency,ternary,1
efficiency,trend,1
efficiency,sparsity,1
efficiency,faces,1
efficiency,recent,1
efficiency,static,1
efficiency,gene,1
efficiency,surface,1
efficiency,significant,1
efficiency,knowledge,1
efficiency,temporal,1
efficiency,identification,1
efficiency,predicting,1
efficiency,number,1
efficiency,validate,1
efficiency,gat,1
efficiency,spatial-temporal,1
efficiency,single,1
efficiency,interaction,1
efficiency,layers,1
efficiency,task,1
efficiency,energy,1
efficiency,step,1
efficiency,machine,1
efficiency,traffic,1
efficiency,synthetic,1
efficiency,real,1
efficiency,visual,1
efficiency,remote,1
efficiency,splitting,1
efficiency,parameters,1
efficiency,rgb,1
efficiency,improved,1
efficiency,show,1
efficiency,large,1
efficiency,processing,1
efficiency,previous,1
efficiency,pairs,1
efficiency,employed,1
efficiency,include,1
efficiency,learns,1
efficiency,embedding,1
efficiency,photocatalytic,1
efficiency,structural,1
efficiency,success,1
efficiency,variation,1
efficiency,identifying,1
efficiency,important,1
efficiency,reactions,1
efficiency,memory,1
efficiency,unit,1
efficiency,gated,1
efficiency,patterns,1
efficiency,field,1
efficiency,great,1
efficiency,light,1
efficiency,functions,1
efficiency,targets,1
efficiency,multi-scale,1
efficiency,utilization,1
efficiency,structures,1
efficiency,neighbors,1
efficiency,part,1
efficiency,progress,1
efficiency,video,1
efficiency,focuses,1
efficiency,traditional,1
efficiency,stability,1
efficiency,sample,1
efficiency,pollutants,1
efficiency,tree,1
efficiency,motion,1
efficiency,types,1
efficiency,protein,1
efficiency,point,1
efficiency,reported,1
efficiency,remarkable,1
improve,paper,1
improve,named,1
improve,method,1
improve,methods,1
improve,inferred,1
improve,wide,1
improve,specifically,1
improve,structure,1
improve,input,1
improve,low-pass,1
improve,metal,1
improve,nitride,1
improve,present,1
improve,literature,1
improve,rarely,1
improve,published,1
improve,increasing,1
improve,reduced,1
improve,independently,1
improve,obtained,1
improve,systems,1
improve,network,1
improve,networks,1
improve,noise,1
improve,rna,1
improve,proposes,1
improve,models,1
improve,result,1
improve,three-dimensional,1
improve,problem,1
improve,node,1
improve,performance,1
improve,limited,1
improve,recombination,1
improve,real-world,1
improve,thousands,1
improve,owing,1
improve,propose,1
improve,roads,1
improve,tasks,1
improve,utilized,1
improve,process,1
improve,proteins,1
improve,time-consuming,1
improve,liquid,1
improve,work,1
improve,nodes,1
improve,mixed,1
improve,similar,1
improve,smoothing,1
improve,perform,1
improve,study,1
improve,strategy,1
improve,presents,1
improve,outperform,1
improve,string,1
improve,sgc,1
improve,samples,1
improve,research,1
improve,requirement,1
improve,numerous,1
improve,separation,1
improve,sets,1
improve,simultaneously,1
improve,markers,1
improve,resulting,1
improve,photocatalyst,1
improve,transformers,1
improve,videos,1
improve,years,1
improve,language,1
improve,theory,1
improve,leading,1
improve,rely,1
improve,relation,1
improve,relations,1
improve,typically,1
improve,understanding,1
improve,kitti,1
improve,model,1
improve,sites,1
improve,points,1
improve,photoreduction,1
improve,lstm,1
improve,smiles,1
improve,technologies,1
improve,svm,1
improve,softmax,1
improve,patients,1
improve,patient,1
improve,similarity,1
improve,recently,1
improve,molecules,1
improve,ntu,1
improve,unsupervised,1
improve,secure,1
improve,nlp,1
improve,words,1
improve,transformer,1
improve,system,1
improve,water,1
improve,wiki,1
improve,kinetics,1
improve,skeleton,1
improve,vehicle,1
improve,layer,1
improve,results,1
improve,learning,1
improve,subgraph,1
improve,xps,1
improve,pose,1
improve,skeleton-based,1
improve,informative,1
improve,proposed,1
improve,meaningful,1
improve,revealed,1
improve,probability,1
improve,methodology,1
improve,spatial,1
improve,pubmed,1
improve,sentiments,1
improve,information,1
improve,role,1
improve,optimization,1
improve,relationships,1
improve,representation,1
improve,represent,1
improve,laplacian,1
improve,topic,1
improve,updated,1
improve,local,1
improve,training,1
improve,u-net,1
improve,supervised,1
improve,works,1
improve,showed,1
improve,psf,1
improve,optimal,1
improve,pooling,1
improve,key,1
improve,technique,1
improve,prediction,1
improve,propagation,1
improve,time,1
improve,learn,1
improve,neighbor,1
improve,optical,1
improve,modalities,1
improve,module,1
improve,representations,1
improve,introduce,1
improve,neural,1
improve,user,1
improve,management,1
improve,predict,1
improve,set,1
improve,tumor,1
improve,target,1
improve,studies,1
improve,recognition,1
improve,multiple,1
improve,ternary,1
improve,trend,1
improve,sparsity,1
improve,recent,1
improve,static,1
improve,surface,1
improve,significant,1
improve,knowledge,1
improve,temporal,1
improve,predicting,1
improve,number,1
improve,validate,1
improve,spatial-temporal,1
improve,single,1
improve,interaction,1
improve,layers,1
improve,task,1
improve,step,1
improve,machine,1
improve,traffic,1
improve,synthetic,1
improve,real,1
improve,visual,1
improve,layouts,1
improve,remote,1
improve,splitting,1
improve,parameters,1
improve,rgb,1
improve,improved,1
improve,show,1
improve,large,1
improve,processing,1
improve,previous,1
improve,pairs,1
improve,include,1
improve,learns,1
improve,photocatalytic,1
improve,structural,1
improve,success,1
improve,variation,1
improve,memory,1
improve,unit,1
improve,patterns,1
improve,light,1
improve,targets,1
improve,multi-scale,1
improve,utilization,1
improve,structures,1
improve,neighbors,1
improve,part,1
improve,progress,1
improve,video,1
improve,traditional,1
improve,stability,1
improve,sample,1
improve,pollutants,1
improve,tree,1
improve,motion,1
improve,types,1
improve,protein,1
improve,point,1
improve,reported,1
improve,remarkable,1
photoreduction,structure,1
photoreduction,present,1
photoreduction,recombination,1
photoreduction,process,1
photoreduction,work,1
photoreduction,study,1
photoreduction,separation,1
photoreduction,simultaneously,1
photoreduction,water,1
photoreduction,spatial,1
photoreduction,showed,1
photoreduction,ternary,1
photoreduction,significant,1
photoreduction,structural,1
photoreduction,reactions,1
photoreduction,structures,1
ethereum,paper,1
ethereum,named,1
ethereum,method,1
ethereum,methods,1
ethereum,specifically,1
ethereum,structure,1
ethereum,input,1
ethereum,existing,1
ethereum,ignore,1
ethereum,graph,1
ethereum,present,1
ethereum,extract,1
ethereum,explicitly,1
ethereum,generated,1
ethereum,network,1
ethereum,networks,1
ethereum,models,1
ethereum,problem,1
ethereum,node,1
ethereum,performance,1
ethereum,limited,1
ethereum,real-world,1
ethereum,propose,1
ethereum,utilized,1
ethereum,process,1
ethereum,experimental,1
ethereum,work,1
ethereum,gcn,1
ethereum,nodes,1
ethereum,study,1
ethereum,strategy,1
ethereum,research,1
ethereum,graphs,1
ethereum,simultaneously,1
ethereum,resulting,1
ethereum,features,1
ethereum,years,1
ethereum,gcns,1
ethereum,typically,1
ethereum,model,1
ethereum,secure,1
ethereum,results,1
ethereum,learning,1
ethereum,proposed,1
ethereum,information,1
ethereum,relationships,1
ethereum,representation,1
ethereum,represent,1
ethereum,global,1
ethereum,local,1
ethereum,training,1
ethereum,generate,1
ethereum,key,1
ethereum,technique,1
ethereum,time,1
ethereum,focus,1
ethereum,module,1
ethereum,representations,1
ethereum,neural,1
ethereum,user,1
ethereum,feature,1
ethereum,set,1
ethereum,studies,1
ethereum,recognition,1
ethereum,identify,1
ethereum,sparsity,1
ethereum,faces,1
ethereum,recent,1
ethereum,significant,1
ethereum,temporal,1
ethereum,number,1
ethereum,interaction,1
ethereum,machine,1
ethereum,real,1
ethereum,improved,1
ethereum,show,1
ethereum,large,1
ethereum,previous,1
ethereum,structural,1
ethereum,success,1
ethereum,unit,1
ethereum,patterns,1
ethereum,great,1
ethereum,focuses,1
ethereum,traditional,1
ethereum,types,1
lstm,paper,1
lstm,named,1
lstm,method,1
lstm,methods,1
lstm,wide,1
lstm,specifically,1
lstm,structure,1
lstm,present,1
lstm,rarely,1
lstm,published,1
lstm,reduced,1
lstm,obtained,1
lstm,systems,1
lstm,network,1
lstm,networks,1
lstm,noise,1
lstm,proposes,1
lstm,models,1
lstm,result,1
lstm,problem,1
lstm,node,1
lstm,performance,1
lstm,real-world,1
lstm,owing,1
lstm,propose,1
lstm,roads,1
lstm,tasks,1
lstm,utilized,1
lstm,process,1
lstm,time-consuming,1
lstm,work,1
lstm,nodes,1
lstm,mixed,1
lstm,similar,1
lstm,smoothing,1
lstm,perform,1
lstm,study,1
lstm,strategy,1
lstm,presents,1
lstm,viable,1
lstm,outperform,1
lstm,samples,1
lstm,research,1
lstm,numerous,1
lstm,sets,1
lstm,simultaneously,1
lstm,resulting,1
lstm,videos,1
lstm,years,1
lstm,relation,1
lstm,relations,1
lstm,typically,1
lstm,understanding,1
lstm,model,1
lstm,sites,1
lstm,points,1
lstm,smiles,1
lstm,softmax,1
lstm,patients,1
lstm,patient,1
lstm,similarity,1
lstm,recently,1
lstm,unsupervised,1
lstm,nlp,1
lstm,words,1
lstm,transformer,1
lstm,system,1
lstm,water,1
lstm,skeleton,1
lstm,vehicle,1
lstm,results,1
lstm,pose,1
lstm,skeleton-based,1
lstm,proposed,1
lstm,probability,1
lstm,methodology,1
lstm,spatial,1
lstm,pubmed,1
lstm,role,1
lstm,optimization,1
lstm,relationships,1
lstm,representation,1
lstm,represent,1
lstm,topic,1
lstm,training,1
lstm,works,1
lstm,showed,1
lstm,optimal,1
lstm,pooling,1
lstm,technique,1
lstm,prediction,1
lstm,propagation,1
lstm,time,1
lstm,neighbor,1
lstm,module,1
lstm,representations,1
lstm,neural,1
lstm,user,1
lstm,management,1
lstm,predict,1
lstm,set,1
lstm,tumor,1
lstm,target,1
lstm,studies,1
lstm,recognition,1
lstm,multiple,1
lstm,trend,1
lstm,sparsity,1
lstm,recent,1
lstm,static,1
lstm,surface,1
lstm,significant,1
lstm,temporal,1
lstm,predicting,1
lstm,number,1
lstm,validate,1
lstm,spatial-temporal,1
lstm,single,1
lstm,task,1
lstm,step,1
lstm,machine,1
lstm,traffic,1
lstm,synthetic,1
lstm,real,1
lstm,visual,1
lstm,remote,1
lstm,parameters,1
lstm,rgb,1
lstm,show,1
lstm,processing,1
lstm,previous,1
lstm,pairs,1
lstm,structural,1
lstm,success,1
lstm,variation,1
lstm,memory,1
lstm,unit,1
lstm,patterns,1
lstm,targets,1
lstm,multi-scale,1
lstm,utilization,1
lstm,structures,1
lstm,part,1
lstm,video,1
lstm,traditional,1
lstm,stability,1
lstm,sample,1
lstm,pollutants,1
lstm,tree,1
lstm,motion,1
lstm,types,1
lstm,point,1
lstm,remarkable,1
smiles,specifically,1
smiles,structure,1
smiles,work,1
smiles,study,1
smiles,theory,1
smiles,spatial,1
smiles,training,1
smiles,supervised,1
smiles,time,1
smiles,target,1
smiles,targets,1
smiles,structures,1
smiles,traditional,1
bidirectional,paper,1
bidirectional,named,1
bidirectional,method,1
bidirectional,methods,1
bidirectional,specifically,1
bidirectional,dual,1
bidirectional,structure,1
bidirectional,input,1
bidirectional,existing,1
bidirectional,ignore,1
bidirectional,graph,1
bidirectional,considered,1
bidirectional,low-pass,1
bidirectional,rarely,1
bidirectional,extract,1
bidirectional,published,1
bidirectional,common,1
bidirectional,increasing,1
bidirectional,developed,1
bidirectional,differently,1
bidirectional,obtained,1
bidirectional,generated,1
bidirectional,systems,1
bidirectional,network,1
bidirectional,networks,1
bidirectional,proposes,1
bidirectional,critical,1
bidirectional,models,1
bidirectional,classification,1
bidirectional,problem,1
bidirectional,node,1
bidirectional,performance,1
bidirectional,limited,1
bidirectional,real-world,1
bidirectional,propose,1
bidirectional,roads,1
bidirectional,tasks,1
bidirectional,utilized,1
bidirectional,process,1
bidirectional,experimental,1
bidirectional,elsevier,1
bidirectional,work,1
bidirectional,gcn,1
bidirectional,nodes,1
bidirectional,established,1
bidirectional,capability,1
bidirectional,similar,1
bidirectional,perform,1
bidirectional,households,1
bidirectional,study,1
bidirectional,strategy,1
bidirectional,explore,1
bidirectional,research,1
bidirectional,graphs,1
bidirectional,sets,1
bidirectional,simultaneously,1
bidirectional,transformers,1
bidirectional,features,1
bidirectional,language,1
bidirectional,rely,1
bidirectional,gcns,1
bidirectional,relation,1
bidirectional,relations,1
bidirectional,firstly,1
bidirectional,convolutional,1
bidirectional,mscoco,1
bidirectional,heterogeneous,1
bidirectional,model,1
bidirectional,cnn,1
bidirectional,due,1
bidirectional,sites,1
bidirectional,efficiency,1
bidirectional,improve,1
bidirectional,lstm,1
bidirectional,smiles,1
bidirectional,technologies,1
bidirectional,capacity,1
bidirectional,softmax,1
bidirectional,euclidean,1
bidirectional,similarity,1
bidirectional,molecules,1
bidirectional,molecule,1
bidirectional,edges,1
bidirectional,secure,1
bidirectional,nlp,1
bidirectional,words,1
bidirectional,system,1
bidirectional,datasets,1
bidirectional,data,1
bidirectional,effectively,1
bidirectional,data-driven,1
bidirectional,framework,1
bidirectional,vehicle,1
bidirectional,end,1
bidirectional,layer,1
bidirectional,results,1
bidirectional,learning,1
bidirectional,graph-based,1
bidirectional,dependencies,1
bidirectional,proposed,1
bidirectional,spatial,1
bidirectional,information,1
bidirectional,evaluation,1
bidirectional,role,1
bidirectional,optimization,1
bidirectional,relationships,1
bidirectional,representation,1
bidirectional,represent,1
bidirectional,generative,1
bidirectional,dmax,1
bidirectional,global,1
bidirectional,local,1
bidirectional,deep,1
bidirectional,training,1
bidirectional,correlations,1
bidirectional,generate,1
bidirectional,capture,1
bidirectional,showed,1
bidirectional,optimal,1
bidirectional,dataset,1
bidirectional,key,1
bidirectional,technique,1
bidirectional,prediction,1
bidirectional,factors,1
bidirectional,propagation,1
bidirectional,time,1
bidirectional,learn,1
bidirectional,evolution,1
bidirectional,focus,1
bidirectional,high,1
bidirectional,module,1
bidirectional,representations,1
bidirectional,introduce,1
bidirectional,neural,1
bidirectional,expression,1
bidirectional,user,1
bidirectional,management,1
bidirectional,predict,1
bidirectional,feature,1
bidirectional,set,1
bidirectional,fully,1
bidirectional,complex,1
bidirectional,target,1
bidirectional,studies,1
bidirectional,recognition,1
bidirectional,identify,1
bidirectional,convolution,1
bidirectional,challenges,1
bidirectional,multiple,1
bidirectional,sparsity,1
bidirectional,recent,1
bidirectional,significant,1
bidirectional,knowledge,1
bidirectional,temporal,1
bidirectional,identification,1
bidirectional,predicting,1
bidirectional,single,1
bidirectional,interaction,1
bidirectional,task,1
bidirectional,challenging,1
bidirectional,machine,1
bidirectional,traffic,1
bidirectional,visual,1
bidirectional,improved,1
bidirectional,show,1
bidirectional,large,1
bidirectional,processing,1
bidirectional,employed,1
bidirectional,captures,1
bidirectional,embedding,1
bidirectional,effective,1
bidirectional,structural,1
bidirectional,success,1
bidirectional,variation,1
bidirectional,identifying,1
bidirectional,important,1
bidirectional,memory,1
bidirectional,unit,1
bidirectional,gated,1
bidirectional,patterns,1
bidirectional,field,1
bidirectional,constructing,1
bidirectional,comprehensive,1
bidirectional,great,1
bidirectional,utilization,1
bidirectional,structures,1
bidirectional,traditional,1
bidirectional,sample,1
bidirectional,designed,1
bidirectional,tree,1
bidirectional,types,1
bidirectional,protein,1
catalysts,method,1
catalysts,wide,1
catalysts,demonstrates,1
catalysts,structure,1
catalysts,considered,1
catalysts,metal,1
catalysts,nitride,1
catalysts,present,1
catalysts,rarely,1
catalysts,published,1
catalysts,generally,1
catalysts,increasing,1
catalysts,reduced,1
catalysts,gap,1
catalysts,developed,1
catalysts,obtained,1
catalysts,standards,1
catalysts,critical,1
catalysts,result,1
catalysts,efficient,1
catalysts,performance,1
catalysts,recombination,1
catalysts,owing,1
catalysts,utilized,1
catalysts,process,1
catalysts,experimental,1
catalysts,elsevier,1
catalysts,heterojunction,1
catalysts,nitrogen-rich,1
catalysts,tubes,1
catalysts,chemical,1
catalysts,liquid,1
catalysts,work,1
catalysts,graphitic,1
catalysts,gcn,1
catalysts,excellent,1
catalysts,perform,1
catalysts,study,1
catalysts,strategy,1
catalysts,presents,1
catalysts,descriptor,1
catalysts,samples,1
catalysts,research,1
catalysts,separation,1
catalysts,holes,1
catalysts,photocatalyst,1
catalysts,harmful,1
catalysts,years,1
catalysts,leading,1
catalysts,material,1
catalysts,firstly,1
catalysts,heterogeneous,1
catalysts,model,1
catalysts,due,1
catalysts,sites,1
catalysts,efficiency,1
catalysts,improve,1
catalysts,technologies,1
catalysts,copy,1
catalysts,recently,1
catalysts,fixation,1
catalysts,molecules,1
catalysts,molecule,1
catalysts,system,1
catalysts,water,1
catalysts,nanosized,1
catalysts,effectively,1
catalysts,dft,1
catalysts,end,1
catalysts,layer,1
catalysts,results,1
catalysts,ftir,1
catalysts,xps,1
catalysts,proposed,1
catalysts,revealed,1
catalysts,electron,1
catalysts,information,1
catalysts,role,1
catalysts,optimization,1
catalysts,topic,1
catalysts,local,1
catalysts,generate,1
catalysts,showed,1
catalysts,optimal,1
catalysts,prediction,1
catalysts,time,1
catalysts,evolution,1
catalysts,optical,1
catalysts,high,1
catalysts,predict,1
catalysts,fully,1
catalysts,studies,1
catalysts,challenges,1
catalysts,recent,1
catalysts,surface,1
catalysts,significant,1
catalysts,number,1
catalysts,layers,1
catalysts,challenging,1
catalysts,energy,1
catalysts,step,1
catalysts,real,1
catalysts,splitting,1
catalysts,parameters,1
catalysts,improved,1
catalysts,show,1
catalysts,large,1
catalysts,conditions,1
catalysts,previous,1
catalysts,effective,1
catalysts,photocatalytic,1
catalysts,structural,1
catalysts,important,1
catalysts,reactions,1
catalysts,field,1
catalysts,great,1
catalysts,light,1
catalysts,targets,1
catalysts,utilization,1
catalysts,structures,1
catalysts,part,1
catalysts,traditional,1
catalysts,stability,1
catalysts,designed,1
catalysts,pollutants,1
catalysts,types,1
catalysts,point,1
catalysts,reported,1
catalysts,center,1
technologies,wide,1
technologies,thousands,1
technologies,utilized,1
technologies,work,1
technologies,years,1
technologies,theory,1
technologies,understanding,1
technologies,unsupervised,1
technologies,water,1
technologies,topic,1
technologies,training,1
technologies,works,1
technologies,time,1
technologies,trend,1
technologies,temporal,1
technologies,traffic,1
technologies,variation,1
technologies,unit,1
technologies,utilization,1
technologies,traditional,1
technologies,types,1
capacity,paper,1
capacity,named,1
capacity,method,1
capacity,methods,1
capacity,wide,1
capacity,specifically,1
capacity,dual,1
capacity,structure,1
capacity,existing,1
capacity,graph,1
capacity,metal,1
capacity,nitride,1
capacity,present,1
capacity,extract,1
capacity,published,1
capacity,common,1
capacity,increasing,1
capacity,reduced,1
capacity,developed,1
capacity,obtained,1
capacity,generated,1
capacity,network,1
capacity,networks,1
capacity,noise,1
capacity,proposes,1
capacity,critical,1
capacity,models,1
capacity,result,1
capacity,efficient,1
capacity,classification,1
capacity,problem,1
capacity,node,1
capacity,performance,1
capacity,limited,1
capacity,recombination,1
capacity,owing,1
capacity,propose,1
capacity,tasks,1
capacity,utilized,1
capacity,process,1
capacity,experimental,1
capacity,elsevier,1
capacity,heterojunction,1
capacity,nitrogen-rich,1
capacity,tubes,1
capacity,chemical,1
capacity,liquid,1
capacity,work,1
capacity,graphitic,1
capacity,gcn,1
capacity,nodes,1
capacity,mixed,1
capacity,excellent,1
capacity,similar,1
capacity,perform,1
capacity,study,1
capacity,strategy,1
capacity,explore,1
capacity,samples,1
capacity,research,1
capacity,graphs,1
capacity,numerous,1
capacity,separation,1
capacity,photocatalyst,1
capacity,plant,1
capacity,harmful,1
capacity,features,1
capacity,years,1
capacity,theory,1
capacity,leading,1
capacity,rely,1
capacity,material,1
capacity,gcns,1
capacity,understanding,1
capacity,convolutional,1
capacity,model,1
capacity,due,1
capacity,sites,1
capacity,efficiency,1
capacity,improve,1
capacity,smiles,1
capacity,catalysts,1
capacity,technologies,1
capacity,euclidean,1
capacity,patients,1
capacity,similarity,1
capacity,molecules,1
capacity,molecule,1
capacity,edges,1
capacity,system,1
capacity,water,1
capacity,datasets,1
capacity,data,1
capacity,nanosized,1
capacity,effectively,1
capacity,kinetics,1
capacity,dft,1
capacity,skeleton,1
capacity,framework,1
capacity,end,1
capacity,layer,1
capacity,results,1
capacity,learning,1
capacity,pose,1
capacity,graph-based,1
capacity,informative,1
capacity,dependencies,1
capacity,proposed,1
capacity,meaningful,1
capacity,revealed,1
capacity,spatial,1
capacity,electron,1
capacity,information,1
capacity,role,1
capacity,optimization,1
capacity,relationships,1
capacity,representation,1
capacity,dmax,1
capacity,embeddings,1
capacity,laplacian,1
capacity,topic,1
capacity,global,1
capacity,local,1
capacity,deep,1
capacity,training,1
capacity,correlations,1
capacity,u-net,1
capacity,supervised,1
capacity,error,1
capacity,works,1
capacity,generate,1
capacity,capture,1
capacity,showed,1
capacity,optimal,1
capacity,dataset,1
capacity,key,1
capacity,human,1
capacity,technique,1
capacity,prediction,1
capacity,factors,1
capacity,propagation,1
capacity,time,1
capacity,learn,1
capacity,evolution,1
capacity,focus,1
capacity,high,1
capacity,module,1
capacity,representations,1
capacity,neural,1
capacity,expression,1
capacity,management,1
capacity,predict,1
capacity,feature,1
capacity,set,1
capacity,complex,1
capacity,target,1
capacity,studies,1
capacity,recognition,1
capacity,identify,1
capacity,convolution,1
capacity,challenges,1
capacity,multiple,1
capacity,ternary,1
capacity,recent,1
capacity,gene,1
capacity,surface,1
capacity,significant,1
capacity,temporal,1
capacity,identification,1
capacity,number,1
capacity,validate,1
capacity,single,1
capacity,interaction,1
capacity,layers,1
capacity,challenging,1
capacity,energy,1
capacity,step,1
capacity,machine,1
capacity,traffic,1
capacity,communication,1
capacity,synthetic,1
capacity,real,1
capacity,visual,1
capacity,cells,1
capacity,remote,1
capacity,splitting,1
capacity,parameters,1
capacity,improved,1
capacity,show,1
capacity,large,1
capacity,processing,1
capacity,employed,1
capacity,include,1
capacity,embedding,1
capacity,effective,1
capacity,photocatalytic,1
capacity,structural,1
capacity,success,1
capacity,important,1
capacity,reactions,1
capacity,memory,1
capacity,unit,1
capacity,gated,1
capacity,patterns,1
capacity,field,1
capacity,comprehensive,1
capacity,great,1
capacity,light,1
capacity,functions,1
capacity,structures,1
capacity,neighbors,1
capacity,focuses,1
capacity,traditional,1
capacity,stability,1
capacity,designed,1
capacity,pollutants,1
capacity,diffusion,1
capacity,types,1
capacity,protein,1
capacity,remarkable,1
svm,systems,1
svm,tasks,1
svm,utilized,1
svm,time-consuming,1
svm,work,1
svm,years,1
svm,theory,1
svm,understanding,1
svm,system,1
svm,training,1
svm,task,1
svm,visual,1
svm,targets,1
svm,traditional,1
svm,tree,1
svm,types,1
knn,paper,1
knn,method,1
knn,methods,1
knn,specifically,1
knn,structure,1
knn,network,1
knn,noise,1
knn,problem,1
knn,performance,1
knn,propose,1
knn,tasks,1
knn,study,1
knn,understanding,1
knn,model,1
knn,svm,1
knn,patient,1
knn,recently,1
knn,results,1
knn,learning,1
knn,proposed,1
knn,representation,1
knn,learn,1
knn,neighbor,1
knn,module,1
knn,representations,1
knn,neural,1
knn,recognition,1
knn,multiple,1
knn,static,1
knn,single,1
knn,layers,1
knn,task,1
knn,machine,1
knn,show,1
knn,structural,1
knn,neighbors,1
knn,traditional,1
softmax,specifically,1
softmax,structure,1
softmax,systems,1
softmax,work,1
softmax,study,1
softmax,years,1
softmax,svm,1
softmax,spatial,1
softmax,training,1
softmax,time,1
softmax,studies,1
softmax,temporal,1
softmax,validate,1
softmax,spatial-temporal,1
softmax,task,1
softmax,visual,1
softmax,structural,1
softmax,success,1
softmax,unit,1
softmax,traditional,1
softmax,stability,1
softmax,tree,1
softmax,types,1
chloroform,networks,1
chloroform,mixed,1
chloroform,excellent,1
chloroform,self-healing,1
chloroform,dual-stimulus,1
chloroform,sites,1
chloroform,formed,1
chloroform,effective,1
formed,paper,1
formed,named,1
formed,method,1
formed,methods,1
formed,inferred,1
formed,specifically,1
formed,interacts,1
formed,structure,1
formed,graph,1
formed,nitride,1
formed,generally,1
formed,reduced,1
formed,obtained,1
formed,generated,1
formed,systems,1
formed,network,1
formed,networks,1
formed,rna,1
formed,models,1
formed,result,1
formed,problem,1
formed,performance,1
formed,limited,1
formed,recombination,1
formed,real-world,1
formed,propose,1
formed,process,1
formed,heterojunction,1
formed,work,1
formed,graphitic,1
formed,gcn,1
formed,mixed,1
formed,self-healing,1
formed,similar,1
formed,perform,1
formed,study,1
formed,strategy,1
formed,presents,1
formed,outperform,1
formed,research,1
formed,graphs,1
formed,sets,1
formed,resulting,1
formed,photocatalyst,1
formed,gcns,1
formed,heterogeneous,1
formed,model,1
formed,sites,1
formed,improve,1
formed,lstm,1
formed,similarity,1
formed,system,1
formed,water,1
formed,kinetics,1
formed,results,1
formed,learning,1
formed,ftir,1
formed,graph-based,1
formed,proposed,1
formed,revealed,1
formed,spatial,1
formed,information,1
formed,optimization,1
formed,relationships,1
formed,representation,1
formed,represent,1
formed,topic,1
formed,global,1
formed,local,1
formed,showed,1
formed,presentation,1
formed,prediction,1
formed,propagation,1
formed,time,1
formed,learn,1
formed,optical,1
formed,high,1
formed,representations,1
formed,neural,1
formed,user,1
formed,set,1
formed,studies,1
formed,recognition,1
formed,multiple,1
formed,sparsity,1
formed,static,1
formed,significant,1
formed,knowledge,1
formed,temporal,1
formed,spatial-temporal,1
formed,interaction,1
formed,task,1
formed,traffic,1
formed,real,1
formed,show,1
formed,large,1
formed,photocatalytic,1
formed,variation,1
formed,important,1
formed,reactions,1
formed,memory,1
formed,gated,1
formed,light,1
formed,functions,1
formed,utilization,1
formed,neighbors,1
formed,traditional,1
formed,protein,1
escherichia,method,1
escherichia,wide,1
escherichia,specifically,1
escherichia,structure,1
escherichia,nitride,1
escherichia,systems,1
escherichia,performance,1
escherichia,fast,1
escherichia,recombination,1
escherichia,real-world,1
escherichia,thousands,1
escherichia,process,1
escherichia,proteins,1
escherichia,work,1
escherichia,graphitic,1
escherichia,gcn,1
escherichia,excellent,1
escherichia,study,1
escherichia,strategy,1
escherichia,trna,1
escherichia,samples,1
escherichia,graphs,1
escherichia,separation,1
escherichia,simultaneously,1
escherichia,n-acetyltransferase,1
escherichia,photocatalyst,1
escherichia,harmful,1
escherichia,typically,1
escherichia,sites,1
escherichia,fourier,1
escherichia,system,1
escherichia,water,1
escherichia,kinetics,1
escherichia,results,1
escherichia,pose,1
escherichia,revealed,1
escherichia,role,1
escherichia,showed,1
escherichia,optical,1
escherichia,high,1
escherichia,target,1
escherichia,surface,1
escherichia,significant,1
escherichia,synthetic,1
escherichia,parameters,1
escherichia,improved,1
escherichia,show,1
escherichia,pairs,1
escherichia,photocatalytic,1
escherichia,structural,1
escherichia,light,1
escherichia,targets,1
escherichia,pollutants,1
escherichia,protein,1
euclidean,paper,1
euclidean,named,1
euclidean,method,1
euclidean,methods,1
euclidean,wide,1
euclidean,specifically,1
euclidean,structure,1
euclidean,input,1
euclidean,existing,1
euclidean,ignore,1
euclidean,graph,1
euclidean,present,1
euclidean,extract,1
euclidean,increasing,1
euclidean,gap,1
euclidean,obtained,1
euclidean,generated,1
euclidean,systems,1
euclidean,network,1
euclidean,networks,1
euclidean,extracting,1
euclidean,proposes,1
euclidean,models,1
euclidean,problem,1
euclidean,node,1
euclidean,performance,1
euclidean,limited,1
euclidean,real-world,1
euclidean,owing,1
euclidean,propose,1
euclidean,tasks,1
euclidean,utilized,1
euclidean,process,1
euclidean,proteins,1
euclidean,experimental,1
euclidean,work,1
euclidean,gcn,1
euclidean,nodes,1
euclidean,similar,1
euclidean,perform,1
euclidean,study,1
euclidean,strategy,1
euclidean,presents,1
euclidean,outperform,1
euclidean,explore,1
euclidean,samples,1
euclidean,research,1
euclidean,graphs,1
euclidean,requirement,1
euclidean,sets,1
euclidean,simultaneously,1
euclidean,resulting,1
euclidean,transformers,1
euclidean,features,1
euclidean,years,1
euclidean,rely,1
euclidean,gcns,1
euclidean,relation,1
euclidean,relations,1
euclidean,typically,1
euclidean,firstly,1
euclidean,imdb,1
euclidean,model,1
euclidean,sites,1
euclidean,points,1
euclidean,improve,1
euclidean,lstm,1
euclidean,softmax,1
euclidean,similarity,1
euclidean,recently,1
euclidean,system,1
euclidean,framework,1
euclidean,vehicle,1
euclidean,layer,1
euclidean,results,1
euclidean,learning,1
euclidean,euler,1
euclidean,graph-based,1
euclidean,proposed,1
euclidean,meaningful,1
euclidean,probability,1
euclidean,spatial,1
euclidean,pubmed,1
euclidean,information,1
euclidean,evaluation,1
euclidean,role,1
euclidean,mcc,1
euclidean,relationships,1
euclidean,representation,1
euclidean,represent,1
euclidean,topic,1
euclidean,global,1
euclidean,local,1
euclidean,generate,1
euclidean,optimal,1
euclidean,key,1
euclidean,technique,1
euclidean,prediction,1
euclidean,factors,1
euclidean,propagation,1
euclidean,time,1
euclidean,learn,1
euclidean,evolution,1
euclidean,focus,1
euclidean,high,1
euclidean,module,1
euclidean,representations,1
euclidean,introduce,1
euclidean,neural,1
euclidean,user,1
euclidean,management,1
euclidean,predict,1
euclidean,feature,1
euclidean,set,1
euclidean,fully,1
euclidean,studies,1
euclidean,recognition,1
euclidean,multiple,1
euclidean,faces,1
euclidean,recent,1
euclidean,significant,1
euclidean,knowledge,1
euclidean,temporal,1
euclidean,identification,1
euclidean,predicting,1
euclidean,number,1
euclidean,validate,1
euclidean,spatial-temporal,1
euclidean,single,1
euclidean,interaction,1
euclidean,layers,1
euclidean,task,1
euclidean,machine,1
euclidean,traffic,1
euclidean,synthetic,1
euclidean,real,1
euclidean,visual,1
euclidean,remote,1
euclidean,parameters,1
euclidean,improved,1
euclidean,show,1
euclidean,large,1
euclidean,processing,1
euclidean,previous,1
euclidean,learns,1
euclidean,structural,1
euclidean,success,1
euclidean,important,1
euclidean,memory,1
euclidean,patterns,1
euclidean,field,1
euclidean,great,1
euclidean,utilization,1
euclidean,structures,1
euclidean,part,1
euclidean,progress,1
euclidean,traditional,1
euclidean,protein,1
patients,specifically,1
patients,structure,1
patients,present,1
patients,rarely,1
patients,published,1
patients,reduced,1
patients,systems,1
patients,rna,1
patients,tcga,1
patients,proposes,1
patients,result,1
patients,pharmacological,1
patients,problem,1
patients,performance,1
patients,real-world,1
patients,propose,1
patients,tasks,1
patients,utilized,1
patients,process,1
patients,proteins,1
patients,time-consuming,1
patients,work,1
patients,similar,1
patients,perform,1
patients,study,1
patients,strategy,1
patients,presents,1
patients,samples,1
patients,research,1
patients,pressure,1
patients,sets,1
patients,simultaneously,1
patients,resulting,1
patients,videos,1
patients,years,1
patients,theory,1
patients,rely,1
patients,typically,1
patients,understanding,1
patients,sites,1
patients,points,1
patients,technologies,1
patients,svm,1
patients,softmax,1
patients,similarity,1
patients,recently,1
patients,system,1
patients,skeleton,1
patients,results,1
patients,pose,1
patients,proposed,1
patients,revealed,1
patients,probability,1
patients,spatial,1
patients,role,1
patients,relationships,1
patients,representation,1
patients,represent,1
patients,topic,1
patients,updated,1
patients,training,1
patients,u-net,1
patients,supervised,1
patients,works,1
patients,showed,1
patients,presentation,1
patients,pooling,1
patients,technique,1
patients,prediction,1
patients,propagation,1
patients,time,1
patients,representations,1
patients,user,1
patients,predict,1
patients,set,1
patients,tumor,1
patients,target,1
patients,studies,1
patients,recognition,1
patients,trend,1
patients,sparsity,1
patients,recent,1
patients,static,1
patients,significant,1
patients,temporal,1
patients,predicting,1
patients,validate,1
patients,spatial-temporal,1
patients,single,1
patients,task,1
patients,step,1
patients,synthetic,1
patients,real,1
patients,visual,1
patients,remote,1
patients,show,1
patients,processing,1
patients,previous,1
patients,structural,1
patients,success,1
patients,variation,1
patients,reactions,1
patients,unit,1
patients,patterns,1
patients,targets,1
patients,progress,1
patients,traditional,1
patients,stability,1
patients,sample,1
patients,types,1
patients,protein,1
patients,point,1
patients,reported,1
patient,wide,1
patient,specifically,1
patient,structure,1
patient,present,1
patient,pharmacology,1
patient,published,1
patient,reduced,1
patient,systems,1
patient,tcga,1
patient,proposes,1
patient,result,1
patient,pharmacological,1
patient,problem,1
patient,performance,1
patient,real-world,1
patient,propose,1
patient,tasks,1
patient,utilized,1
patient,process,1
patient,time-consuming,1
patient,work,1
patient,similar,1
patient,study,1
patient,strategy,1
patient,samples,1
patient,research,1
patient,simultaneously,1
patient,resulting,1
patient,transformers,1
patient,videos,1
patient,years,1
patient,theory,1
patient,rely,1
patient,relation,1
patient,technologies,1
patient,patients,1
patient,similarity,1
patient,recently,1
patient,system,1
patient,results,1
patient,proposed,1
patient,revealed,1
patient,probability,1
patient,spatial,1
patient,pubmed,1
patient,role,1
patient,relationships,1
patient,representation,1
patient,represent,1
patient,topic,1
patient,updated,1
patient,training,1
patient,works,1
patient,showed,1
patient,technique,1
patient,prediction,1
patient,time,1
patient,representations,1
patient,predict,1
patient,set,1
patient,tumor,1
patient,target,1
patient,studies,1
patient,recognition,1
patient,trend,1
patient,recent,1
patient,significant,1
patient,temporal,1
patient,predicting,1
patient,validate,1
patient,single,1
patient,task,1
patient,step,1
patient,synthetic,1
patient,real,1
patient,visual,1
patient,show,1
patient,previous,1
patient,structural,1
patient,success,1
patient,reactions,1
patient,patterns,1
patient,progress,1
patient,video,1
patient,traditional,1
patient,sample,1
patient,types,1
patient,protein,1
patient,point,1
patient,reported,1
similarity,wide,1
similarity,specifically,1
similarity,structure,1
similarity,systems,1
similarity,standards,1
similarity,tcga,1
similarity,three-dimensional,1
similarity,tasks,1
similarity,utilized,1
similarity,time-consuming,1
similarity,work,1
similarity,study,1
similarity,strategy,1
similarity,string,1
similarity,simultaneously,1
similarity,transformers,1
similarity,videos,1
similarity,years,1
similarity,theory,1
similarity,typically,1
similarity,understanding,1
similarity,sites,1
similarity,smiles,1
similarity,technologies,1
similarity,svm,1
similarity,softmax,1
similarity,unsupervised,1
similarity,words,1
similarity,transformer,1
similarity,system,1
similarity,skeleton,1
similarity,subgraph,1
similarity,spatial,1
similarity,topic,1
similarity,training,1
similarity,u-net,1
similarity,supervised,1
similarity,works,1
similarity,technique,1
similarity,time,1
similarity,user,1
similarity,tumor,1
similarity,target,1
similarity,studies,1
similarity,static,1
similarity,temporal,1
similarity,validate,1
similarity,spatial-temporal,1
similarity,single,1
similarity,task,1
similarity,step,1
similarity,traffic,1
similarity,synthetic,1
similarity,visual,1
similarity,structural,1
similarity,success,1
similarity,variation,1
similarity,unit,1
similarity,targets,1
similarity,utilization,1
similarity,structures,1
similarity,video,1
similarity,traditional,1
similarity,stability,1
similarity,tree,1
similarity,types,1
annotations,paper,1
annotations,named,1
annotations,method,1
annotations,methods,1
annotations,wide,1
annotations,specifically,1
annotations,structure,1
annotations,input,1
annotations,existing,1
annotations,approaches,1
annotations,graph,1
annotations,attributes,1
annotations,present,1
annotations,extract,1
annotations,published,1
annotations,curated,1
annotations,common,1
annotations,developed,1
annotations,independently,1
annotations,explicitly,1
annotations,attention,1
annotations,generated,1
annotations,systems,1
annotations,network,1
annotations,networks,1
annotations,noise,1
annotations,rna,1
annotations,critical,1
annotations,applications,1
annotations,models,1
annotations,efficient,1
annotations,classification,1
annotations,problem,1
annotations,node,1
annotations,performance,1
annotations,limited,1
annotations,fast,1
annotations,real-world,1
annotations,thousands,1
annotations,propose,1
annotations,tasks,1
annotations,process,1
annotations,proteins,1
annotations,time-consuming,1
annotations,experimental,1
annotations,elsevier,1
annotations,work,1
annotations,gcn,1
annotations,capability,1
annotations,study,1
annotations,strategy,1
annotations,explore,1
annotations,research,1
annotations,auc,1
annotations,numerous,1
annotations,sets,1
annotations,area,1
annotations,features,1
annotations,years,1
annotations,language,1
annotations,leading,1
annotations,rely,1
annotations,decisions,1
annotations,heavily,1
annotations,gcns,1
annotations,relation,1
annotations,typically,1
annotations,understanding,1
annotations,convolutional,1
annotations,model,1
annotations,due,1
annotations,points,1
annotations,improve,1
annotations,patients,1
annotations,similarity,1
annotations,copy,1
annotations,recently,1
annotations,unsupervised,1
annotations,nlp,1
annotations,transformer,1
annotations,datasets,1
annotations,data,1
annotations,framework,1
annotations,results,1
annotations,learning,1
annotations,pose,1
annotations,graph-based,1
annotations,proposed,1
annotations,based,1
annotations,meaningful,1
annotations,spatial,1
annotations,information,1
annotations,relationships,1
annotations,representation,1
annotations,global,1
annotations,local,1
annotations,deep,1
annotations,training,1
annotations,supervised,1
annotations,works,1
annotations,generate,1
annotations,capture,1
annotations,dataset,1
annotations,key,1
annotations,technique,1
annotations,prediction,1
annotations,learn,1
annotations,neighbor,1
annotations,evolution,1
annotations,approach,1
annotations,focus,1
annotations,desirable,1
annotations,high,1
annotations,module,1
annotations,representations,1
annotations,introduce,1
annotations,neural,1
annotations,expression,1
annotations,predict,1
annotations,feature,1
annotations,set,1
annotations,fully,1
annotations,complex,1
annotations,tumor,1
annotations,studies,1
annotations,recognition,1
annotations,convolution,1
annotations,challenges,1
annotations,multiple,1
annotations,faces,1
annotations,recent,1
annotations,static,1
annotations,gene,1
annotations,significant,1
annotations,knowledge,1
annotations,temporal,1
annotations,predicting,1
annotations,number,1
annotations,validate,1
annotations,single,1
annotations,interaction,1
annotations,task,1
annotations,challenging,1
annotations,step,1
annotations,machine,1
annotations,visual,1
annotations,cells,1
annotations,remote,1
annotations,rgb,1
annotations,improved,1
annotations,show,1
annotations,processing,1
annotations,conditions,1
annotations,employed,1
annotations,effective,1
annotations,success,1
annotations,cases,1
annotations,identifying,1
annotations,important,1
annotations,patterns,1
annotations,field,1
annotations,comprehensive,1
annotations,great,1
annotations,functions,1
annotations,structures,1
annotations,part,1
annotations,focuses,1
annotations,capturing,1
annotations,designed,1
annotations,behaviors,1
annotations,protein,1
annotations,point,1
annotations,background,1
rnas,specifically,1
rnas,structure,1
rnas,three-dimensional,1
rnas,tasks,1
rnas,utilized,1
rnas,time-consuming,1
rnas,work,1
rnas,similar,1
rnas,study,1
rnas,strategy,1
rnas,samples,1
rnas,similarity,1
rnas,role,1
rnas,updated,1
rnas,training,1
rnas,works,1
rnas,showed,1
rnas,time,1
rnas,set,1
rnas,studies,1
rnas,significant,1
rnas,step,1
rnas,structural,1
rnas,success,1
rnas,structures,1
rnas,traditional,1
rnas,tree,1
algorithms,paper,1
algorithms,named,1
algorithms,method,1
algorithms,methods,1
algorithms,inferred,1
algorithms,wide,1
algorithms,specifically,1
algorithms,demonstrates,1
algorithms,structure,1
algorithms,input,1
algorithms,existing,1
algorithms,approaches,1
algorithms,ignore,1
algorithms,graph,1
algorithms,considered,1
algorithms,attributes,1
algorithms,metal,1
algorithms,present,1
algorithms,literature,1
algorithms,rarely,1
algorithms,concentrated,1
algorithms,extract,1
algorithms,published,1
algorithms,generally,1
algorithms,common,1
algorithms,increasing,1
algorithms,reduced,1
algorithms,gap,1
algorithms,developed,1
algorithms,cancers,1
algorithms,independently,1
algorithms,attention,1
algorithms,obtained,1
algorithms,generated,1
algorithms,systems,1
algorithms,network,1
algorithms,networks,1
algorithms,noise,1
algorithms,extracting,1
algorithms,rna,1
algorithms,tcga,1
algorithms,proposes,1
algorithms,critical,1
algorithms,assessment,1
algorithms,applications,1
algorithms,models,1
algorithms,result,1
algorithms,efficient,1
algorithms,three-dimensional,1
algorithms,classification,1
algorithms,problem,1
algorithms,node,1
algorithms,performance,1
algorithms,limited,1
algorithms,fast,1
algorithms,real-world,1
algorithms,hours,1
algorithms,owing,1
algorithms,propose,1
algorithms,tasks,1
algorithms,alternatively,1
algorithms,utilized,1
algorithms,process,1
algorithms,encoded,1
algorithms,time-consuming,1
algorithms,experimental,1
algorithms,elsevier,1
algorithms,attack,1
algorithms,chemical,1
algorithms,work,1
algorithms,gcn,1
algorithms,nodes,1
algorithms,established,1
algorithms,mixed,1
algorithms,excellent,1
algorithms,capability,1
algorithms,similar,1
algorithms,smoothing,1
algorithms,perform,1
algorithms,study,1
algorithms,strategy,1
algorithms,presents,1
algorithms,viable,1
algorithms,outperform,1
algorithms,explore,1
algorithms,samples,1
algorithms,research,1
algorithms,auc,1
algorithms,graphs,1
algorithms,requirement,1
algorithms,numerous,1
algorithms,separation,1
algorithms,sets,1
algorithms,simultaneously,1
algorithms,area,1
algorithms,resulting,1
algorithms,investigations,1
algorithms,transformers,1
algorithms,videos,1
algorithms,features,1
algorithms,years,1
algorithms,language,1
algorithms,theory,1
algorithms,leading,1
algorithms,rely,1
algorithms,decisions,1
algorithms,heavily,1
algorithms,material,1
algorithms,gcns,1
algorithms,relations,1
algorithms,typically,1
algorithms,firstly,1
algorithms,understanding,1
algorithms,convolutional,1
algorithms,heterogeneous,1
algorithms,model,1
algorithms,cnn,1
algorithms,due,1
algorithms,cloud,1
algorithms,points,1
algorithms,efficiency,1
algorithms,improve,1
algorithms,ethereum,1
algorithms,lstm,1
algorithms,technologies,1
algorithms,svm,1
algorithms,knn,1
algorithms,softmax,1
algorithms,euclidean,1
algorithms,patients,1
algorithms,patient,1
algorithms,similarity,1
algorithms,rnas,1
algorithms,initiative,1
algorithms,recently,1
algorithms,molecules,1
algorithms,molecule,1
algorithms,edges,1
algorithms,unsupervised,1
algorithms,transformer,1
algorithms,system,1
algorithms,water,1
algorithms,wiki,1
algorithms,datasets,1
algorithms,data,1
algorithms,effectively,1
algorithms,surge,1
algorithms,dft,1
algorithms,skeleton,1
algorithms,framework,1
algorithms,vehicle,1
algorithms,guided,1
algorithms,end,1
algorithms,layer,1
algorithms,results,1
algorithms,learning,1
algorithms,subgraph,1
algorithms,pose,1
algorithms,skeleton-based,1
algorithms,graph-based,1
algorithms,informative,1
algorithms,dependencies,1
algorithms,proposed,1
algorithms,based,1
algorithms,conduct,1
algorithms,meaningful,1
algorithms,probability,1
algorithms,methodology,1
algorithms,spatial,1
algorithms,pubmed,1
algorithms,information,1
algorithms,evaluation,1
algorithms,role,1
algorithms,optimization,1
algorithms,relationships,1
algorithms,representation,1
algorithms,represent,1
algorithms,generative,1
algorithms,unifying,1
algorithms,embeddings,1
algorithms,laplacian,1
algorithms,topic,1
algorithms,updated,1
algorithms,global,1
algorithms,local,1
algorithms,deep,1
algorithms,training,1
algorithms,correlations,1
algorithms,supervised,1
algorithms,error,1
algorithms,works,1
algorithms,generate,1
algorithms,capture,1
algorithms,showed,1
algorithms,optimal,1
algorithms,presentation,1
algorithms,pooling,1
algorithms,dataset,1
algorithms,key,1
algorithms,human,1
algorithms,technique,1
algorithms,prediction,1
algorithms,factors,1
algorithms,propagation,1
algorithms,time,1
algorithms,daily,1
algorithms,learn,1
algorithms,neighbor,1
algorithms,evolution,1
algorithms,single-granular,1
algorithms,optical,1
algorithms,approach,1
algorithms,focus,1
algorithms,modalities,1
algorithms,high,1
algorithms,module,1
algorithms,representations,1
algorithms,introduce,1
algorithms,neural,1
algorithms,expression,1
algorithms,user,1
algorithms,management,1
algorithms,predict,1
algorithms,feature,1
algorithms,set,1
algorithms,fully,1
algorithms,complex,1
algorithms,tumor,1
algorithms,target,1
algorithms,studies,1
algorithms,dense,1
algorithms,recognition,1
algorithms,identify,1
algorithms,convolution,1
algorithms,challenges,1
algorithms,multiple,1
algorithms,trend,1
algorithms,sparsity,1
algorithms,recent,1
algorithms,static,1
algorithms,gene,1
algorithms,surface,1
algorithms,significant,1
algorithms,immune,1
algorithms,knowledge,1
algorithms,temporal,1
algorithms,identification,1
algorithms,predicting,1
algorithms,number,1
algorithms,validate,1
algorithms,gat,1
algorithms,spatial-temporal,1
algorithms,single,1
algorithms,interaction,1
algorithms,layers,1
algorithms,task,1
algorithms,challenging,1
algorithms,energy,1
algorithms,step,1
algorithms,machine,1
algorithms,traffic,1
algorithms,communication,1
algorithms,synthetic,1
algorithms,real,1
algorithms,visual,1
algorithms,cells,1
algorithms,remote,1
algorithms,analysis,1
algorithms,parameters,1
algorithms,rgb,1
algorithms,improved,1
algorithms,show,1
algorithms,large,1
algorithms,processing,1
algorithms,conditions,1
algorithms,previous,1
algorithms,employed,1
algorithms,include,1
algorithms,captures,1
algorithms,learns,1
algorithms,embedding,1
algorithms,effective,1
algorithms,structural,1
algorithms,success,1
algorithms,cases,1
algorithms,variation,1
algorithms,identifying,1
algorithms,important,1
algorithms,reactions,1
algorithms,memory,1
algorithms,unit,1
algorithms,gated,1
algorithms,patterns,1
algorithms,field,1
algorithms,constructing,1
algorithms,comprehensive,1
algorithms,great,1
algorithms,light,1
algorithms,functions,1
algorithms,targets,1
algorithms,architecture,1
algorithms,multi-scale,1
algorithms,utilization,1
algorithms,structures,1
algorithms,neighbors,1
algorithms,part,1
algorithms,progress,1
algorithms,video,1
algorithms,focuses,1
algorithms,capturing,1
algorithms,traditional,1
algorithms,stability,1
algorithms,sample,1
algorithms,designed,1
algorithms,pollutants,1
algorithms,behaviors,1
algorithms,diffusion,1
algorithms,motion,1
algorithms,types,1
algorithms,point,1
algorithms,reported,1
algorithms,remarkable,1
algorithms,background,1
fourier,method,1
fourier,methods,1
fourier,wide,1
fourier,structure,1
fourier,graph,1
fourier,metal,1
fourier,nitride,1
fourier,present,1
fourier,published,1
fourier,reduced,1
fourier,network,1
fourier,proposes,1
fourier,models,1
fourier,problem,1
fourier,node,1
fourier,performance,1
fourier,recombination,1
fourier,process,1
fourier,work,1
fourier,graphitic,1
fourier,gcn,1
fourier,mixed,1
fourier,similar,1
fourier,study,1
fourier,strategy,1
fourier,samples,1
fourier,research,1
fourier,separation,1
fourier,resulting,1
fourier,photocatalyst,1
fourier,harmful,1
fourier,material,1
fourier,understanding,1
fourier,heterogeneous,1
fourier,model,1
fourier,lstm,1
fourier,system,1
fourier,water,1
fourier,results,1
fourier,ftir,1
fourier,xps,1
fourier,proposed,1
fourier,methodology,1
fourier,spatial,1
fourier,information,1
fourier,optimization,1
fourier,showed,1
fourier,prediction,1
fourier,time,1
fourier,optical,1
fourier,high,1
fourier,neural,1
fourier,multiple,1
fourier,ternary,1
fourier,surface,1
fourier,temporal,1
fourier,predicting,1
fourier,interaction,1
fourier,synthetic,1
fourier,parameters,1
fourier,improved,1
fourier,large,1
fourier,photocatalytic,1
fourier,structural,1
fourier,variation,1
fourier,great,1
fourier,light,1
fourier,stability,1
fourier,sample,1
fourier,pollutants,1
fourier,types,1
fourier,remarkable,1
initiative,paper,1
initiative,named,1
initiative,method,1
initiative,methods,1
initiative,specifically,1
initiative,structure,1
initiative,input,1
initiative,present,1
initiative,literature,1
initiative,reduced,1
initiative,systems,1
initiative,network,1
initiative,networks,1
initiative,proposes,1
initiative,models,1
initiative,result,1
initiative,three-dimensional,1
initiative,problem,1
initiative,node,1
initiative,performance,1
initiative,real-world,1
initiative,propose,1
initiative,tasks,1
initiative,utilized,1
initiative,process,1
initiative,nodes,1
initiative,perform,1
initiative,study,1
initiative,u-shaped,1
initiative,samples,1
initiative,research,1
initiative,numerous,1
initiative,simultaneously,1
initiative,markers,1
initiative,resulting,1
initiative,years,1
initiative,leading,1
initiative,model,1
initiative,patients,1
initiative,patient,1
initiative,similarity,1
initiative,pca,1
initiative,recently,1
initiative,words,1
initiative,system,1
initiative,layer,1
initiative,results,1
initiative,learning,1
initiative,proposed,1
initiative,spatial,1
initiative,optimization,1
initiative,relationships,1
initiative,representation,1
initiative,represent,1
initiative,local,1
initiative,training,1
initiative,showed,1
initiative,optimal,1
initiative,prediction,1
initiative,time,1
initiative,learn,1
initiative,neighbor,1
initiative,modalities,1
initiative,representations,1
initiative,introduce,1
initiative,neural,1
initiative,predict,1
initiative,set,1
initiative,studies,1
initiative,multiple,1
initiative,recent,1
initiative,significant,1
initiative,knowledge,1
initiative,temporal,1
initiative,number,1
initiative,validate,1
initiative,layers,1
initiative,task,1
initiative,machine,1
initiative,real,1
initiative,show,1
initiative,large,1
initiative,processing,1
initiative,previous,1
initiative,learns,1
initiative,structural,1
initiative,patterns,1
initiative,multi-scale,1
initiative,traditional,1
initiative,sample,1
initiative,types,1
initiative,reported,1
pca,structure,1
pca,present,1
pca,reduced,1
pca,problem,1
pca,performance,1
pca,propose,1
pca,proteins,1
pca,work,1
pca,similar,1
pca,study,1
pca,research,1
pca,years,1
pca,similarity,1
pca,rnas,1
pca,recently,1
pca,results,1
pca,proposed,1
pca,spatial,1
pca,training,1
pca,showed,1
pca,prediction,1
pca,time,1
pca,predict,1
pca,studies,1
pca,recent,1
pca,previous,1
pca,structural,1
pca,structures,1
pca,traditional,1
decades,paper,1
decades,method,1
decades,methods,1
decades,specifically,1
decades,structure,1
decades,input,1
decades,existing,1
decades,ignore,1
decades,graph,1
decades,present,1
decades,extract,1
decades,increasing,1
decades,developed,1
decades,independently,1
decades,obtained,1
decades,systems,1
decades,network,1
decades,networks,1
decades,noise,1
decades,extracting,1
decades,rna,1
decades,proposes,1
decades,models,1
decades,result,1
decades,efficient,1
decades,three-dimensional,1
decades,problem,1
decades,performance,1
decades,real-world,1
decades,propose,1
decades,tasks,1
decades,utilized,1
decades,process,1
decades,proteins,1
decades,experimental,1
decades,work,1
decades,gcn,1
decades,nodes,1
decades,established,1
decades,excellent,1
decades,similar,1
decades,perform,1
decades,study,1
decades,strategy,1
decades,outperform,1
decades,samples,1
decades,research,1
decades,graphs,1
decades,numerous,1
decades,simultaneously,1
decades,holes,1
decades,resulting,1
decades,photocatalyst,1
decades,harmful,1
decades,features,1
decades,years,1
decades,language,1
decades,leading,1
decades,material,1
decades,gcns,1
decades,relations,1
decades,understanding,1
decades,heterogeneous,1
decades,model,1
decades,due,1
decades,efficiency,1
decades,improve,1
decades,technologies,1
decades,escherichia,1
decades,patients,1
decades,similarity,1
decades,fourier,1
decades,recently,1
decades,molecules,1
decades,molecule,1
decades,nlp,1
decades,system,1
decades,water,1
decades,effectively,1
decades,framework,1
decades,results,1
decades,learning,1
decades,ftir,1
decades,graph-based,1
decades,proposed,1
decades,probability,1
decades,spatial,1
decades,information,1
decades,evaluation,1
decades,role,1
decades,relationships,1
decades,embeddings,1
decades,global,1
decades,local,1
decades,deep,1
decades,error,1
decades,showed,1
decades,key,1
decades,human,1
decades,prediction,1
decades,factors,1
decades,time,1
decades,learn,1
decades,neighbor,1
decades,optical,1
decades,desirable,1
decades,high,1
decades,module,1
decades,representations,1
decades,neural,1
decades,predict,1
decades,feature,1
decades,fully,1
decades,studies,1
decades,dense,1
decades,recognition,1
decades,identify,1
decades,multiple,1
decades,recent,1
decades,static,1
decades,gene,1
decades,surface,1
decades,significant,1
decades,immune,1
decades,knowledge,1
decades,temporal,1
decades,identification,1
decades,number,1
decades,validate,1
decades,gat,1
decades,single,1
decades,interaction,1
decades,task,1
decades,energy,1
decades,step,1
decades,machine,1
decades,traffic,1
decades,synthetic,1
decades,improved,1
decades,show,1
decades,large,1
decades,processing,1
decades,previous,1
decades,include,1
decades,learns,1
decades,embedding,1
decades,effective,1
decades,photocatalytic,1
decades,structural,1
decades,identifying,1
decades,important,1
decades,reactions,1
decades,patterns,1
decades,field,1
decades,light,1
decades,functions,1
decades,structures,1
decades,stability,1
decades,designed,1
decades,pollutants,1
decades,tree,1
decades,types,1
decades,protein,1
decades,point,1
decades,reported,1
copy,paper,1
copy,method,1
copy,methods,1
copy,wide,1
copy,specifically,1
copy,demonstrates,1
copy,structure,1
copy,input,1
copy,existing,1
copy,ignore,1
copy,graph,1
copy,nitride,1
copy,present,1
copy,published,1
copy,reduced,1
copy,developed,1
copy,independently,1
copy,explicitly,1
copy,obtained,1
copy,systems,1
copy,network,1
copy,networks,1
copy,noise,1
copy,rna,1
copy,tcga,1
copy,proposes,1
copy,critical,1
copy,models,1
copy,result,1
copy,efficient,1
copy,problem,1
copy,node,1
copy,performance,1
copy,limited,1
copy,real-world,1
copy,owing,1
copy,propose,1
copy,process,1
copy,proteins,1
copy,experimental,1
copy,elsevier,1
copy,work,1
copy,graphitic,1
copy,gcn,1
copy,nodes,1
copy,similar,1
copy,perform,1
copy,study,1
copy,strategy,1
copy,presents,1
copy,outperform,1
copy,explore,1
copy,samples,1
copy,research,1
copy,pressure,1
copy,graphs,1
copy,resulting,1
copy,transformers,1
copy,features,1
copy,years,1
copy,leading,1
copy,decisions,1
copy,material,1
copy,gcns,1
copy,typically,1
copy,heterogeneous,1
copy,model,1
copy,due,1
copy,sites,1
copy,improve,1
copy,technologies,1
copy,patients,1
copy,patient,1
copy,similarity,1
copy,recently,1
copy,molecules,1
copy,secure,1
copy,words,1
copy,transformer,1
copy,system,1
copy,datasets,1
copy,data,1
copy,effectively,1
copy,skeleton,1
copy,framework,1
copy,end,1
copy,layer,1
copy,results,1
copy,learning,1
copy,ftir,1
copy,xps,1
copy,graph-based,1
copy,proposed,1
copy,meaningful,1
copy,revealed,1
copy,methodology,1
copy,electron,1
copy,information,1
copy,evaluation,1
copy,role,1
copy,relationships,1
copy,representation,1
copy,represent,1
copy,generative,1
copy,embeddings,1
copy,topic,1
copy,global,1
copy,local,1
copy,deep,1
copy,training,1
copy,correlations,1
copy,generate,1
copy,showed,1
copy,key,1
copy,human,1
copy,technique,1
copy,prediction,1
copy,factors,1
copy,propagation,1
copy,time,1
copy,learn,1
copy,focus,1
copy,high,1
copy,representations,1
copy,introduce,1
copy,neural,1
copy,expression,1
copy,user,1
copy,management,1
copy,predict,1
copy,feature,1
copy,fully,1
copy,tumor,1
copy,target,1
copy,studies,1
copy,dense,1
copy,recognition,1
copy,identify,1
copy,multiple,1
copy,trend,1
copy,recent,1
copy,static,1
copy,gene,1
copy,surface,1
copy,significant,1
copy,knowledge,1
copy,temporal,1
copy,identification,1
copy,predicting,1
copy,number,1
copy,validate,1
copy,spatial-temporal,1
copy,single,1
copy,interaction,1
copy,layers,1
copy,task,1
copy,energy,1
copy,traffic,1
copy,synthetic,1
copy,real,1
copy,visual,1
copy,layouts,1
copy,parameters,1
copy,show,1
copy,large,1
copy,previous,1
copy,employed,1
copy,learns,1
copy,effective,1
copy,structural,1
copy,variation,1
copy,identifying,1
copy,important,1
copy,unit,1
copy,gated,1
copy,patterns,1
copy,field,1
copy,great,1
copy,structures,1
copy,part,1
copy,traditional,1
copy,stability,1
copy,sample,1
copy,designed,1
copy,pollutants,1
copy,tree,1
copy,types,1
copy,protein,1
copy,point,1
copy,reported,1
recently,wide,1
recently,specifically,1
recently,structure,1
recently,reduced,1
recently,systems,1
recently,rna,1
recently,tcga,1
recently,result,1
recently,tasks,1
recently,utilized,1
recently,time-consuming,1
recently,work,1
recently,similar,1
recently,smoothing,1
recently,study,1
recently,strategy,1
recently,sgc,1
recently,samples,1
recently,research,1
recently,sets,1
recently,simultaneously,1
recently,resulting,1
recently,sciences,1
recently,videos,1
recently,years,1
recently,theory,1
recently,rely,1
recently,relation,1
recently,relations,1
recently,typically,1
recently,understanding,1
recently,sites,1
recently,technologies,1
recently,softmax,1
recently,similarity,1
recently,rnas,1
recently,unsupervised,1
recently,secure,1
recently,words,1
recently,transformer,1
recently,system,1
recently,water,1
recently,skeleton,1
recently,vehicle,1
recently,results,1
recently,subgraph,1
recently,xps,1
recently,skeleton-based,1
recently,revealed,1
recently,spatial,1
recently,sentiments,1
recently,role,1
recently,relationships,1
recently,representation,1
recently,represent,1
recently,topic,1
recently,updated,1
recently,training,1
recently,supervised,1
recently,works,1
recently,showed,1
recently,technique,1
recently,time,1
recently,representations,1
recently,user,1
recently,set,1
recently,tumor,1
recently,target,1
recently,studies,1
recently,recognition,1
recently,trend,1
recently,sparsity,1
recently,static,1
recently,surface,1
recently,significant,1
recently,temporal,1
recently,validate,1
recently,spatial-temporal,1
recently,single,1
recently,task,1
recently,step,1
recently,traffic,1
recently,synthetic,1
recently,visual,1
recently,remote,1
recently,rgb,1
recently,show,1
recently,structural,1
recently,success,1
recently,unit,1
recently,utilization,1
recently,structures,1
recently,video,1
recently,traditional,1
recently,stability,1
recently,sample,1
recently,tree,1
recently,types,1
recently,reported,1
recently,remarkable,1
fixation,method,1
fixation,structure,1
fixation,nitride,1
fixation,published,1
fixation,generally,1
fixation,obtained,1
fixation,standards,1
fixation,result,1
fixation,performance,1
fixation,propose,1
fixation,work,1
fixation,graphitic,1
fixation,gcn,1
fixation,strategy,1
fixation,presents,1
fixation,separation,1
fixation,sites,1
fixation,water,1
fixation,framework,1
fixation,proposed,1
fixation,optimal,1
fixation,high,1
fixation,surface,1
fixation,number,1
fixation,large,1
fixation,photocatalytic,1
fixation,important,1
fixation,reactions,1
fixation,light,1
fixation,utilization,1
fixation,stability,1
fixation,sample,1
fixation,types,1
molecules,paper,1
molecules,structure,1
molecules,nitride,1
molecules,present,1
molecules,published,1
molecules,obtained,1
molecules,systems,1
molecules,network,1
molecules,networks,1
molecules,rna,1
molecules,proposes,1
molecules,result,1
molecules,problem,1
molecules,node,1
molecules,performance,1
molecules,recombination,1
molecules,thousands,1
molecules,propose,1
molecules,tasks,1
molecules,utilized,1
molecules,process,1
molecules,proteins,1
molecules,time-consuming,1
molecules,prohibitively,1
molecules,work,1
molecules,nodes,1
molecules,similar,1
molecules,perform,1
molecules,study,1
molecules,strategy,1
molecules,viable,1
molecules,outperform,1
molecules,samples,1
molecules,research,1
molecules,numerous,1
molecules,separation,1
molecules,simultaneously,1
molecules,resulting,1
molecules,photocatalyst,1
molecules,plant,1
molecules,years,1
molecules,theory,1
molecules,rely,1
molecules,understanding,1
molecules,sites,1
molecules,photoreduction,1
molecules,smiles,1
molecules,svm,1
molecules,patients,1
molecules,similarity,1
molecules,rnas,1
molecules,recently,1
molecules,unsupervised,1
molecules,system,1
molecules,water,1
molecules,skeleton,1
molecules,results,1
molecules,proposed,1
molecules,role,1
molecules,optimization,1
molecules,relationships,1
molecules,representation,1
molecules,represent,1
molecules,training,1
molecules,supervised,1
molecules,works,1
molecules,showed,1
molecules,optimal,1
molecules,technique,1
molecules,prediction,1
molecules,propagation,1
molecules,time,1
molecules,representations,1
molecules,neural,1
molecules,predict,1
molecules,set,1
molecules,target,1
molecules,studies,1
molecules,multiple,1
molecules,ternary,1
molecules,recent,1
molecules,surface,1
molecules,significant,1
molecules,predicting,1
molecules,number,1
molecules,single,1
molecules,task,1
molecules,step,1
molecules,synthetic,1
molecules,parameters,1
molecules,show,1
molecules,previous,1
molecules,pairs,1
molecules,photocatalytic,1
molecules,structural,1
molecules,success,1
molecules,reactions,1
molecules,unit,1
molecules,targets,1
molecules,utilization,1
molecules,structures,1
molecules,part,1
molecules,traditional,1
molecules,stability,1
molecules,pollutants,1
molecules,tree,1
molecules,types,1
molecules,protein,1
molecules,reported,1
molecule,paper,1
molecule,structure,1
molecule,nitride,1
molecule,present,1
molecule,reduced,1
molecule,obtained,1
molecule,network,1
molecule,networks,1
molecule,rna,1
molecule,proposes,1
molecule,performance,1
molecule,process,1
molecule,proteins,1
molecule,work,1
molecule,similar,1
molecule,study,1
molecule,strategy,1
molecule,samples,1
molecule,research,1
molecule,numerous,1
molecule,sets,1
molecule,simultaneously,1
molecule,photocatalyst,1
molecule,years,1
molecule,rely,1
molecule,smiles,1
molecule,patients,1
molecule,recently,1
molecule,molecules,1
molecule,water,1
molecule,results,1
molecule,proposed,1
molecule,revealed,1
molecule,role,1
molecule,optimization,1
molecule,relationships,1
molecule,training,1
molecule,showed,1
molecule,technique,1
molecule,prediction,1
molecule,time,1
molecule,neighbor,1
molecule,optical,1
molecule,representations,1
molecule,neural,1
molecule,predict,1
molecule,set,1
molecule,target,1
molecule,studies,1
molecule,multiple,1
molecule,recent,1
molecule,significant,1
molecule,number,1
molecule,step,1
molecule,synthetic,1
molecule,parameters,1
molecule,show,1
molecule,processing,1
molecule,previous,1
molecule,photocatalytic,1
molecule,reactions,1
molecule,patterns,1
molecule,targets,1
molecule,structures,1
molecule,stability,1
molecule,types,1
molecule,protein,1
molecule,point,1
molecule,reported,1
ntu,paper,1
ntu,specifically,1
ntu,structure,1
ntu,present,1
ntu,problem,1
ntu,performance,1
ntu,propose,1
ntu,tasks,1
ntu,utilized,1
ntu,process,1
ntu,work,1
ntu,similar,1
ntu,study,1
ntu,strategy,1
ntu,presents,1
ntu,samples,1
ntu,research,1
ntu,simultaneously,1
ntu,years,1
ntu,rely,1
ntu,relation,1
ntu,relations,1
ntu,understanding,1
ntu,points,1
ntu,softmax,1
ntu,transformer,1
ntu,system,1
ntu,skeleton,1
ntu,results,1
ntu,skeleton-based,1
ntu,proposed,1
ntu,spatial,1
ntu,role,1
ntu,representation,1
ntu,represent,1
ntu,topic,1
ntu,training,1
ntu,supervised,1
ntu,works,1
ntu,optimal,1
ntu,pooling,1
ntu,propagation,1
ntu,time,1
ntu,representations,1
ntu,predict,1
ntu,studies,1
ntu,recognition,1
ntu,trend,1
ntu,recent,1
ntu,temporal,1
ntu,number,1
ntu,validate,1
ntu,spatial-temporal,1
ntu,visual,1
ntu,remote,1
ntu,parameters,1
ntu,rgb,1
ntu,show,1
ntu,processing,1
ntu,previous,1
ntu,pairs,1
ntu,unit,1
ntu,structures,1
ntu,progress,1
ntu,video,1
ntu,point,1
ntu,remarkable,1
edges,paper,1
edges,named,1
edges,method,1
edges,methods,1
edges,wide,1
edges,specifically,1
edges,structure,1
edges,input,1
edges,existing,1
edges,ignore,1
edges,graph,1
edges,present,1
edges,literature,1
edges,rarely,1
edges,extract,1
edges,increasing,1
edges,reduced,1
edges,independently,1
edges,obtained,1
edges,generated,1
edges,systems,1
edges,network,1
edges,standards,1
edges,networks,1
edges,noise,1
edges,extracting,1
edges,tcga,1
edges,proposes,1
edges,models,1
edges,result,1
edges,efficient,1
edges,three-dimensional,1
edges,problem,1
edges,node,1
edges,performance,1
edges,limited,1
edges,real-world,1
edges,thousands,1
edges,hours,1
edges,propose,1
edges,roads,1
edges,tasks,1
edges,utilized,1
edges,process,1
edges,proteins,1
edges,time-consuming,1
edges,experimental,1
edges,elsevier,1
edges,work,1
edges,gcn,1
edges,nodes,1
edges,established,1
edges,mixed,1
edges,excellent,1
edges,similar,1
edges,smoothing,1
edges,perform,1
edges,study,1
edges,strategy,1
edges,presents,1
edges,string,1
edges,explore,1
edges,u-shaped,1
edges,samples,1
edges,research,1
edges,graphs,1
edges,requirement,1
edges,numerous,1
edges,sets,1
edges,simultaneously,1
edges,resulting,1
edges,investigations,1
edges,plant,1
edges,transformers,1
edges,videos,1
edges,features,1
edges,years,1
edges,language,1
edges,theory,1
edges,leading,1
edges,rely,1
edges,heavily,1
edges,gps,1
edges,gcns,1
edges,relation,1
edges,relations,1
edges,typically,1
edges,firstly,1
edges,understanding,1
edges,heterogeneous,1
edges,model,1
edges,points,1
edges,efficiency,1
edges,improve,1
edges,ethereum,1
edges,technologies,1
edges,euclidean,1
edges,patients,1
edges,patient,1
edges,similarity,1
edges,initiative,1
edges,recently,1
edges,unsupervised,1
edges,matthews,1
edges,secure,1
edges,nlp,1
edges,words,1
edges,transformer,1
edges,system,1
edges,wiki,1
edges,effectively,1
edges,kinetics,1
edges,skeleton,1
edges,framework,1
edges,guided,1
edges,end,1
edges,layer,1
edges,results,1
edges,learning,1
edges,pose,1
edges,skeleton-based,1
edges,graph-based,1
edges,proposed,1
edges,meaningful,1
edges,revealed,1
edges,probability,1
edges,methodology,1
edges,spatial,1
edges,information,1
edges,evaluation,1
edges,role,1
edges,optimization,1
edges,relationships,1
edges,representation,1
edges,represent,1
edges,generative,1
edges,embeddings,1
edges,updated,1
edges,global,1
edges,local,1
edges,training,1
edges,u-net,1
edges,supervised,1
edges,error,1
edges,works,1
edges,generate,1
edges,showed,1
edges,optimal,1
edges,pooling,1
edges,key,1
edges,human,1
edges,technique,1
edges,prediction,1
edges,propagation,1
edges,time,1
edges,learn,1
edges,neighbor,1
edges,evolution,1
edges,focus,1
edges,modalities,1
edges,high,1
edges,module,1
edges,representations,1
edges,introduce,1
edges,neural,1
edges,expression,1
edges,user,1
edges,management,1
edges,predict,1
edges,feature,1
edges,set,1
edges,fully,1
edges,tumor,1
edges,target,1
edges,studies,1
edges,recognition,1
edges,identify,1
edges,multiple,1
edges,sparsity,1
edges,recent,1
edges,static,1
edges,gene,1
edges,surface,1
edges,significant,1
edges,immune,1
edges,knowledge,1
edges,temporal,1
edges,identification,1
edges,predicting,1
edges,number,1
edges,validate,1
edges,gat,1
edges,spatial-temporal,1
edges,single,1
edges,interaction,1
edges,layers,1
edges,task,1
edges,step,1
edges,machine,1
edges,traffic,1
edges,real,1
edges,visual,1
edges,remote,1
edges,parameters,1
edges,rgb,1
edges,improved,1
edges,show,1
edges,large,1
edges,processing,1
edges,previous,1
edges,pairs,1
edges,employed,1
edges,learns,1
edges,embedding,1
edges,effective,1
edges,structural,1
edges,success,1
edges,identifying,1
edges,important,1
edges,memory,1
edges,unit,1
edges,patterns,1
edges,field,1
edges,great,1
edges,functions,1
edges,targets,1
edges,multi-scale,1
edges,utilization,1
edges,structures,1
edges,neighbors,1
edges,part,1
edges,video,1
edges,focuses,1
edges,traditional,1
edges,stability,1
edges,motion,1
edges,types,1
edges,point,1
unsupervised,wide,1
unsupervised,work,1
unsupervised,videos,1
unsupervised,years,1
unsupervised,water,1
unsupervised,wiki,1
unsupervised,works,1
unsupervised,validate,1
unsupervised,visual,1
unsupervised,utilization,1
unsupervised,video,1
matthews,paper,1
matthews,named,1
matthews,method,1
matthews,methods,1
matthews,network,1
matthews,networks,1
matthews,models,1
matthews,node,1
matthews,performance,1
matthews,propose,1
matthews,process,1
matthews,work,1
matthews,nodes,1
matthews,videos,1
matthews,model,1
matthews,results,1
matthews,pose,1
matthews,proposed,1
matthews,revealed,1
matthews,methodology,1
matthews,spatial,1
matthews,mcc,1
matthews,optimization,1
matthews,pooling,1
matthews,prediction,1
matthews,propagation,1
matthews,representations,1
matthews,neural,1
matthews,studies,1
matthews,temporal,1
matthews,validate,1
matthews,spatial-temporal,1
matthews,step,1
matthews,visual,1
matthews,previous,1
matthews,patterns,1
matthews,video,1
matthews,types,1
secure,systems,1
secure,tasks,1
secure,utilized,1
secure,similar,1
secure,study,1
secure,strategy,1
secure,simultaneously,1
secure,transformers,1
secure,years,1
secure,typically,1
secure,unsupervised,1
secure,system,1
secure,water,1
secure,vehicle,1
secure,training,1
secure,technique,1
secure,time,1
secure,user,1
secure,set,1
secure,target,1
secure,studies,1
secure,significant,1
secure,temporal,1
secure,validate,1
secure,spatial-temporal,1
secure,traffic,1
secure,show,1
secure,structural,1
secure,unit,1
secure,traditional,1
nlp,paper,1
nlp,wide,1
nlp,specifically,1
nlp,structure,1
nlp,present,1
nlp,published,1
nlp,systems,1
nlp,proposes,1
nlp,problem,1
nlp,node,1
nlp,performance,1
nlp,real-world,1
nlp,owing,1
nlp,propose,1
nlp,tasks,1
nlp,utilized,1
nlp,process,1
nlp,proteins,1
nlp,psycholinguistic,1
nlp,work,1
nlp,nodes,1
nlp,similar,1
nlp,perform,1
nlp,study,1
nlp,strategy,1
nlp,outperform,1
nlp,research,1
nlp,numerous,1
nlp,sets,1
nlp,transformers,1
nlp,years,1
nlp,theory,1
nlp,relation,1
nlp,relations,1
nlp,understanding,1
nlp,sites,1
nlp,similarity,1
nlp,recently,1
nlp,unsupervised,1
nlp,words,1
nlp,transformer,1
nlp,results,1
nlp,proposed,1
nlp,spatial,1
nlp,role,1
nlp,optimization,1
nlp,relationships,1
nlp,representation,1
nlp,represent,1
nlp,topic,1
nlp,training,1
nlp,u-net,1
nlp,supervised,1
nlp,works,1
nlp,showed,1
nlp,technique,1
nlp,prediction,1
nlp,representations,1
nlp,predict,1
nlp,set,1
nlp,target,1
nlp,studies,1
nlp,recent,1
nlp,significant,1
nlp,number,1
nlp,validate,1
nlp,single,1
nlp,task,1
nlp,parameters,1
nlp,show,1
nlp,processing,1
nlp,previous,1
nlp,pairs,1
nlp,structural,1
nlp,success,1
nlp,patterns,1
nlp,structures,1
nlp,traditional,1
nlp,tree,1
nlp,types,1
nlp,protein,1
nlp,remarkable,1
words,work,1
words,years,1
words,works,1
transformer,utilized,1
transformer,work,1
transformer,transformers,1
transformer,videos,1
transformer,years,1
transformer,typically,1
transformer,understanding,1
transformer,words,1
transformer,water,1
transformer,vehicle,1
transformer,u-net,1
transformer,works,1
transformer,tumor,1
transformer,validate,1
transformer,visual,1
transformer,utilization,1
transformer,video,1
transformer,types,1
system,wide,1
system,systems,1
system,tcga,1
system,three-dimensional,1
system,thousands,1
system,tasks,1
system,utilized,1
system,time-consuming,1
system,work,1
system,trna,1
system,videos,1
system,years,1
system,theory,1
system,typically,1
system,understanding,1
system,technologies,1
system,unsupervised,1
system,transformer,1
system,water,1
system,vehicle,1
system,xps,1
system,topic,1
system,training,1
system,works,1
system,technique,1
system,time,1
system,user,1
system,tumor,1
system,target,1
system,ternary,1
system,trend,1
system,temporal,1
system,validate,1
system,task,1
system,traffic,1
system,visual,1
system,variation,1
system,unit,1
system,targets,1
system,utilization,1
system,video,1
system,traditional,1
system,tree,1
system,types,1
water,wide,1
water,work,1
water,years,1
water,xps,1
wiki,work,1
datasets,drug-drug,1
datasets,paper,1
datasets,named,1
datasets,method,1
datasets,methods,1
datasets,intuitively,1
datasets,inferred,1
datasets,wide,1
datasets,specifically,1
datasets,demonstrates,1
datasets,dual,1
datasets,structure,1
datasets,input,1
datasets,existing,1
datasets,ignore,1
datasets,graph,1
datasets,present,1
datasets,literature,1
datasets,rarely,1
datasets,extract,1
datasets,published,1
datasets,generally,1
datasets,increasing,1
datasets,reduced,1
datasets,gap,1
datasets,developed,1
datasets,hyperlinks,1
datasets,independently,1
datasets,differently,1
datasets,explicitly,1
datasets,obtained,1
datasets,generated,1
datasets,systems,1
datasets,network,1
datasets,standards,1
datasets,networks,1
datasets,noise,1
datasets,extracting,1
datasets,rna,1
datasets,tcga,1
datasets,gqa,1
datasets,proposes,1
datasets,membranes,1
datasets,models,1
datasets,result,1
datasets,efficient,1
datasets,three-dimensional,1
datasets,problem,1
datasets,node,1
datasets,performance,1
datasets,limited,1
datasets,fast,1
datasets,real-world,1
datasets,dempster-shafer,1
datasets,thousands,1
datasets,owing,1
datasets,propose,1
datasets,tasks,1
datasets,utilized,1
datasets,process,1
datasets,proteins,1
datasets,encoded,1
datasets,time-consuming,1
datasets,experimental,1
datasets,prohibitively,1
datasets,elsevier,1
datasets,work,1
datasets,gcn,1
datasets,granger,1
datasets,nodes,1
datasets,established,1
datasets,mixed,1
datasets,excellent,1
datasets,similar,1
datasets,smoothing,1
datasets,perform,1
datasets,households,1
datasets,study,1
datasets,strategy,1
datasets,presents,1
datasets,outperform,1
datasets,string,1
datasets,descriptor,1
datasets,explore,1
datasets,sgc,1
datasets,u-shaped,1
datasets,samples,1
datasets,research,1
datasets,pressure,1
datasets,f-score,1
datasets,graphs,1
datasets,requirement,1
datasets,numerous,1
datasets,separation,1
datasets,sets,1
datasets,simultaneously,1
datasets,resulting,1
datasets,investigations,1
datasets,plant,1
datasets,transformers,1
datasets,harmful,1
datasets,videos,1
datasets,features,1
datasets,years,1
datasets,language,1
datasets,theory,1
datasets,leading,1
datasets,rely,1
datasets,decisions,1
datasets,heavily,1
datasets,gps,1
datasets,gcns,1
datasets,relation,1
datasets,relations,1
datasets,typically,1
datasets,firstly,1
datasets,understanding,1
datasets,imdb,1
datasets,kitti,1
datasets,mscoco,1
datasets,heterogeneous,1
datasets,model,1
datasets,due,1
datasets,sites,1
datasets,points,1
datasets,efficiency,1
datasets,improve,1
datasets,lstm,1
datasets,technologies,1
datasets,svm,1
datasets,softmax,1
datasets,formed,1
datasets,euclidean,1
datasets,patients,1
datasets,patient,1
datasets,similarity,1
datasets,rnas,1
datasets,initiative,1
datasets,decades,1
datasets,recently,1
datasets,molecules,1
datasets,molecule,1
datasets,ntu,1
datasets,edges,1
datasets,unsupervised,1
datasets,secure,1
datasets,nlp,1
datasets,words,1
datasets,transformer,1
datasets,system,1
datasets,water,1
datasets,wiki,1
datasets,effectively,1
datasets,surge,1
datasets,kinetics,1
datasets,skeleton,1
datasets,framework,1
datasets,vehicle,1
datasets,guided,1
datasets,end,1
datasets,layer,1
datasets,results,1
datasets,learning,1
datasets,subgraph,1
datasets,pose,1
datasets,skeleton-based,1
datasets,euler,1
datasets,skeletongait,1
datasets,graph-based,1
datasets,informative,1
datasets,dependencies,1
datasets,proposed,1
datasets,meaningful,1
datasets,revealed,1
datasets,gcaru,1
datasets,probability,1
datasets,methodology,1
datasets,spatial,1
datasets,pubmed,1
datasets,sentiments,1
datasets,electron,1
datasets,information,1
datasets,evaluation,1
datasets,role,1
datasets,optimization,1
datasets,relationships,1
datasets,representation,1
datasets,represent,1
datasets,generative,1
datasets,embeddings,1
datasets,laplacian,1
datasets,topic,1
datasets,updated,1
datasets,global,1
datasets,local,1
datasets,deep,1
datasets,training,1
datasets,u-net,1
datasets,supervised,1
datasets,error,1
datasets,works,1
datasets,generate,1
datasets,showed,1
datasets,optimal,1
datasets,presentation,1
datasets,pooling,1
datasets,key,1
datasets,human,1
datasets,technique,1
datasets,prediction,1
datasets,factors,1
datasets,propagation,1
datasets,time,1
datasets,learn,1
datasets,neighbor,1
datasets,evolution,1
datasets,single-granular,1
datasets,optical,1
datasets,focus,1
datasets,desirable,1
datasets,modalities,1
datasets,high,1
datasets,module,1
datasets,representations,1
datasets,introduce,1
datasets,neural,1
datasets,expression,1
datasets,user,1
datasets,management,1
datasets,predict,1
datasets,feature,1
datasets,set,1
datasets,fully,1
datasets,tumor,1
datasets,target,1
datasets,studies,1
datasets,dense,1
datasets,recognition,1
datasets,identify,1
datasets,multiple,1
datasets,ternary,1
datasets,trend,1
datasets,sparsity,1
datasets,faces,1
datasets,recent,1
datasets,static,1
datasets,gene,1
datasets,surface,1
datasets,significant,1
datasets,immune,1
datasets,knowledge,1
datasets,temporal,1
datasets,identification,1
datasets,predicting,1
datasets,number,1
datasets,validate,1
datasets,gat,1
datasets,spatial-temporal,1
datasets,single,1
datasets,interaction,1
datasets,layers,1
datasets,task,1
datasets,energy,1
datasets,step,1
datasets,machine,1
datasets,traffic,1
datasets,synthetic,1
datasets,real,1
datasets,visual,1
datasets,layouts,1
datasets,remote,1
datasets,parameters,1
datasets,rgb,1
datasets,improved,1
datasets,show,1
datasets,large,1
datasets,processing,1
datasets,previous,1
datasets,pairs,1
datasets,employed,1
datasets,include,1
datasets,learns,1
datasets,embedding,1
datasets,effective,1
datasets,structural,1
datasets,success,1
datasets,variation,1
datasets,identifying,1
datasets,important,1
datasets,reactions,1
datasets,memory,1
datasets,unit,1
datasets,gated,1
datasets,patterns,1
datasets,field,1
datasets,great,1
datasets,light,1
datasets,functions,1
datasets,targets,1
datasets,multi-scale,1
datasets,utilization,1
datasets,structures,1
datasets,neighbors,1
datasets,part,1
datasets,progress,1
datasets,video,1
datasets,focuses,1
datasets,traditional,1
datasets,stability,1
datasets,sample,1
datasets,designed,1
datasets,diffusion,1
datasets,tree,1
datasets,motion,1
datasets,types,1
datasets,protein,1
datasets,point,1
datasets,reported,1
datasets,remarkable,1
data,drug-drug,1
data,paper,1
data,named,1
data,method,1
data,methods,1
data,intuitively,1
data,inferred,1
data,wide,1
data,specifically,1
data,demonstrates,1
data,dual,1
data,interacts,1
data,structure,1
data,input,1
data,existing,1
data,ignore,1
data,graph,1
data,low-pass,1
data,metal,1
data,nitride,1
data,present,1
data,literature,1
data,rarely,1
data,extract,1
data,published,1
data,generally,1
data,increasing,1
data,reduced,1
data,gap,1
data,developed,1
data,independently,1
data,differently,1
data,explicitly,1
data,obtained,1
data,generated,1
data,systems,1
data,network,1
data,standards,1
data,networks,1
data,noise,1
data,extracting,1
data,rna,1
data,tcga,1
data,proposes,1
data,models,1
data,result,1
data,pharmacological,1
data,efficient,1
data,three-dimensional,1
data,problem,1
data,node,1
data,performance,1
data,limited,1
data,fast,1
data,real-world,1
data,dempster-shafer,1
data,thousands,1
data,hours,1
data,owing,1
data,propose,1
data,roads,1
data,tasks,1
data,utilized,1
data,determination,1
data,process,1
data,seoul,1
data,proteins,1
data,encoded,1
data,time-consuming,1
data,experimental,1
data,elsevier,1
data,liquid,1
data,work,1
data,graphitic,1
data,gcn,1
data,granger,1
data,nodes,1
data,established,1
data,mixed,1
data,excellent,1
data,similar,1
data,smoothing,1
data,perform,1
data,households,1
data,study,1
data,strategy,1
data,presents,1
data,viable,1
data,outperform,1
data,string,1
data,descriptor,1
data,explore,1
data,sgc,1
data,u-shaped,1
data,samples,1
data,research,1
data,pressure,1
data,f-score,1
data,graphs,1
data,requirement,1
data,numerous,1
data,separation,1
data,sets,1
data,simultaneously,1
data,markers,1
data,holes,1
data,resulting,1
data,investigations,1
data,sciences,1
data,plant,1
data,transformers,1
data,harmful,1
data,videos,1
data,features,1
data,years,1
data,language,1
data,theory,1
data,leading,1
data,rely,1
data,decisions,1
data,heavily,1
data,gps,1
data,obu,1
data,material,1
data,gcns,1
data,relation,1
data,relations,1
data,typically,1
data,firstly,1
data,understanding,1
data,imdb,1
data,kitti,1
data,heterogeneous,1
data,model,1
data,due,1
data,sites,1
data,points,1
data,efficiency,1
data,improve,1
data,ethereum,1
data,lstm,1
data,smiles,1
data,technologies,1
data,svm,1
data,knn,1
data,softmax,1
data,formed,1
data,euclidean,1
data,patients,1
data,patient,1
data,similarity,1
data,fourier,1
data,initiative,1
data,pca,1
data,decades,1
data,recently,1
data,molecules,1
data,molecule,1
data,ntu,1
data,edges,1
data,unsupervised,1
data,matthews,1
data,secure,1
data,nlp,1
data,words,1
data,transformer,1
data,system,1
data,water,1
data,datasets,1
data,effectively,1
data,surge,1
data,data-driven,1
data,kinetics,1
data,dft,1
data,skeleton,1
data,framework,1
data,vehicle,1
data,guided,1
data,end,1
data,layer,1
data,results,1
data,learning,1
data,subgraph,1
data,ftir,1
data,xps,1
data,pose,1
data,skeleton-based,1
data,euler,1
data,skeletongait,1
data,graph-based,1
data,informative,1
data,dependencies,1
data,proposed,1
data,meaningful,1
data,revealed,1
data,gcaru,1
data,probability,1
data,methodology,1
data,spatial,1
data,pubmed,1
data,sentiments,1
data,electron,1
data,information,1
data,evaluation,1
data,role,1
data,mcc,1
data,optimization,1
data,relationships,1
data,representation,1
data,represent,1
data,generative,1
data,unifying,1
data,embeddings,1
data,laplacian,1
data,topic,1
data,updated,1
data,global,1
data,local,1
data,deep,1
data,training,1
data,u-net,1
data,supervised,1
data,error,1
data,works,1
data,generate,1
data,showed,1
data,optimal,1
data,presentation,1
data,pooling,1
data,dataset,1
data,key,1
data,human,1
data,technique,1
data,prediction,1
data,factors,1
data,propagation,1
data,time,1
data,learn,1
data,neighbor,1
data,evolution,1
data,optical,1
data,focus,1
data,desirable,1
data,modalities,1
data,high,1
data,module,1
data,representations,1
data,introduce,1
data,neural,1
data,expression,1
data,user,1
data,management,1
data,predict,1
data,feature,1
data,set,1
data,fully,1
data,tumor,1
data,target,1
data,studies,1
data,dense,1
data,recognition,1
data,identify,1
data,multiple,1
data,ternary,1
data,trend,1
data,sparsity,1
data,faces,1
data,recent,1
data,static,1
data,gene,1
data,surface,1
data,significant,1
data,immune,1
data,knowledge,1
data,temporal,1
data,identification,1
data,predicting,1
data,number,1
data,validate,1
data,gat,1
data,spatial-temporal,1
data,single,1
data,interaction,1
data,layers,1
data,task,1
data,energy,1
data,step,1
data,machine,1
data,traffic,1
data,synthetic,1
data,real,1
data,visual,1
data,layouts,1
data,remote,1
data,parameters,1
data,rgb,1
data,improved,1
data,show,1
data,large,1
data,processing,1
data,previous,1
data,pairs,1
data,employed,1
data,include,1
data,learns,1
data,embedding,1
data,effective,1
data,structural,1
data,success,1
data,variation,1
data,identifying,1
data,important,1
data,reactions,1
data,memory,1
data,unit,1
data,gated,1
data,patterns,1
data,field,1
data,great,1
data,light,1
data,functions,1
data,targets,1
data,multi-scale,1
data,utilization,1
data,structures,1
data,neighbors,1
data,part,1
data,progress,1
data,video,1
data,focuses,1
data,traditional,1
data,stability,1
data,sample,1
data,designed,1
data,pollutants,1
data,diffusion,1
data,tree,1
data,motion,1
data,types,1
data,protein,1
data,point,1
data,reported,1
data,remarkable,1
nanosized,nitride,1
nanosized,result,1
nanosized,nitrogen-rich,1
nanosized,tubes,1
nanosized,work,1
nanosized,strategy,1
nanosized,separation,1
nanosized,water,1
nanosized,splitting,1
nanosized,photocatalytic,1
effectively,paper,1
effectively,named,1
effectively,method,1
effectively,methods,1
effectively,intuitively,1
effectively,wide,1
effectively,specifically,1
effectively,structure,1
effectively,input,1
effectively,existing,1
effectively,ignore,1
effectively,graph,1
effectively,metal,1
effectively,nitride,1
effectively,present,1
effectively,literature,1
effectively,rarely,1
effectively,extract,1
effectively,published,1
effectively,generally,1
effectively,increasing,1
effectively,reduced,1
effectively,gap,1
effectively,independently,1
effectively,explicitly,1
effectively,obtained,1
effectively,generated,1
effectively,systems,1
effectively,network,1
effectively,standards,1
effectively,networks,1
effectively,noise,1
effectively,extracting,1
effectively,tcga,1
effectively,proposes,1
effectively,models,1
effectively,result,1
effectively,pharmacological,1
effectively,efficient,1
effectively,three-dimensional,1
effectively,problem,1
effectively,node,1
effectively,performance,1
effectively,limited,1
effectively,fast,1
effectively,recombination,1
effectively,real-world,1
effectively,owing,1
effectively,propose,1
effectively,roads,1
effectively,tasks,1
effectively,utilized,1
effectively,process,1
effectively,proteins,1
effectively,time-consuming,1
effectively,experimental,1
effectively,elsevier,1
effectively,heterojunction,1
effectively,liquid,1
effectively,work,1
effectively,graphitic,1
effectively,gcn,1
effectively,nodes,1
effectively,established,1
effectively,mixed,1
effectively,excellent,1
effectively,similar,1
effectively,smoothing,1
effectively,perform,1
effectively,study,1
effectively,strategy,1
effectively,presents,1
effectively,outperform,1
effectively,explore,1
effectively,u-shaped,1
effectively,samples,1
effectively,research,1
effectively,pressure,1
effectively,f-score,1
effectively,graphs,1
effectively,requirement,1
effectively,numerous,1
effectively,separation,1
effectively,sets,1
effectively,simultaneously,1
effectively,markers,1
effectively,holes,1
effectively,resulting,1
effectively,photocatalyst,1
effectively,plant,1
effectively,transformers,1
effectively,harmful,1
effectively,videos,1
effectively,features,1
effectively,years,1
effectively,language,1
effectively,theory,1
effectively,leading,1
effectively,rely,1
effectively,heavily,1
effectively,hemisphere,1
effectively,gps,1
effectively,obu,1
effectively,material,1
effectively,gcns,1
effectively,relation,1
effectively,relations,1
effectively,typically,1
effectively,firstly,1
effectively,understanding,1
effectively,heterogeneous,1
effectively,model,1
effectively,sites,1
effectively,points,1
effectively,efficiency,1
effectively,improve,1
effectively,lstm,1
effectively,technologies,1
effectively,svm,1
effectively,knn,1
effectively,softmax,1
effectively,formed,1
effectively,escherichia,1
effectively,euclidean,1
effectively,patients,1
effectively,patient,1
effectively,similarity,1
effectively,rnas,1
effectively,fourier,1
effectively,initiative,1
effectively,pca,1
effectively,recently,1
effectively,molecule,1
effectively,ntu,1
effectively,unsupervised,1
effectively,nlp,1
effectively,words,1
effectively,transformer,1
effectively,system,1
effectively,water,1
effectively,surge,1
effectively,kinetics,1
effectively,skeleton,1
effectively,framework,1
effectively,vehicle,1
effectively,guided,1
effectively,end,1
effectively,layer,1
effectively,results,1
effectively,learning,1
effectively,subgraph,1
effectively,ftir,1
effectively,xps,1
effectively,pose,1
effectively,skeleton-based,1
effectively,graph-based,1
effectively,proposed,1
effectively,meaningful,1
effectively,revealed,1
effectively,gcaru,1
effectively,probability,1
effectively,methodology,1
effectively,spatial,1
effectively,sentiments,1
effectively,electron,1
effectively,information,1
effectively,evaluation,1
effectively,role,1
effectively,optimization,1
effectively,relationships,1
effectively,representation,1
effectively,represent,1
effectively,generative,1
effectively,embeddings,1
effectively,topic,1
effectively,updated,1
effectively,global,1
effectively,local,1
effectively,training,1
effectively,u-net,1
effectively,supervised,1
effectively,error,1
effectively,works,1
effectively,generate,1
effectively,showed,1
effectively,optimal,1
effectively,pooling,1
effectively,key,1
effectively,human,1
effectively,technique,1
effectively,prediction,1
effectively,factors,1
effectively,propagation,1
effectively,time,1
effectively,learn,1
effectively,neighbor,1
effectively,evolution,1
effectively,optical,1
effectively,focus,1
effectively,modalities,1
effectively,high,1
effectively,module,1
effectively,representations,1
effectively,introduce,1
effectively,neural,1
effectively,expression,1
effectively,user,1
effectively,management,1
effectively,predict,1
effectively,feature,1
effectively,set,1
effectively,fully,1
effectively,tumor,1
effectively,target,1
effectively,studies,1
effectively,recognition,1
effectively,identify,1
effectively,multiple,1
effectively,ternary,1
effectively,trend,1
effectively,sparsity,1
effectively,faces,1
effectively,recent,1
effectively,static,1
effectively,gene,1
effectively,surface,1
effectively,significant,1
effectively,knowledge,1
effectively,temporal,1
effectively,identification,1
effectively,predicting,1
effectively,number,1
effectively,validate,1
effectively,gat,1
effectively,spatial-temporal,1
effectively,single,1
effectively,interaction,1
effectively,layers,1
effectively,task,1
effectively,energy,1
effectively,step,1
effectively,machine,1
effectively,traffic,1
effectively,synthetic,1
effectively,real,1
effectively,visual,1
effectively,layouts,1
effectively,remote,1
effectively,parameters,1
effectively,rgb,1
effectively,improved,1
effectively,show,1
effectively,large,1
effectively,processing,1
effectively,previous,1
effectively,pairs,1
effectively,employed,1
effectively,include,1
effectively,learns,1
effectively,embedding,1
effectively,photocatalytic,1
effectively,structural,1
effectively,success,1
effectively,variation,1
effectively,identifying,1
effectively,important,1
effectively,memory,1
effectively,unit,1
effectively,gated,1
effectively,patterns,1
effectively,field,1
effectively,great,1
effectively,light,1
effectively,functions,1
effectively,targets,1
effectively,multi-scale,1
effectively,utilization,1
effectively,structures,1
effectively,neighbors,1
effectively,part,1
effectively,progress,1
effectively,video,1
effectively,focuses,1
effectively,traditional,1
effectively,stability,1
effectively,sample,1
effectively,pollutants,1
effectively,tree,1
effectively,motion,1
effectively,types,1
effectively,protein,1
effectively,point,1
effectively,reported,1
effectively,remarkable,1
surge,wide,1
surge,systems,1
surge,tasks,1
surge,work,1
surge,years,1
surge,understanding,1
surge,unsupervised,1
surge,unifying,1
surge,updated,1
surge,temporal,1
surge,validate,1
surge,task,1
surge,traffic,1
surge,visual,1
data-driven,paper,1
data-driven,method,1
data-driven,methods,1
data-driven,wide,1
data-driven,specifically,1
data-driven,dual,1
data-driven,structure,1
data-driven,input,1
data-driven,existing,1
data-driven,graph,1
data-driven,rarely,1
data-driven,extract,1
data-driven,increasing,1
data-driven,developed,1
data-driven,obtained,1
data-driven,generated,1
data-driven,systems,1
data-driven,network,1
data-driven,networks,1
data-driven,extracting,1
data-driven,proposes,1
data-driven,models,1
data-driven,efficient,1
data-driven,problem,1
data-driven,node,1
data-driven,performance,1
data-driven,limited,1
data-driven,fast,1
data-driven,real-world,1
data-driven,propose,1
data-driven,tasks,1
data-driven,utilized,1
data-driven,process,1
data-driven,time-consuming,1
data-driven,experimental,1
data-driven,work,1
data-driven,gcn,1
data-driven,nodes,1
data-driven,established,1
data-driven,similar,1
data-driven,study,1
data-driven,strategy,1
data-driven,presents,1
data-driven,explore,1
data-driven,research,1
data-driven,graphs,1
data-driven,requirement,1
data-driven,simultaneously,1
data-driven,features,1
data-driven,years,1
data-driven,gcns,1
data-driven,relations,1
data-driven,firstly,1
data-driven,heterogeneous,1
data-driven,model,1
data-driven,due,1
data-driven,points,1
data-driven,efficiency,1
data-driven,improve,1
data-driven,lstm,1
data-driven,smiles,1
data-driven,patients,1
data-driven,molecules,1
data-driven,edges,1
data-driven,unsupervised,1
data-driven,secure,1
data-driven,transformer,1
data-driven,system,1
data-driven,water,1
data-driven,datasets,1
data-driven,effectively,1
data-driven,surge,1
data-driven,framework,1
data-driven,end,1
data-driven,layer,1
data-driven,results,1
data-driven,learning,1
data-driven,graph-based,1
data-driven,dependencies,1
data-driven,proposed,1
data-driven,spatial,1
data-driven,information,1
data-driven,evaluation,1
data-driven,role,1
data-driven,optimization,1
data-driven,relationships,1
data-driven,representation,1
data-driven,represent,1
data-driven,generative,1
data-driven,embeddings,1
data-driven,global,1
data-driven,local,1
data-driven,deep,1
data-driven,training,1
data-driven,supervised,1
data-driven,error,1
data-driven,generate,1
data-driven,showed,1
data-driven,pooling,1
data-driven,dataset,1
data-driven,human,1
data-driven,technique,1
data-driven,prediction,1
data-driven,factors,1
data-driven,propagation,1
data-driven,time,1
data-driven,learn,1
data-driven,evolution,1
data-driven,focus,1
data-driven,modalities,1
data-driven,high,1
data-driven,module,1
data-driven,representations,1
data-driven,introduce,1
data-driven,neural,1
data-driven,management,1
data-driven,predict,1
data-driven,feature,1
data-driven,fully,1
data-driven,target,1
data-driven,studies,1
data-driven,recognition,1
data-driven,identify,1
data-driven,multiple,1
data-driven,recent,1
data-driven,significant,1
data-driven,knowledge,1
data-driven,temporal,1
data-driven,identification,1
data-driven,predicting,1
data-driven,number,1
data-driven,validate,1
data-driven,spatial-temporal,1
data-driven,single,1
data-driven,task,1
data-driven,machine,1
data-driven,traffic,1
data-driven,parameters,1
data-driven,improved,1
data-driven,show,1
data-driven,large,1
data-driven,processing,1
data-driven,employed,1
data-driven,embedding,1
data-driven,effective,1
data-driven,structural,1
data-driven,important,1
data-driven,memory,1
data-driven,unit,1
data-driven,gated,1
data-driven,patterns,1
data-driven,field,1
data-driven,great,1
data-driven,structures,1
data-driven,neighbors,1
data-driven,part,1
data-driven,traditional,1
data-driven,stability,1
data-driven,designed,1
data-driven,types,1
data-driven,point,1
kinetics,paper,1
kinetics,method,1
kinetics,methods,1
kinetics,wide,1
kinetics,structure,1
kinetics,metal,1
kinetics,nitride,1
kinetics,present,1
kinetics,published,1
kinetics,reduced,1
kinetics,obtained,1
kinetics,systems,1
kinetics,network,1
kinetics,standards,1
kinetics,networks,1
kinetics,rna,1
kinetics,models,1
kinetics,result,1
kinetics,pharmacological,1
kinetics,problem,1
kinetics,node,1
kinetics,performance,1
kinetics,limited,1
kinetics,recombination,1
kinetics,real-world,1
kinetics,propose,1
kinetics,tasks,1
kinetics,process,1
kinetics,work,1
kinetics,nodes,1
kinetics,similar,1
kinetics,perform,1
kinetics,study,1
kinetics,presents,1
kinetics,samples,1
kinetics,research,1
kinetics,requirement,1
kinetics,separation,1
kinetics,sets,1
kinetics,simultaneously,1
kinetics,resulting,1
kinetics,photocatalyst,1
kinetics,videos,1
kinetics,years,1
kinetics,theory,1
kinetics,leading,1
kinetics,rely,1
kinetics,material,1
kinetics,relation,1
kinetics,relations,1
kinetics,model,1
kinetics,sites,1
kinetics,points,1
kinetics,lstm,1
kinetics,softmax,1
kinetics,recently,1
kinetics,molecules,1
kinetics,ntu,1
kinetics,transformer,1
kinetics,system,1
kinetics,water,1
kinetics,skeleton,1
kinetics,layer,1
kinetics,results,1
kinetics,learning,1
kinetics,xps,1
kinetics,pose,1
kinetics,skeleton-based,1
kinetics,proposed,1
kinetics,revealed,1
kinetics,spatial,1
kinetics,role,1
kinetics,representation,1
kinetics,topic,1
kinetics,local,1
kinetics,training,1
kinetics,showed,1
kinetics,optimal,1
kinetics,pooling,1
kinetics,technique,1
kinetics,propagation,1
kinetics,time,1
kinetics,learn,1
kinetics,optical,1
kinetics,module,1
kinetics,neural,1
kinetics,predict,1
kinetics,set,1
kinetics,studies,1
kinetics,recognition,1
kinetics,multiple,1
kinetics,recent,1
kinetics,surface,1
kinetics,significant,1
kinetics,knowledge,1
kinetics,temporal,1
kinetics,validate,1
kinetics,spatial-temporal,1
kinetics,single,1
kinetics,layers,1
kinetics,machine,1
kinetics,real,1
kinetics,visual,1
kinetics,parameters,1
kinetics,rgb,1
kinetics,show,1
kinetics,large,1
kinetics,previous,1
kinetics,pairs,1
kinetics,photocatalytic,1
kinetics,structural,1
kinetics,success,1
kinetics,unit,1
kinetics,light,1
kinetics,multi-scale,1
kinetics,utilization,1
kinetics,structures,1
kinetics,video,1
kinetics,traditional,1
kinetics,stability,1
kinetics,pollutants,1
kinetics,motion,1
kinetics,protein,1
kinetics,point,1
kinetics,remarkable,1
dft,method,1
dft,specifically,1
dft,dual,1
dft,structure,1
dft,graph,1
dft,metal,1
dft,nitride,1
dft,present,1
dft,rarely,1
dft,published,1
dft,gap,1
dft,obtained,1
dft,systems,1
dft,network,1
dft,efficient,1
dft,performance,1
dft,fast,1
dft,recombination,1
dft,utilized,1
dft,process,1
dft,experimental,1
dft,heterojunction,1
dft,work,1
dft,graphitic,1
dft,gcn,1
dft,excellent,1
dft,study,1
dft,numerous,1
dft,separation,1
dft,sets,1
dft,holes,1
dft,photocatalyst,1
dft,theory,1
dft,gcns,1
dft,due,1
dft,sites,1
dft,svm,1
dft,molecule,1
dft,water,1
dft,effectively,1
dft,framework,1
dft,results,1
dft,learning,1
dft,proposed,1
dft,methodology,1
dft,spatial,1
dft,electron,1
dft,information,1
dft,role,1
dft,local,1
dft,training,1
dft,error,1
dft,showed,1
dft,prediction,1
dft,learn,1
dft,neighbor,1
dft,evolution,1
dft,high,1
dft,introduce,1
dft,predict,1
dft,feature,1
dft,fully,1
dft,studies,1
dft,surface,1
dft,number,1
dft,interaction,1
dft,layers,1
dft,task,1
dft,energy,1
dft,step,1
dft,machine,1
dft,improved,1
dft,large,1
dft,previous,1
dft,effective,1
dft,photocatalytic,1
dft,structural,1
dft,field,1
dft,great,1
dft,light,1
dft,functions,1
dft,structures,1
dft,stability,1
dft,sample,1
dft,types,1
dft,point,1
dft,reported,1
skeleton,wide,1
skeleton,specifically,1
skeleton,structure,1
skeleton,systems,1
skeleton,tasks,1
skeleton,utilized,1
skeleton,time-consuming,1
skeleton,work,1
skeleton,study,1
skeleton,strategy,1
skeleton,u-shaped,1
skeleton,transformers,1
skeleton,videos,1
skeleton,years,1
skeleton,typically,1
skeleton,understanding,1
skeleton,technologies,1
skeleton,softmax,1
skeleton,transformer,1
skeleton,system,1
skeleton,water,1
skeleton,subgraph,1
skeleton,skeleton-based,1
skeleton,skeletongait,1
skeleton,spatial,1
skeleton,topic,1
skeleton,training,1
skeleton,u-net,1
skeleton,supervised,1
skeleton,works,1
skeleton,technique,1
skeleton,time,1
skeleton,user,1
skeleton,target,1
skeleton,studies,1
skeleton,ternary,1
skeleton,trend,1
skeleton,static,1
skeleton,temporal,1
skeleton,validate,1
skeleton,spatial-temporal,1
skeleton,task,1
skeleton,step,1
skeleton,traffic,1
skeleton,visual,1
skeleton,structural,1
skeleton,success,1
skeleton,variation,1
skeleton,unit,1
skeleton,targets,1
skeleton,utilization,1
skeleton,structures,1
skeleton,video,1
skeleton,traditional,1
skeleton,stability,1
skeleton,tree,1
skeleton,types,1
canadian,method,1
canadian,methods,1
canadian,specifically,1
canadian,demonstrates,1
canadian,structure,1
canadian,input,1
canadian,graph,1
canadian,systems,1
canadian,networks,1
canadian,models,1
canadian,efficient,1
canadian,problem,1
canadian,node,1
canadian,propose,1
canadian,tasks,1
canadian,process,1
canadian,experimental,1
canadian,work,1
canadian,gcn,1
canadian,study,1
canadian,explore,1
canadian,features,1
canadian,convolutional,1
canadian,model,1
canadian,due,1
canadian,efficiency,1
canadian,improve,1
canadian,ntu,1
canadian,system,1
canadian,datasets,1
canadian,data,1
canadian,results,1
canadian,learning,1
canadian,methodology,1
canadian,spatial,1
canadian,information,1
canadian,optimization,1
canadian,representation,1
canadian,topic,1
canadian,deep,1
canadian,works,1
canadian,capture,1
canadian,dataset,1
canadian,prediction,1
canadian,time,1
canadian,focus,1
canadian,management,1
canadian,complex,1
canadian,studies,1
canadian,recognition,1
canadian,challenges,1
canadian,multiple,1
canadian,faces,1
canadian,significant,1
canadian,temporal,1
canadian,validate,1
canadian,single,1
canadian,task,1
canadian,energy,1
canadian,show,1
canadian,previous,1
canadian,patterns,1
canadian,field,1
canadian,utilization,1
canadian,traditional,1
canadian,stability,1
canadian,types,1
framework,paper,1
framework,named,1
framework,method,1
framework,methods,1
framework,intuitively,1
framework,inferred,1
framework,wide,1
framework,specifically,1
framework,interacts,1
framework,structure,1
framework,input,1
framework,ignore,1
framework,graph,1
framework,metal,1
framework,nitride,1
framework,present,1
framework,literature,1
framework,published,1
framework,generally,1
framework,increasing,1
framework,reduced,1
framework,gap,1
framework,roofs,1
framework,independently,1
framework,obtained,1
framework,generated,1
framework,systems,1
framework,network,1
framework,networks,1
framework,noise,1
framework,gqa,1
framework,proposes,1
framework,models,1
framework,result,1
framework,pharmacological,1
framework,three-dimensional,1
framework,problem,1
framework,node,1
framework,performance,1
framework,limited,1
framework,recombination,1
framework,real-world,1
framework,thousands,1
framework,hours,1
framework,owing,1
framework,propose,1
framework,roads,1
framework,tasks,1
framework,utilized,1
framework,process,1
framework,seoul,1
framework,proteins,1
framework,time-consuming,1
framework,heterojunction,1
framework,work,1
framework,gcn,1
framework,nodes,1
framework,mixed,1
framework,similar,1
framework,smoothing,1
framework,perform,1
framework,households,1
framework,study,1
framework,strategy,1
framework,presents,1
framework,outperform,1
framework,sgc,1
framework,u-shaped,1
framework,samples,1
framework,research,1
framework,pressure,1
framework,graphs,1
framework,requirement,1
framework,numerous,1
framework,separation,1
framework,sets,1
framework,simultaneously,1
framework,markers,1
framework,holes,1
framework,resulting,1
framework,investigations,1
framework,plant,1
framework,transformers,1
framework,harmful,1
framework,videos,1
framework,years,1
framework,language,1
framework,theory,1
framework,leading,1
framework,rely,1
framework,heavily,1
framework,gps,1
framework,gcns,1
framework,relation,1
framework,relations,1
framework,typically,1
framework,understanding,1
framework,heterogeneous,1
framework,model,1
framework,sites,1
framework,points,1
framework,improve,1
framework,lstm,1
framework,technologies,1
framework,svm,1
framework,softmax,1
framework,patients,1
framework,patient,1
framework,similarity,1
framework,rnas,1
framework,initiative,1
framework,recently,1
framework,molecules,1
framework,molecule,1
framework,ntu,1
framework,unsupervised,1
framework,secure,1
framework,nlp,1
framework,words,1
framework,transformer,1
framework,system,1
framework,water,1
framework,wiki,1
framework,surge,1
framework,kinetics,1
framework,skeleton,1
framework,vehicle,1
framework,guided,1
framework,layer,1
framework,results,1
framework,learning,1
framework,subgraph,1
framework,xps,1
framework,pose,1
framework,skeleton-based,1
framework,graph-based,1
framework,informative,1
framework,proposed,1
framework,meaningful,1
framework,revealed,1
framework,probability,1
framework,methodology,1
framework,spatial,1
framework,pubmed,1
framework,sentiments,1
framework,information,1
framework,role,1
framework,optimization,1
framework,relationships,1
framework,representation,1
framework,represent,1
framework,generative,1
framework,unifying,1
framework,laplacian,1
framework,topic,1
framework,updated,1
framework,global,1
framework,local,1
framework,training,1
framework,supervised,1
framework,works,1
framework,generate,1
framework,showed,1
framework,optimal,1
framework,pooling,1
framework,key,1
framework,human,1
framework,technique,1
framework,prediction,1
framework,propagation,1
framework,time,1
framework,learn,1
framework,neighbor,1
framework,single-granular,1
framework,optical,1
framework,modalities,1
framework,high,1
framework,module,1
framework,representations,1
framework,introduce,1
framework,neural,1
framework,user,1
framework,management,1
framework,predict,1
framework,set,1
framework,fully,1
framework,tumor,1
framework,target,1
framework,studies,1
framework,recognition,1
framework,identify,1
framework,multiple,1
framework,trend,1
framework,sparsity,1
framework,recent,1
framework,static,1
framework,gene,1
framework,surface,1
framework,significant,1
framework,immune,1
framework,knowledge,1
framework,temporal,1
framework,identification,1
framework,predicting,1
framework,number,1
framework,validate,1
framework,gat,1
framework,spatial-temporal,1
framework,single,1
framework,interaction,1
framework,layers,1
framework,task,1
framework,step,1
framework,machine,1
framework,traffic,1
framework,synthetic,1
framework,real,1
framework,visual,1
framework,layouts,1
framework,remote,1
framework,parameters,1
framework,rgb,1
framework,improved,1
framework,show,1
framework,large,1
framework,processing,1
framework,previous,1
framework,pairs,1
framework,include,1
framework,learns,1
framework,photocatalytic,1
framework,structural,1
framework,success,1
framework,variation,1
framework,identifying,1
framework,important,1
framework,memory,1
framework,unit,1
framework,gated,1
framework,patterns,1
framework,great,1
framework,light,1
framework,functions,1
framework,targets,1
framework,multi-scale,1
framework,utilization,1
framework,structures,1
framework,neighbors,1
framework,part,1
framework,progress,1
framework,video,1
framework,traditional,1
framework,stability,1
framework,sample,1
framework,pollutants,1
framework,tree,1
framework,motion,1
framework,types,1
framework,protein,1
framework,point,1
framework,reported,1
framework,remarkable,1
vehicle,wide,1
vehicle,work,1
vehicle,videos,1
vehicle,works,1
vehicle,video,1
guided,paper,1
guided,method,1
guided,methods,1
guided,specifically,1
guided,structure,1
guided,input,1
guided,ignore,1
guided,present,1
guided,published,1
guided,increasing,1
guided,independently,1
guided,systems,1
guided,network,1
guided,networks,1
guided,noise,1
guided,proposes,1
guided,models,1
guided,problem,1
guided,node,1
guided,performance,1
guided,limited,1
guided,real-world,1
guided,propose,1
guided,tasks,1
guided,utilized,1
guided,process,1
guided,work,1
guided,nodes,1
guided,similar,1
guided,perform,1
guided,study,1
guided,strategy,1
guided,outperform,1
guided,samples,1
guided,research,1
guided,requirement,1
guided,numerous,1
guided,separation,1
guided,sets,1
guided,simultaneously,1
guided,language,1
guided,theory,1
guided,leading,1
guided,rely,1
guided,relation,1
guided,relations,1
guided,understanding,1
guided,model,1
guided,improve,1
guided,similarity,1
guided,recently,1
guided,unsupervised,1
guided,nlp,1
guided,words,1
guided,system,1
guided,layer,1
guided,results,1
guided,learning,1
guided,informative,1
guided,proposed,1
guided,meaningful,1
guided,probability,1
guided,spatial,1
guided,information,1
guided,optimization,1
guided,relationships,1
guided,representation,1
guided,local,1
guided,training,1
guided,supervised,1
guided,works,1
guided,showed,1
guided,optimal,1
guided,prediction,1
guided,propagation,1
guided,time,1
guided,learn,1
guided,neighbor,1
guided,modalities,1
guided,high,1
guided,module,1
guided,representations,1
guided,introduce,1
guided,neural,1
guided,user,1
guided,management,1
guided,predict,1
guided,target,1
guided,studies,1
guided,identify,1
guided,recent,1
guided,significant,1
guided,knowledge,1
guided,temporal,1
guided,number,1
guided,validate,1
guided,single,1
guided,interaction,1
guided,layers,1
guided,task,1
guided,step,1
guided,traffic,1
guided,real,1
guided,visual,1
guided,show,1
guided,processing,1
guided,previous,1
guided,pairs,1
guided,structural,1
guided,patterns,1
guided,stability,1
guided,tree,1
guided,types,1
guided,point,1
guided,remarkable,1
end,paper,1
end,named,1
end,method,1
end,methods,1
end,intuitively,1
end,inferred,1
end,wide,1
end,specifically,1
end,structure,1
end,input,1
end,existing,1
end,ignore,1
end,graph,1
end,nitride,1
end,present,1
end,extract,1
end,generally,1
end,increasing,1
end,reduced,1
end,gap,1
end,independently,1
end,obtained,1
end,generated,1
end,systems,1
end,network,1
end,standards,1
end,networks,1
end,noise,1
end,extracting,1
end,models,1
end,result,1
end,problem,1
end,node,1
end,performance,1
end,limited,1
end,real-world,1
end,propose,1
end,tasks,1
end,utilized,1
end,process,1
end,proteins,1
end,time-consuming,1
end,experimental,1
end,work,1
end,graphitic,1
end,gcn,1
end,nodes,1
end,mixed,1
end,excellent,1
end,perform,1
end,study,1
end,strategy,1
end,presents,1
end,viable,1
end,explore,1
end,u-shaped,1
end,samples,1
end,research,1
end,pressure,1
end,graphs,1
end,numerous,1
end,separation,1
end,sets,1
end,simultaneously,1
end,resulting,1
end,photocatalyst,1
end,videos,1
end,features,1
end,years,1
end,language,1
end,rely,1
end,gps,1
end,material,1
end,gcns,1
end,relation,1
end,relations,1
end,firstly,1
end,understanding,1
end,heterogeneous,1
end,model,1
end,sites,1
end,points,1
end,improve,1
end,lstm,1
end,smiles,1
end,patients,1
end,similarity,1
end,recently,1
end,fixation,1
end,unsupervised,1
end,matthews,1
end,transformer,1
end,system,1
end,framework,1
end,guided,1
end,layer,1
end,results,1
end,learning,1
end,subgraph,1
end,pose,1
end,skeleton-based,1
end,graph-based,1
end,proposed,1
end,revealed,1
end,probability,1
end,methodology,1
end,spatial,1
end,information,1
end,evaluation,1
end,role,1
end,optimization,1
end,relationships,1
end,representation,1
end,represent,1
end,generative,1
end,global,1
end,local,1
end,training,1
end,u-net,1
end,error,1
end,works,1
end,generate,1
end,showed,1
end,optimal,1
end,pooling,1
end,human,1
end,technique,1
end,prediction,1
end,factors,1
end,propagation,1
end,time,1
end,learn,1
end,neighbor,1
end,evolution,1
end,optical,1
end,focus,1
end,modalities,1
end,high,1
end,module,1
end,representations,1
end,introduce,1
end,neural,1
end,expression,1
end,user,1
end,management,1
end,predict,1
end,feature,1
end,fully,1
end,target,1
end,studies,1
end,recognition,1
end,identify,1
end,multiple,1
end,trend,1
end,sparsity,1
end,recent,1
end,gene,1
end,surface,1
end,significant,1
end,immune,1
end,knowledge,1
end,temporal,1
end,identification,1
end,predicting,1
end,number,1
end,validate,1
end,spatial-temporal,1
end,single,1
end,interaction,1
end,layers,1
end,task,1
end,energy,1
end,machine,1
end,traffic,1
end,synthetic,1
end,real,1
end,visual,1
end,remote,1
end,parameters,1
end,rgb,1
end,improved,1
end,show,1
end,large,1
end,processing,1
end,previous,1
end,learns,1
end,photocatalytic,1
end,structural,1
end,success,1
end,important,1
end,reactions,1
end,memory,1
end,patterns,1
end,field,1
end,great,1
end,light,1
end,multi-scale,1
end,utilization,1
end,structures,1
end,neighbors,1
end,progress,1
end,video,1
end,focuses,1
end,traditional,1
end,stability,1
end,sample,1
end,motion,1
end,types,1
end,protein,1
end,point,1
end,reported,1
end,remarkable,1
layer,paper,1
layer,named,1
layer,method,1
layer,methods,1
layer,wide,1
layer,specifically,1
layer,structure,1
layer,nitride,1
layer,present,1
layer,literature,1
layer,rarely,1
layer,published,1
layer,reduced,1
layer,obtained,1
layer,systems,1
layer,network,1
layer,networks,1
layer,noise,1
layer,tcga,1
layer,pei-gcn,1
layer,proposes,1
layer,membranes,1
layer,models,1
layer,result,1
layer,three-dimensional,1
layer,problem,1
layer,node,1
layer,performance,1
layer,limited,1
layer,real-world,1
layer,owing,1
layer,propose,1
layer,roads,1
layer,tasks,1
layer,utilized,1
layer,process,1
layer,proteins,1
layer,time-consuming,1
layer,work,1
layer,nodes,1
layer,mixed,1
layer,similar,1
layer,perform,1
layer,study,1
layer,strategy,1
layer,presents,1
layer,outperform,1
layer,sgc,1
layer,samples,1
layer,research,1
layer,pressure,1
layer,requirement,1
layer,numerous,1
layer,separation,1
layer,sets,1
layer,simultaneously,1
layer,resulting,1
layer,photocatalyst,1
layer,transformers,1
layer,videos,1
layer,years,1
layer,leading,1
layer,rely,1
layer,material,1
layer,relation,1
layer,relations,1
layer,typically,1
layer,understanding,1
layer,model,1
layer,points,1
layer,lstm,1
layer,smiles,1
layer,technologies,1
layer,softmax,1
layer,patients,1
layer,patient,1
layer,similarity,1
layer,rnas,1
layer,recently,1
layer,molecules,1
layer,molecule,1
layer,ntu,1
layer,unsupervised,1
layer,nlp,1
layer,words,1
layer,transformer,1
layer,system,1
layer,skeleton,1
layer,vehicle,1
layer,results,1
layer,learning,1
layer,pose,1
layer,skeleton-based,1
layer,proposed,1
layer,meaningful,1
layer,revealed,1
layer,methodology,1
layer,spatial,1
layer,pubmed,1
layer,role,1
layer,optimization,1
layer,relationships,1
layer,representation,1
layer,represent,1
layer,topic,1
layer,updated,1
layer,local,1
layer,training,1
layer,u-net,1
layer,supervised,1
layer,works,1
layer,showed,1
layer,optimal,1
layer,pooling,1
layer,technique,1
layer,prediction,1
layer,propagation,1
layer,time,1
layer,learn,1
layer,neighbor,1
layer,optical,1
layer,modalities,1
layer,module,1
layer,representations,1
layer,neural,1
layer,user,1
layer,management,1
layer,predict,1
layer,set,1
layer,tumor,1
layer,target,1
layer,studies,1
layer,recognition,1
layer,multiple,1
layer,trend,1
layer,sparsity,1
layer,recent,1
layer,static,1
layer,surface,1
layer,significant,1
layer,temporal,1
layer,predicting,1
layer,number,1
layer,validate,1
layer,spatial-temporal,1
layer,single,1
layer,layers,1
layer,task,1
layer,step,1
layer,machine,1
layer,traffic,1
layer,synthetic,1
layer,real,1
layer,visual,1
layer,remote,1
layer,parameters,1
layer,rgb,1
layer,show,1
layer,processing,1
layer,previous,1
layer,pairs,1
layer,learns,1
layer,photocatalytic,1
layer,structural,1
layer,success,1
layer,variation,1
layer,reactions,1
layer,memory,1
layer,unit,1
layer,patterns,1
layer,light,1
layer,targets,1
layer,multi-scale,1
layer,structures,1
layer,neighbors,1
layer,progress,1
layer,video,1
layer,traditional,1
layer,stability,1
layer,sample,1
layer,pollutants,1
layer,tree,1
layer,motion,1
layer,types,1
layer,protein,1
layer,point,1
layer,remarkable,1
results,wide,1
results,specifically,1
results,structure,1
results,water-splitting,1
results,systems,1
results,standards,1
results,rna,1
results,tcga,1
results,three-dimensional,1
results,thousands,1
results,roads,1
results,tasks,1
results,utilized,1
results,seoul,1
results,time-consuming,1
results,work,1
results,similar,1
results,smoothing,1
results,study,1
results,strategy,1
results,viable,1
results,string,1
results,sgc,1
results,u-shaped,1
results,samples,1
results,separation,1
results,topologically,1
results,wavelengths,1
results,sets,1
results,simultaneously,1
results,trypanosoma,1
results,sciences,1
results,transformers,1
results,videos,1
results,years,1
results,theory,1
results,typically,1
results,understanding,1
results,s-triazine,1
results,sites,1
results,smiles,1
results,technologies,1
results,svm,1
results,softmax,1
results,similarity,1
results,rnas,1
results,unsupervised,1
results,secure,1
results,words,1
results,transformer,1
results,system,1
results,water,1
results,wiki,1
results,surge,1
results,skeleton,1
results,vehicle,1
results,subgraph,1
results,xps,1
results,skeleton-based,1
results,skeletongait,1
results,revealed,1
results,spatial,1
results,sentiments,1
results,role,1
results,unifying,1
results,topic,1
results,updated,1
results,training,1
results,u-net,1
results,supervised,1
results,works,1
results,showed,1
results,technique,1
results,time,1
results,single-granular,1
results,user,1
results,set,1
results,tumor,1
results,target,1
results,studies,1
results,ternary,1
results,trend,1
results,sparsity,1
results,static,1
results,surface,1
results,significant,1
results,temporal,1
results,validate,1
results,spatial-temporal,1
results,single,1
results,task,1
results,step,1
results,traffic,1
results,synthetic,1
results,visual,1
results,splitting,1
results,rgb,1
results,show,1
results,structural,1
results,success,1
results,variation,1
results,unit,1
results,targets,1
results,utilization,1
results,structures,1
results,video,1
results,traditional,1
results,stability,1
results,sample,1
results,tree,1
results,types,1
learning,paper,1
learning,named,1
learning,method,1
learning,methods,1
learning,wide,1
learning,specifically,1
learning,structure,1
learning,low-pass,1
learning,metal,1
learning,present,1
learning,literature,1
learning,rarely,1
learning,published,1
learning,reduced,1
learning,roofs,1
learning,obtained,1
learning,systems,1
learning,network,1
learning,standards,1
learning,networks,1
learning,noise,1
learning,rna,1
learning,tcga,1
learning,proposes,1
learning,models,1
learning,result,1
learning,pharmacological,1
learning,three-dimensional,1
learning,problem,1
learning,node,1
learning,performance,1
learning,limited,1
learning,recombination,1
learning,real-world,1
learning,thousands,1
learning,owing,1
learning,propose,1
learning,roads,1
learning,tasks,1
learning,utilized,1
learning,process,1
learning,proteins,1
learning,time-consuming,1
learning,prohibitively,1
learning,psycholinguistic,1
learning,liquid,1
learning,work,1
learning,nodes,1
learning,mixed,1
learning,similar,1
learning,smoothing,1
learning,perform,1
learning,study,1
learning,strategy,1
learning,presents,1
learning,viable,1
learning,outperform,1
learning,string,1
learning,sgc,1
learning,u-shaped,1
learning,samples,1
learning,research,1
learning,pressure,1
learning,requirement,1
learning,numerous,1
learning,separation,1
learning,sets,1
learning,simultaneously,1
learning,markers,1
learning,resulting,1
learning,sciences,1
learning,transformers,1
learning,videos,1
learning,years,1
learning,theory,1
learning,rely,1
learning,obu,1
learning,material,1
learning,relation,1
learning,relations,1
learning,typically,1
learning,understanding,1
learning,mscoco,1
learning,model,1
learning,sites,1
learning,points,1
learning,lstm,1
learning,smiles,1
learning,technologies,1
learning,svm,1
learning,softmax,1
learning,patients,1
learning,patient,1
learning,similarity,1
learning,rnas,1
learning,pca,1
learning,recently,1
learning,molecules,1
learning,molecule,1
learning,ntu,1
learning,unsupervised,1
learning,matthews,1
learning,secure,1
learning,nlp,1
learning,words,1
learning,transformer,1
learning,system,1
learning,water,1
learning,wiki,1
learning,surge,1
learning,skeleton,1
learning,vehicle,1
learning,results,1
learning,subgraph,1
learning,pose,1
learning,skeleton-based,1
learning,proposed,1
learning,meaningful,1
learning,revealed,1
learning,probability,1
learning,methodology,1
learning,spatial,1
learning,pubmed,1
learning,sentiments,1
learning,role,1
learning,mcc,1
learning,optimization,1
learning,relationships,1
learning,representation,1
learning,represent,1
learning,unifying,1
learning,topic,1
learning,updated,1
learning,local,1
learning,training,1
learning,u-net,1
learning,supervised,1
learning,works,1
learning,showed,1
learning,optimal,1
learning,presentation,1
learning,pooling,1
learning,technique,1
learning,prediction,1
learning,propagation,1
learning,time,1
learning,neighbor,1
learning,single-granular,1
learning,optical,1
learning,modalities,1
learning,module,1
learning,representations,1
learning,neural,1
learning,user,1
learning,management,1
learning,predict,1
learning,set,1
learning,tumor,1
learning,target,1
learning,studies,1
learning,recognition,1
learning,multiple,1
learning,trend,1
learning,sparsity,1
learning,recent,1
learning,static,1
learning,surface,1
learning,significant,1
learning,temporal,1
learning,predicting,1
learning,number,1
learning,validate,1
learning,spatial-temporal,1
learning,single,1
learning,task,1
learning,step,1
learning,machine,1
learning,traffic,1
learning,synthetic,1
learning,real,1
learning,visual,1
learning,remote,1
learning,parameters,1
learning,rgb,1
learning,show,1
learning,processing,1
learning,previous,1
learning,pairs,1
learning,learns,1
learning,structural,1
learning,success,1
learning,variation,1
learning,reactions,1
learning,memory,1
learning,unit,1
learning,patterns,1
learning,light,1
learning,targets,1
learning,multi-scale,1
learning,utilization,1
learning,structures,1
learning,neighbors,1
learning,part,1
learning,progress,1
learning,video,1
learning,traditional,1
learning,stability,1
learning,sample,1
learning,pollutants,1
learning,tree,1
learning,motion,1
learning,types,1
learning,protein,1
learning,point,1
learning,reported,1
learning,remarkable,1
subgraph,tasks,1
subgraph,work,1
subgraph,videos,1
subgraph,typically,1
subgraph,words,1
subgraph,technique,1
subgraph,time,1
subgraph,temporal,1
subgraph,validate,1
subgraph,task,1
subgraph,traffic,1
subgraph,visual,1
subgraph,unit,1
subgraph,video,1
subgraph,traditional,1
subgraph,types,1
ftir,method,1
ftir,methods,1
ftir,structure,1
ftir,metal,1
ftir,nitride,1
ftir,present,1
ftir,published,1
ftir,reduced,1
ftir,obtained,1
ftir,membranes,1
ftir,performance,1
ftir,recombination,1
ftir,utilized,1
ftir,process,1
ftir,heterojunction,1
ftir,work,1
ftir,graphitic,1
ftir,gcn,1
ftir,study,1
ftir,strategy,1
ftir,presents,1
ftir,samples,1
ftir,research,1
ftir,separation,1
ftir,simultaneously,1
ftir,photocatalyst,1
ftir,material,1
ftir,understanding,1
ftir,heterogeneous,1
ftir,model,1
ftir,recently,1
ftir,water,1
ftir,layer,1
ftir,results,1
ftir,xps,1
ftir,revealed,1
ftir,methodology,1
ftir,showed,1
ftir,optical,1
ftir,high,1
ftir,studies,1
ftir,ternary,1
ftir,recent,1
ftir,surface,1
ftir,significant,1
ftir,interaction,1
ftir,parameters,1
ftir,improved,1
ftir,photocatalytic,1
ftir,variation,1
ftir,important,1
ftir,reactions,1
ftir,great,1
ftir,light,1
ftir,traditional,1
ftir,stability,1
ftir,sample,1
ftir,pollutants,1
xps,years,1
pose,wide,1
pose,specifically,1
pose,structure,1
pose,present,1
pose,rarely,1
pose,published,1
pose,reduced,1
pose,systems,1
pose,proposes,1
pose,result,1
pose,three-dimensional,1
pose,problem,1
pose,recombination,1
pose,real-world,1
pose,propose,1
pose,tasks,1
pose,utilized,1
pose,process,1
pose,work,1
pose,similar,1
pose,study,1
pose,strategy,1
pose,presents,1
pose,u-shaped,1
pose,samples,1
pose,research,1
pose,separation,1
pose,sets,1
pose,simultaneously,1
pose,transformers,1
pose,videos,1
pose,years,1
pose,rely,1
pose,relation,1
pose,relations,1
pose,typically,1
pose,understanding,1
pose,sites,1
pose,similarity,1
pose,recently,1
pose,unsupervised,1
pose,transformer,1
pose,system,1
pose,water,1
pose,skeleton,1
pose,results,1
pose,skeleton-based,1
pose,proposed,1
pose,revealed,1
pose,spatial,1
pose,role,1
pose,relationships,1
pose,representation,1
pose,represent,1
pose,topic,1
pose,training,1
pose,u-net,1
pose,supervised,1
pose,works,1
pose,showed,1
pose,technique,1
pose,prediction,1
pose,propagation,1
pose,time,1
pose,representations,1
pose,predict,1
pose,set,1
pose,target,1
pose,studies,1
pose,recognition,1
pose,recent,1
pose,static,1
pose,surface,1
pose,significant,1
pose,temporal,1
pose,predicting,1
pose,validate,1
pose,spatial-temporal,1
pose,single,1
pose,task,1
pose,step,1
pose,real,1
pose,visual,1
pose,remote,1
pose,rgb,1
pose,show,1
pose,processing,1
pose,previous,1
pose,structural,1
pose,success,1
pose,unit,1
pose,utilization,1
pose,structures,1
pose,progress,1
pose,video,1
pose,traditional,1
pose,stability,1
pose,sample,1
pose,tree,1
pose,types,1
pose,protein,1
pose,remarkable,1
skeleton-based,wide,1
skeleton-based,specifically,1
skeleton-based,structure,1
skeleton-based,systems,1
skeleton-based,tasks,1
skeleton-based,utilized,1
skeleton-based,work,1
skeleton-based,study,1
skeleton-based,strategy,1
skeleton-based,u-shaped,1
skeleton-based,videos,1
skeleton-based,years,1
skeleton-based,typically,1
skeleton-based,understanding,1
skeleton-based,softmax,1
skeleton-based,unsupervised,1
skeleton-based,transformer,1
skeleton-based,subgraph,1
skeleton-based,spatial,1
skeleton-based,topic,1
skeleton-based,training,1
skeleton-based,u-net,1
skeleton-based,supervised,1
skeleton-based,works,1
skeleton-based,technique,1
skeleton-based,time,1
skeleton-based,studies,1
skeleton-based,ternary,1
skeleton-based,trend,1
skeleton-based,temporal,1
skeleton-based,validate,1
skeleton-based,spatial-temporal,1
skeleton-based,task,1
skeleton-based,step,1
skeleton-based,traffic,1
skeleton-based,synthetic,1
skeleton-based,splitting,1
skeleton-based,structural,1
skeleton-based,success,1
skeleton-based,unit,1
skeleton-based,utilization,1
skeleton-based,structures,1
skeleton-based,video,1
skeleton-based,traditional,1
skeleton-based,tree,1
skeleton-based,types,1
algorithm,paper,1
algorithm,named,1
algorithm,method,1
algorithm,methods,1
algorithm,intuitively,1
algorithm,inferred,1
algorithm,wide,1
algorithm,specifically,1
algorithm,demonstrates,1
algorithm,structure,1
algorithm,input,1
algorithm,existing,1
algorithm,approaches,1
algorithm,ignore,1
algorithm,graph,1
algorithm,considered,1
algorithm,attributes,1
algorithm,metal,1
algorithm,present,1
algorithm,literature,1
algorithm,rarely,1
algorithm,extract,1
algorithm,published,1
algorithm,generally,1
algorithm,common,1
algorithm,increasing,1
algorithm,reduced,1
algorithm,gap,1
algorithm,developed,1
algorithm,cancers,1
algorithm,independently,1
algorithm,attention,1
algorithm,obtained,1
algorithm,generated,1
algorithm,systems,1
algorithm,network,1
algorithm,networks,1
algorithm,noise,1
algorithm,extracting,1
algorithm,rna,1
algorithm,proposes,1
algorithm,assist,1
algorithm,critical,1
algorithm,assessment,1
algorithm,applications,1
algorithm,models,1
algorithm,result,1
algorithm,beneficial,1
algorithm,efficient,1
algorithm,three-dimensional,1
algorithm,classification,1
algorithm,problem,1
algorithm,node,1
algorithm,performance,1
algorithm,limited,1
algorithm,fast,1
algorithm,real-world,1
algorithm,thousands,1
algorithm,hours,1
algorithm,owing,1
algorithm,propose,1
algorithm,roads,1
algorithm,tasks,1
algorithm,alternatively,1
algorithm,utilized,1
algorithm,process,1
algorithm,proteins,1
algorithm,encoded,1
algorithm,time-consuming,1
algorithm,experimental,1
algorithm,elsevier,1
algorithm,attack,1
algorithm,chemical,1
algorithm,work,1
algorithm,gcn,1
algorithm,nodes,1
algorithm,established,1
algorithm,mixed,1
algorithm,excellent,1
algorithm,capability,1
algorithm,similar,1
algorithm,smoothing,1
algorithm,perform,1
algorithm,study,1
algorithm,strategy,1
algorithm,presents,1
algorithm,outperform,1
algorithm,descriptor,1
algorithm,explore,1
algorithm,samples,1
algorithm,research,1
algorithm,pressure,1
algorithm,f-score,1
algorithm,auc,1
algorithm,graphs,1
algorithm,requirement,1
algorithm,numerous,1
algorithm,separation,1
algorithm,sets,1
algorithm,simultaneously,1
algorithm,area,1
algorithm,resulting,1
algorithm,investigations,1
algorithm,transformers,1
algorithm,videos,1
algorithm,features,1
algorithm,years,1
algorithm,language,1
algorithm,theory,1
algorithm,leading,1
algorithm,rely,1
algorithm,decisions,1
algorithm,heavily,1
algorithm,material,1
algorithm,gcns,1
algorithm,relation,1
algorithm,relations,1
algorithm,typically,1
algorithm,firstly,1
algorithm,understanding,1
algorithm,kitti,1
algorithm,convolutional,1
algorithm,mscoco,1
algorithm,heterogeneous,1
algorithm,model,1
algorithm,cnn,1
algorithm,due,1
algorithm,sites,1
algorithm,cloud,1
algorithm,points,1
algorithm,efficiency,1
algorithm,improve,1
algorithm,lstm,1
algorithm,bidirectional,1
algorithm,technologies,1
algorithm,svm,1
algorithm,knn,1
algorithm,euclidean,1
algorithm,patients,1
algorithm,patient,1
algorithm,similarity,1
algorithm,annotations,1
algorithm,rnas,1
algorithm,algorithms,1
algorithm,copy,1
algorithm,recently,1
algorithm,molecules,1
algorithm,edges,1
algorithm,unsupervised,1
algorithm,matthews,1
algorithm,nlp,1
algorithm,words,1
algorithm,transformer,1
algorithm,system,1
algorithm,wiki,1
algorithm,datasets,1
algorithm,data,1
algorithm,effectively,1
algorithm,dft,1
algorithm,skeleton,1
algorithm,framework,1
algorithm,vehicle,1
algorithm,guided,1
algorithm,end,1
algorithm,layer,1
algorithm,results,1
algorithm,learning,1
algorithm,subgraph,1
algorithm,pose,1
algorithm,skeleton-based,1
algorithm,graph-based,1
algorithm,informative,1
algorithm,dependencies,1
algorithm,proposed,1
algorithm,based,1
algorithm,conduct,1
algorithm,meaningful,1
algorithm,probability,1
algorithm,methodology,1
algorithm,spatial,1
algorithm,pubmed,1
algorithm,information,1
algorithm,evaluation,1
algorithm,role,1
algorithm,auroc,1
algorithm,optimization,1
algorithm,relationships,1
algorithm,representation,1
algorithm,represent,1
algorithm,generative,1
algorithm,embeddings,1
algorithm,laplacian,1
algorithm,topic,1
algorithm,updated,1
algorithm,global,1
algorithm,local,1
algorithm,deep,1
algorithm,training,1
algorithm,correlations,1
algorithm,supervised,1
algorithm,error,1
algorithm,works,1
algorithm,generate,1
algorithm,capture,1
algorithm,showed,1
algorithm,psf,1
algorithm,optimal,1
algorithm,pooling,1
algorithm,dataset,1
algorithm,key,1
algorithm,human,1
algorithm,technique,1
algorithm,prediction,1
algorithm,factors,1
algorithm,propagation,1
algorithm,time,1
algorithm,daily,1
algorithm,learn,1
algorithm,neighbor,1
algorithm,evolution,1
algorithm,single-granular,1
algorithm,approach,1
algorithm,focus,1
algorithm,modalities,1
algorithm,high,1
algorithm,module,1
algorithm,representations,1
algorithm,introduce,1
algorithm,neural,1
algorithm,expression,1
algorithm,user,1
algorithm,management,1
algorithm,predict,1
algorithm,feature,1
algorithm,set,1
algorithm,fully,1
algorithm,complex,1
algorithm,target,1
algorithm,studies,1
algorithm,dense,1
algorithm,recognition,1
algorithm,identify,1
algorithm,convolution,1
algorithm,challenges,1
algorithm,multiple,1
algorithm,trend,1
algorithm,sparsity,1
algorithm,faces,1
algorithm,recent,1
algorithm,static,1
algorithm,gene,1
algorithm,surface,1
algorithm,significant,1
algorithm,immune,1
algorithm,knowledge,1
algorithm,temporal,1
algorithm,identification,1
algorithm,predicting,1
algorithm,number,1
algorithm,validate,1
algorithm,gat,1
algorithm,spatial-temporal,1
algorithm,single,1
algorithm,interaction,1
algorithm,layers,1
algorithm,task,1
algorithm,challenging,1
algorithm,energy,1
algorithm,step,1
algorithm,machine,1
algorithm,traffic,1
algorithm,communication,1
algorithm,synthetic,1
algorithm,real,1
algorithm,visual,1
algorithm,cells,1
algorithm,remote,1
algorithm,analysis,1
algorithm,parameters,1
algorithm,improved,1
algorithm,show,1
algorithm,large,1
algorithm,processing,1
algorithm,conditions,1
algorithm,previous,1
algorithm,pairs,1
algorithm,employed,1
algorithm,include,1
algorithm,captures,1
algorithm,learns,1
algorithm,embedding,1
algorithm,effective,1
algorithm,structural,1
algorithm,success,1
algorithm,cases,1
algorithm,variation,1
algorithm,identifying,1
algorithm,important,1
algorithm,memory,1
algorithm,unit,1
algorithm,gated,1
algorithm,patterns,1
algorithm,field,1
algorithm,constructing,1
algorithm,comprehensive,1
algorithm,great,1
algorithm,light,1
algorithm,functions,1
algorithm,targets,1
algorithm,architecture,1
algorithm,multi-scale,1
algorithm,annotation,1
algorithm,utilization,1
algorithm,structures,1
algorithm,neighbors,1
algorithm,part,1
algorithm,progress,1
algorithm,video,1
algorithm,focuses,1
algorithm,capturing,1
algorithm,traditional,1
algorithm,stability,1
algorithm,sample,1
algorithm,designed,1
algorithm,behaviors,1
algorithm,motion,1
algorithm,types,1
algorithm,protein,1
algorithm,point,1
algorithm,reported,1
algorithm,remarkable,1
algorithm,background,1
algorithm,bind,1
euler,methods,1
euler,specifically,1
euler,structure,1
euler,graph,1
euler,present,1
euler,gap,1
euler,network,1
euler,node,1
euler,performance,1
euler,experimental,1
euler,similar,1
euler,explore,1
euler,imdb,1
euler,results,1
euler,learning,1
euler,information,1
euler,representation,1
euler,topic,1
euler,traditional,1
skeletongait,system,1
skeletongait,types,1
graph-based,paper,1
graph-based,named,1
graph-based,method,1
graph-based,methods,1
graph-based,wide,1
graph-based,specifically,1
graph-based,structure,1
graph-based,input,1
graph-based,ignore,1
graph-based,present,1
graph-based,literature,1
graph-based,rarely,1
graph-based,published,1
graph-based,increasing,1
graph-based,reduced,1
graph-based,obtained,1
graph-based,systems,1
graph-based,network,1
graph-based,networks,1
graph-based,noise,1
graph-based,rna,1
graph-based,proposes,1
graph-based,models,1
graph-based,result,1
graph-based,three-dimensional,1
graph-based,problem,1
graph-based,node,1
graph-based,performance,1
graph-based,limited,1
graph-based,real-world,1
graph-based,owing,1
graph-based,propose,1
graph-based,tasks,1
graph-based,utilized,1
graph-based,process,1
graph-based,proteins,1
graph-based,time-consuming,1
graph-based,prohibitively,1
graph-based,work,1
graph-based,nodes,1
graph-based,mixed,1
graph-based,similar,1
graph-based,smoothing,1
graph-based,perform,1
graph-based,study,1
graph-based,strategy,1
graph-based,presents,1
graph-based,outperform,1
graph-based,samples,1
graph-based,research,1
graph-based,pressure,1
graph-based,graphs,1
graph-based,requirement,1
graph-based,numerous,1
graph-based,sets,1
graph-based,simultaneously,1
graph-based,resulting,1
graph-based,transformers,1
graph-based,videos,1
graph-based,years,1
graph-based,language,1
graph-based,theory,1
graph-based,leading,1
graph-based,rely,1
graph-based,heavily,1
graph-based,relation,1
graph-based,relations,1
graph-based,typically,1
graph-based,understanding,1
graph-based,kitti,1
graph-based,heterogeneous,1
graph-based,model,1
graph-based,sites,1
graph-based,points,1
graph-based,improve,1
graph-based,lstm,1
graph-based,softmax,1
graph-based,patients,1
graph-based,patient,1
graph-based,similarity,1
graph-based,rnas,1
graph-based,initiative,1
graph-based,recently,1
graph-based,molecules,1
graph-based,ntu,1
graph-based,unsupervised,1
graph-based,secure,1
graph-based,nlp,1
graph-based,words,1
graph-based,transformer,1
graph-based,system,1
graph-based,water,1
graph-based,kinetics,1
graph-based,skeleton,1
graph-based,vehicle,1
graph-based,guided,1
graph-based,layer,1
graph-based,results,1
graph-based,learning,1
graph-based,pose,1
graph-based,skeleton-based,1
graph-based,informative,1
graph-based,proposed,1
graph-based,meaningful,1
graph-based,methodology,1
graph-based,spatial,1
graph-based,sentiments,1
graph-based,information,1
graph-based,role,1
graph-based,optimization,1
graph-based,relationships,1
graph-based,representation,1
graph-based,represent,1
graph-based,laplacian,1
graph-based,topic,1
graph-based,updated,1
graph-based,local,1
graph-based,training,1
graph-based,u-net,1
graph-based,supervised,1
graph-based,works,1
graph-based,showed,1
graph-based,optimal,1
graph-based,presentation,1
graph-based,pooling,1
graph-based,key,1
graph-based,human,1
graph-based,technique,1
graph-based,prediction,1
graph-based,propagation,1
graph-based,time,1
graph-based,learn,1
graph-based,neighbor,1
graph-based,optical,1
graph-based,modalities,1
graph-based,high,1
graph-based,module,1
graph-based,representations,1
graph-based,introduce,1
graph-based,neural,1
graph-based,user,1
graph-based,management,1
graph-based,predict,1
graph-based,set,1
graph-based,target,1
graph-based,studies,1
graph-based,recognition,1
graph-based,identify,1
graph-based,multiple,1
graph-based,ternary,1
graph-based,trend,1
graph-based,sparsity,1
graph-based,recent,1
graph-based,static,1
graph-based,significant,1
graph-based,knowledge,1
graph-based,temporal,1
graph-based,identification,1
graph-based,predicting,1
graph-based,number,1
graph-based,validate,1
graph-based,spatial-temporal,1
graph-based,single,1
graph-based,interaction,1
graph-based,layers,1
graph-based,task,1
graph-based,step,1
graph-based,machine,1
graph-based,traffic,1
graph-based,synthetic,1
graph-based,real,1
graph-based,visual,1
graph-based,layouts,1
graph-based,remote,1
graph-based,parameters,1
graph-based,rgb,1
graph-based,improved,1
graph-based,show,1
graph-based,large,1
graph-based,processing,1
graph-based,previous,1
graph-based,pairs,1
graph-based,learns,1
graph-based,structural,1
graph-based,success,1
graph-based,variation,1
graph-based,identifying,1
graph-based,important,1
graph-based,memory,1
graph-based,unit,1
graph-based,patterns,1
graph-based,great,1
graph-based,light,1
graph-based,targets,1
graph-based,multi-scale,1
graph-based,utilization,1
graph-based,structures,1
graph-based,neighbors,1
graph-based,part,1
graph-based,progress,1
graph-based,video,1
graph-based,traditional,1
graph-based,stability,1
graph-based,sample,1
graph-based,tree,1
graph-based,motion,1
graph-based,types,1
graph-based,protein,1
graph-based,point,1
graph-based,reported,1
graph-based,remarkable,1
informative,paper,1
informative,named,1
informative,method,1
informative,methods,1
informative,intuitively,1
informative,wide,1
informative,specifically,1
informative,structure,1
informative,input,1
informative,present,1
informative,literature,1
informative,obtained,1
informative,systems,1
informative,network,1
informative,networks,1
informative,noise,1
informative,proposes,1
informative,models,1
informative,node,1
informative,performance,1
informative,limited,1
informative,real-world,1
informative,owing,1
informative,propose,1
informative,tasks,1
informative,utilized,1
informative,process,1
informative,proteins,1
informative,time-consuming,1
informative,work,1
informative,nodes,1
informative,perform,1
informative,study,1
informative,strategy,1
informative,outperform,1
informative,samples,1
informative,research,1
informative,simultaneously,1
informative,transformers,1
informative,videos,1
informative,years,1
informative,language,1
informative,theory,1
informative,leading,1
informative,relation,1
informative,relations,1
informative,understanding,1
informative,model,1
informative,lstm,1
informative,technologies,1
informative,patients,1
informative,patient,1
informative,similarity,1
informative,recently,1
informative,ntu,1
informative,unsupervised,1
informative,transformer,1
informative,skeleton,1
informative,layer,1
informative,results,1
informative,learning,1
informative,pose,1
informative,skeleton-based,1
informative,proposed,1
informative,revealed,1
informative,spatial,1
informative,relationships,1
informative,representation,1
informative,topic,1
informative,local,1
informative,training,1
informative,supervised,1
informative,works,1
informative,pooling,1
informative,technique,1
informative,prediction,1
informative,propagation,1
informative,time,1
informative,learn,1
informative,neighbor,1
informative,module,1
informative,representations,1
informative,introduce,1
informative,neural,1
informative,user,1
informative,predict,1
informative,set,1
informative,target,1
informative,studies,1
informative,recognition,1
informative,multiple,1
informative,sparsity,1
informative,recent,1
informative,significant,1
informative,knowledge,1
informative,temporal,1
informative,predicting,1
informative,number,1
informative,spatial-temporal,1
informative,interaction,1
informative,layers,1
informative,task,1
informative,machine,1
informative,traffic,1
informative,synthetic,1
informative,real,1
informative,parameters,1
informative,rgb,1
informative,show,1
informative,large,1
informative,processing,1
informative,previous,1
informative,pairs,1
informative,learns,1
informative,success,1
informative,patterns,1
informative,structures,1
informative,neighbors,1
informative,part,1
informative,progress,1
informative,traditional,1
informative,stability,1
informative,types,1
informative,point,1
informative,reported,1
informative,remarkable,1
dependencies,paper,1
dependencies,named,1
dependencies,method,1
dependencies,methods,1
dependencies,wide,1
dependencies,specifically,1
dependencies,dual,1
dependencies,structure,1
dependencies,input,1
dependencies,existing,1
dependencies,ignore,1
dependencies,graph,1
dependencies,present,1
dependencies,literature,1
dependencies,rarely,1
dependencies,extract,1
dependencies,published,1
dependencies,generally,1
dependencies,increasing,1
dependencies,reduced,1
dependencies,gap,1
dependencies,developed,1
dependencies,hyperlinks,1
dependencies,independently,1
dependencies,differently,1
dependencies,explicitly,1
dependencies,obtained,1
dependencies,generated,1
dependencies,systems,1
dependencies,network,1
dependencies,networks,1
dependencies,noise,1
dependencies,extracting,1
dependencies,proposes,1
dependencies,models,1
dependencies,result,1
dependencies,efficient,1
dependencies,three-dimensional,1
dependencies,problem,1
dependencies,node,1
dependencies,performance,1
dependencies,limited,1
dependencies,fast,1
dependencies,real-world,1
dependencies,hours,1
dependencies,owing,1
dependencies,propose,1
dependencies,roads,1
dependencies,tasks,1
dependencies,utilized,1
dependencies,process,1
dependencies,seoul,1
dependencies,encoded,1
dependencies,time-consuming,1
dependencies,experimental,1
dependencies,elsevier,1
dependencies,work,1
dependencies,gcn,1
dependencies,granger,1
dependencies,nodes,1
dependencies,established,1
dependencies,mixed,1
dependencies,excellent,1
dependencies,similar,1
dependencies,perform,1
dependencies,study,1
dependencies,strategy,1
dependencies,presents,1
dependencies,viable,1
dependencies,outperform,1
dependencies,explore,1
dependencies,u-shaped,1
dependencies,samples,1
dependencies,research,1
dependencies,graphs,1
dependencies,requirement,1
dependencies,numerous,1
dependencies,sets,1
dependencies,simultaneously,1
dependencies,resulting,1
dependencies,transformers,1
dependencies,videos,1
dependencies,features,1
dependencies,years,1
dependencies,language,1
dependencies,theory,1
dependencies,leading,1
dependencies,rely,1
dependencies,heavily,1
dependencies,gps,1
dependencies,obu,1
dependencies,gcns,1
dependencies,relation,1
dependencies,relations,1
dependencies,typically,1
dependencies,firstly,1
dependencies,understanding,1
dependencies,kitti,1
dependencies,heterogeneous,1
dependencies,model,1
dependencies,due,1
dependencies,points,1
dependencies,efficiency,1
dependencies,improve,1
dependencies,lstm,1
dependencies,softmax,1
dependencies,formed,1
dependencies,euclidean,1
dependencies,patients,1
dependencies,patient,1
dependencies,similarity,1
dependencies,recently,1
dependencies,ntu,1
dependencies,edges,1
dependencies,unsupervised,1
dependencies,words,1
dependencies,transformer,1
dependencies,system,1
dependencies,water,1
dependencies,effectively,1
dependencies,kinetics,1
dependencies,skeleton,1
dependencies,framework,1
dependencies,vehicle,1
dependencies,guided,1
dependencies,layer,1
dependencies,results,1
dependencies,learning,1
dependencies,pose,1
dependencies,skeleton-based,1
dependencies,graph-based,1
dependencies,informative,1
dependencies,proposed,1
dependencies,meaningful,1
dependencies,gcaru,1
dependencies,probability,1
dependencies,spatial,1
dependencies,information,1
dependencies,evaluation,1
dependencies,role,1
dependencies,relationships,1
dependencies,representation,1
dependencies,represent,1
dependencies,generative,1
dependencies,embeddings,1
dependencies,laplacian,1
dependencies,topic,1
dependencies,global,1
dependencies,local,1
dependencies,training,1
dependencies,u-net,1
dependencies,supervised,1
dependencies,error,1
dependencies,works,1
dependencies,generate,1
dependencies,showed,1
dependencies,optimal,1
dependencies,pooling,1
dependencies,key,1
dependencies,human,1
dependencies,technique,1
dependencies,prediction,1
dependencies,factors,1
dependencies,propagation,1
dependencies,time,1
dependencies,learn,1
dependencies,neighbor,1
dependencies,evolution,1
dependencies,optical,1
dependencies,focus,1
dependencies,modalities,1
dependencies,high,1
dependencies,module,1
dependencies,representations,1
dependencies,introduce,1
dependencies,neural,1
dependencies,expression,1
dependencies,user,1
dependencies,management,1
dependencies,predict,1
dependencies,feature,1
dependencies,set,1
dependencies,fully,1
dependencies,tumor,1
dependencies,target,1
dependencies,studies,1
dependencies,recognition,1
dependencies,identify,1
dependencies,multiple,1
dependencies,trend,1
dependencies,sparsity,1
dependencies,faces,1
dependencies,recent,1
dependencies,static,1
dependencies,gene,1
dependencies,surface,1
dependencies,significant,1
dependencies,knowledge,1
dependencies,temporal,1
dependencies,identification,1
dependencies,predicting,1
dependencies,number,1
dependencies,validate,1
dependencies,gat,1
dependencies,spatial-temporal,1
dependencies,single,1
dependencies,interaction,1
dependencies,layers,1
dependencies,task,1
dependencies,step,1
dependencies,machine,1
dependencies,traffic,1
dependencies,synthetic,1
dependencies,real,1
dependencies,visual,1
dependencies,remote,1
dependencies,parameters,1
dependencies,rgb,1
dependencies,improved,1
dependencies,show,1
dependencies,large,1
dependencies,processing,1
dependencies,previous,1
dependencies,pairs,1
dependencies,employed,1
dependencies,include,1
dependencies,learns,1
dependencies,embedding,1
dependencies,effective,1
dependencies,structural,1
dependencies,success,1
dependencies,variation,1
dependencies,identifying,1
dependencies,important,1
dependencies,memory,1
dependencies,unit,1
dependencies,gated,1
dependencies,patterns,1
dependencies,field,1
dependencies,great,1
dependencies,functions,1
dependencies,multi-scale,1
dependencies,utilization,1
dependencies,structures,1
dependencies,neighbors,1
dependencies,part,1
dependencies,progress,1
dependencies,video,1
dependencies,focuses,1
dependencies,traditional,1
dependencies,stability,1
dependencies,sample,1
dependencies,designed,1
dependencies,tree,1
dependencies,motion,1
dependencies,types,1
dependencies,point,1
dependencies,remarkable,1
proposed,wide,1
proposed,specifically,1
proposed,structure,1
proposed,rarely,1
proposed,published,1
proposed,reduced,1
proposed,systems,1
proposed,standards,1
proposed,rna,1
proposed,tcga,1
proposed,proposes,1
proposed,result,1
proposed,three-dimensional,1
proposed,recombination,1
proposed,real-world,1
proposed,thousands,1
proposed,roads,1
proposed,tasks,1
proposed,utilized,1
proposed,proteins,1
proposed,time-consuming,1
proposed,psycholinguistic,1
proposed,work,1
proposed,similar,1
proposed,smoothing,1
proposed,study,1
proposed,strategy,1
proposed,viable,1
proposed,sgc,1
proposed,u-shaped,1
proposed,samples,1
proposed,research,1
proposed,requirement,1
proposed,separation,1
proposed,sets,1
proposed,simultaneously,1
proposed,resulting,1
proposed,sciences,1
proposed,transformers,1
proposed,videos,1
proposed,years,1
proposed,theory,1
proposed,rely,1
proposed,relation,1
proposed,relations,1
proposed,typically,1
proposed,understanding,1
proposed,sites,1
proposed,smiles,1
proposed,technologies,1
proposed,svm,1
proposed,softmax,1
proposed,similarity,1
proposed,rnas,1
proposed,recently,1
proposed,unsupervised,1
proposed,secure,1
proposed,words,1
proposed,transformer,1
proposed,system,1
proposed,water,1
proposed,wiki,1
proposed,surge,1
proposed,skeleton,1
proposed,vehicle,1
proposed,results,1
proposed,subgraph,1
proposed,skeleton-based,1
proposed,revealed,1
proposed,spatial,1
proposed,pubmed,1
proposed,sentiments,1
proposed,role,1
proposed,relationships,1
proposed,representation,1
proposed,represent,1
proposed,topic,1
proposed,updated,1
proposed,training,1
proposed,u-net,1
proposed,supervised,1
proposed,works,1
proposed,showed,1
proposed,technique,1
proposed,time,1
proposed,representations,1
proposed,user,1
proposed,set,1
proposed,tumor,1
proposed,target,1
proposed,studies,1
proposed,recognition,1
proposed,ternary,1
proposed,trend,1
proposed,sparsity,1
proposed,recent,1
proposed,static,1
proposed,surface,1
proposed,significant,1
proposed,temporal,1
proposed,validate,1
proposed,spatial-temporal,1
proposed,single,1
proposed,task,1
proposed,step,1
proposed,traffic,1
proposed,synthetic,1
proposed,real,1
proposed,visual,1
proposed,remote,1
proposed,splitting,1
proposed,rgb,1
proposed,show,1
proposed,structural,1
proposed,success,1
proposed,variation,1
proposed,reactions,1
proposed,unit,1
proposed,targets,1
proposed,utilization,1
proposed,structures,1
proposed,video,1
proposed,traditional,1
proposed,stability,1
proposed,sample,1
proposed,tree,1
proposed,types,1
proposed,protein,1
proposed,reported,1
proposed,remarkable,1
metsulfuron,structure,1
metsulfuron,nitride,1
metsulfuron,performance,1
metsulfuron,process,1
metsulfuron,study,1
metsulfuron,separation,1
metsulfuron,photocatalytic,1
metsulfuron,structural,1
metsulfuron,pollutants,1
metsulfuron,reported,1
based,drug-drug,1
based,paper,1
based,named,1
based,method,1
based,methods,1
based,intuitively,1
based,inferred,1
based,wide,1
based,specifically,1
based,demonstrates,1
based,dual,1
based,structure,1
based,input,1
based,existing,1
based,ignore,1
based,benefit,1
based,graph,1
based,connecting,1
based,considered,1
based,low-pass,1
based,metal,1
based,nitride,1
based,present,1
based,literature,1
based,rarely,1
based,concentrated,1
based,extract,1
based,pharmacology,1
based,published,1
based,curated,1
based,generally,1
based,common,1
based,increasing,1
based,reduced,1
based,gap,1
based,developed,1
based,cancers,1
based,independently,1
based,differently,1
based,explicitly,1
based,obtained,1
based,generated,1
based,continuation,1
based,systems,1
based,network,1
based,standards,1
based,networks,1
based,noise,1
based,extracting,1
based,rna,1
based,tcga,1
based,gqa,1
based,proposes,1
based,critical,1
based,models,1
based,result,1
based,beneficial,1
based,pharmacological,1
based,efficient,1
based,three-dimensional,1
based,classification,1
based,problem,1
based,node,1
based,performance,1
based,limited,1
based,fast,1
based,recombination,1
based,real-world,1
based,dempster-shafer,1
based,thousands,1
based,hours,1
based,owing,1
based,propose,1
based,roads,1
based,tasks,1
based,utilized,1
based,determination,1
based,process,1
based,seoul,1
based,proteins,1
based,encoded,1
based,time-consuming,1
based,experimental,1
based,elsevier,1
based,heterojunction,1
based,nitrogen-rich,1
based,tubes,1
based,chemical,1
based,liquid,1
based,work,1
based,graphitic,1
based,gcn,1
based,nodes,1
based,established,1
based,mixed,1
based,excellent,1
based,capability,1
based,similar,1
based,smoothing,1
based,perform,1
based,households,1
based,study,1
based,strategy,1
based,presents,1
based,viable,1
based,outperform,1
based,string,1
based,descriptor,1
based,explore,1
based,sgc,1
based,u-shaped,1
based,samples,1
based,research,1
based,pressure,1
based,f-score,1
based,graphs,1
based,requirement,1
based,numerous,1
based,separation,1
based,sets,1
based,simultaneously,1
based,markers,1
based,holes,1
based,resulting,1
based,photocatalyst,1
based,investigations,1
based,sciences,1
based,plant,1
based,transformers,1
based,harmful,1
based,videos,1
based,features,1
based,years,1
based,language,1
based,theory,1
based,leading,1
based,rely,1
based,decisions,1
based,heavily,1
based,hemisphere,1
based,gps,1
based,material,1
based,gcns,1
based,relation,1
based,relations,1
based,typically,1
based,firstly,1
based,understanding,1
based,kitti,1
based,convolutional,1
based,mscoco,1
based,heterogeneous,1
based,model,1
based,cnn,1
based,due,1
based,sites,1
based,cloud,1
based,points,1
based,efficiency,1
based,improve,1
based,ethereum,1
based,lstm,1
based,smiles,1
based,bidirectional,1
based,catalysts,1
based,technologies,1
based,capacity,1
based,svm,1
based,knn,1
based,softmax,1
based,formed,1
based,escherichia,1
based,euclidean,1
based,patients,1
based,patient,1
based,similarity,1
based,rnas,1
based,fourier,1
based,initiative,1
based,pca,1
based,decades,1
based,copy,1
based,recently,1
based,molecules,1
based,molecule,1
based,ntu,1
based,edges,1
based,unsupervised,1
based,matthews,1
based,secure,1
based,nlp,1
based,words,1
based,transformer,1
based,system,1
based,water,1
based,wiki,1
based,datasets,1
based,data,1
based,nanosized,1
based,effectively,1
based,surge,1
based,data-driven,1
based,kinetics,1
based,dft,1
based,skeleton,1
based,canadian,1
based,framework,1
based,vehicle,1
based,guided,1
based,end,1
based,layer,1
based,results,1
based,learning,1
based,subgraph,1
based,ftir,1
based,xps,1
based,pose,1
based,skeleton-based,1
based,graph-based,1
based,informative,1
based,dependencies,1
based,proposed,1
based,conduct,1
based,meaningful,1
based,revealed,1
based,probability,1
based,methodology,1
based,spatial,1
based,pubmed,1
based,sentiments,1
based,electron,1
based,information,1
based,evaluation,1
based,role,1
based,mcc,1
based,optimization,1
based,relationships,1
based,representation,1
based,represent,1
based,generative,1
based,dmax,1
based,unifying,1
based,embeddings,1
based,laplacian,1
based,topic,1
based,updated,1
based,global,1
based,local,1
based,deep,1
based,training,1
based,correlations,1
based,u-net,1
based,supervised,1
based,error,1
based,works,1
based,generate,1
based,capture,1
based,showed,1
based,psf,1
based,optimal,1
based,presentation,1
based,pooling,1
based,dataset,1
based,key,1
based,human,1
based,technique,1
based,prediction,1
based,factors,1
based,propagation,1
based,time,1
based,daily,1
based,learn,1
based,neighbor,1
based,evolution,1
based,single-granular,1
based,optical,1
based,focus,1
based,desirable,1
based,modalities,1
based,high,1
based,module,1
based,representations,1
based,introduce,1
based,neural,1
based,expression,1
based,user,1
based,management,1
based,predict,1
based,feature,1
based,set,1
based,fully,1
based,complex,1
based,tumor,1
based,target,1
based,studies,1
based,dense,1
based,recognition,1
based,identify,1
based,convolution,1
based,challenges,1
based,multiple,1
based,ternary,1
based,trend,1
based,sparsity,1
based,faces,1
based,recent,1
based,static,1
based,gene,1
based,surface,1
based,significant,1
based,immune,1
based,knowledge,1
based,temporal,1
based,identification,1
based,predicting,1
based,number,1
based,validate,1
based,gat,1
based,spatial-temporal,1
based,single,1
based,interaction,1
based,layers,1
based,task,1
based,challenging,1
based,energy,1
based,step,1
based,machine,1
based,traffic,1
based,communication,1
based,synthetic,1
based,real,1
based,visual,1
based,layouts,1
based,cells,1
based,remote,1
based,splitting,1
based,parameters,1
based,rgb,1
based,improved,1
based,show,1
based,large,1
based,processing,1
based,conditions,1
based,previous,1
based,pairs,1
based,employed,1
based,include,1
based,captures,1
based,learns,1
based,embedding,1
based,effective,1
based,photocatalytic,1
based,structural,1
based,success,1
based,cases,1
based,variation,1
based,identifying,1
based,important,1
based,reactions,1
based,memory,1
based,unit,1
based,gated,1
based,patterns,1
based,field,1
based,correction,1
based,constructing,1
based,comprehensive,1
based,great,1
based,light,1
based,functions,1
based,targets,1
based,multi-scale,1
based,utilization,1
based,structures,1
based,neighbors,1
based,part,1
based,progress,1
based,video,1
based,focuses,1
based,capturing,1
based,traditional,1
based,stability,1
based,sample,1
based,designed,1
based,pollutants,1
based,behaviors,1
based,diffusion,1
based,tree,1
based,motion,1
based,types,1
based,protein,1
based,point,1
based,reported,1
based,remarkable,1
based,center,1
based,bind,1
conduct,paper,1
conduct,named,1
conduct,method,1
conduct,methods,1
conduct,wide,1
conduct,specifically,1
conduct,demonstrates,1
conduct,dual,1
conduct,structure,1
conduct,input,1
conduct,existing,1
conduct,ignore,1
conduct,graph,1
conduct,considered,1
conduct,present,1
conduct,literature,1
conduct,rarely,1
conduct,extract,1
conduct,published,1
conduct,generally,1
conduct,increasing,1
conduct,reduced,1
conduct,gap,1
conduct,developed,1
conduct,independently,1
conduct,differently,1
conduct,explicitly,1
conduct,obtained,1
conduct,generated,1
conduct,systems,1
conduct,network,1
conduct,networks,1
conduct,noise,1
conduct,extracting,1
conduct,proposes,1
conduct,critical,1
conduct,models,1
conduct,result,1
conduct,efficient,1
conduct,three-dimensional,1
conduct,problem,1
conduct,node,1
conduct,performance,1
conduct,limited,1
conduct,real-world,1
conduct,owing,1
conduct,propose,1
conduct,tasks,1
conduct,utilized,1
conduct,process,1
conduct,encoded,1
conduct,time-consuming,1
conduct,experimental,1
conduct,elsevier,1
conduct,work,1
conduct,gcn,1
conduct,granger,1
conduct,nodes,1
conduct,established,1
conduct,mixed,1
conduct,excellent,1
conduct,similar,1
conduct,perform,1
conduct,study,1
conduct,strategy,1
conduct,presents,1
conduct,outperform,1
conduct,descriptor,1
conduct,explore,1
conduct,samples,1
conduct,research,1
conduct,graphs,1
conduct,numerous,1
conduct,sets,1
conduct,simultaneously,1
conduct,resulting,1
conduct,investigations,1
conduct,features,1
conduct,years,1
conduct,language,1
conduct,leading,1
conduct,rely,1
conduct,heavily,1
conduct,gcns,1
conduct,relation,1
conduct,relations,1
conduct,typically,1
conduct,firstly,1
conduct,understanding,1
conduct,imdb,1
conduct,convolutional,1
conduct,heterogeneous,1
conduct,model,1
conduct,due,1
conduct,points,1
conduct,efficiency,1
conduct,improve,1
conduct,ethereum,1
conduct,lstm,1
conduct,svm,1
conduct,softmax,1
conduct,formed,1
conduct,euclidean,1
conduct,patients,1
conduct,similarity,1
conduct,initiative,1
conduct,decades,1
conduct,copy,1
conduct,recently,1
conduct,molecule,1
conduct,ntu,1
conduct,edges,1
conduct,unsupervised,1
conduct,nlp,1
conduct,words,1
conduct,system,1
conduct,datasets,1
conduct,data,1
conduct,effectively,1
conduct,surge,1
conduct,data-driven,1
conduct,skeleton,1
conduct,framework,1
conduct,vehicle,1
conduct,guided,1
conduct,end,1
conduct,layer,1
conduct,results,1
conduct,learning,1
conduct,pose,1
conduct,skeleton-based,1
conduct,euler,1
conduct,graph-based,1
conduct,informative,1
conduct,dependencies,1
conduct,proposed,1
conduct,meaningful,1
conduct,revealed,1
conduct,probability,1
conduct,methodology,1
conduct,spatial,1
conduct,pubmed,1
conduct,information,1
conduct,evaluation,1
conduct,role,1
conduct,optimization,1
conduct,relationships,1
conduct,representation,1
conduct,represent,1
conduct,generative,1
conduct,embeddings,1
conduct,laplacian,1
conduct,topic,1
conduct,global,1
conduct,local,1
conduct,deep,1
conduct,training,1
conduct,correlations,1
conduct,supervised,1
conduct,error,1
conduct,works,1
conduct,generate,1
conduct,showed,1
conduct,optimal,1
conduct,pooling,1
conduct,dataset,1
conduct,key,1
conduct,human,1
conduct,prediction,1
conduct,factors,1
conduct,propagation,1
conduct,time,1
conduct,daily,1
conduct,learn,1
conduct,neighbor,1
conduct,evolution,1
conduct,focus,1
conduct,high,1
conduct,module,1
conduct,representations,1
conduct,introduce,1
conduct,neural,1
conduct,expression,1
conduct,user,1
conduct,management,1
conduct,predict,1
conduct,feature,1
conduct,set,1
conduct,fully,1
conduct,target,1
conduct,studies,1
conduct,dense,1
conduct,recognition,1
conduct,identify,1
conduct,convolution,1
conduct,multiple,1
conduct,sparsity,1
conduct,recent,1
conduct,static,1
conduct,gene,1
conduct,surface,1
conduct,significant,1
conduct,knowledge,1
conduct,temporal,1
conduct,identification,1
conduct,predicting,1
conduct,number,1
conduct,validate,1
conduct,gat,1
conduct,spatial-temporal,1
conduct,single,1
conduct,interaction,1
conduct,layers,1
conduct,task,1
conduct,machine,1
conduct,traffic,1
conduct,synthetic,1
conduct,real,1
conduct,visual,1
conduct,remote,1
conduct,parameters,1
conduct,rgb,1
conduct,improved,1
conduct,show,1
conduct,large,1
conduct,previous,1
conduct,employed,1
conduct,include,1
conduct,learns,1
conduct,embedding,1
conduct,effective,1
conduct,structural,1
conduct,success,1
conduct,variation,1
conduct,identifying,1
conduct,important,1
conduct,memory,1
conduct,unit,1
conduct,gated,1
conduct,patterns,1
conduct,constructing,1
conduct,great,1
conduct,functions,1
conduct,multi-scale,1
conduct,utilization,1
conduct,structures,1
conduct,neighbors,1
conduct,part,1
conduct,progress,1
conduct,video,1
conduct,focuses,1
conduct,traditional,1
conduct,stability,1
conduct,sample,1
conduct,designed,1
conduct,tree,1
conduct,motion,1
conduct,types,1
conduct,protein,1
conduct,point,1
conduct,reported,1
conduct,remarkable,1
meaningful,paper,1
meaningful,method,1
meaningful,methods,1
meaningful,specifically,1
meaningful,structure,1
meaningful,nitride,1
meaningful,present,1
meaningful,published,1
meaningful,obtained,1
meaningful,systems,1
meaningful,network,1
meaningful,networks,1
meaningful,noise,1
meaningful,proposes,1
meaningful,models,1
meaningful,problem,1
meaningful,node,1
meaningful,performance,1
meaningful,recombination,1
meaningful,real-world,1
meaningful,owing,1
meaningful,propose,1
meaningful,tasks,1
meaningful,process,1
meaningful,time-consuming,1
meaningful,work,1
meaningful,nodes,1
meaningful,perform,1
meaningful,study,1
meaningful,strategy,1
meaningful,presents,1
meaningful,outperform,1
meaningful,samples,1
meaningful,research,1
meaningful,requirement,1
meaningful,sets,1
meaningful,simultaneously,1
meaningful,resulting,1
meaningful,transformers,1
meaningful,years,1
meaningful,relation,1
meaningful,relations,1
meaningful,typically,1
meaningful,model,1
meaningful,sites,1
meaningful,patients,1
meaningful,patient,1
meaningful,similarity,1
meaningful,ntu,1
meaningful,unsupervised,1
meaningful,transformer,1
meaningful,skeleton,1
meaningful,results,1
meaningful,skeleton-based,1
meaningful,proposed,1
meaningful,probability,1
meaningful,spatial,1
meaningful,role,1
meaningful,optimization,1
meaningful,relationships,1
meaningful,representation,1
meaningful,represent,1
meaningful,topic,1
meaningful,training,1
meaningful,supervised,1
meaningful,optimal,1
meaningful,prediction,1
meaningful,propagation,1
meaningful,time,1
meaningful,modalities,1
meaningful,module,1
meaningful,representations,1
meaningful,neural,1
meaningful,set,1
meaningful,tumor,1
meaningful,target,1
meaningful,studies,1
meaningful,recognition,1
meaningful,multiple,1
meaningful,trend,1
meaningful,recent,1
meaningful,static,1
meaningful,surface,1
meaningful,significant,1
meaningful,temporal,1
meaningful,predicting,1
meaningful,number,1
meaningful,spatial-temporal,1
meaningful,single,1
meaningful,task,1
meaningful,real,1
meaningful,remote,1
meaningful,rgb,1
meaningful,show,1
meaningful,processing,1
meaningful,previous,1
meaningful,pairs,1
meaningful,photocatalytic,1
meaningful,structural,1
meaningful,success,1
meaningful,unit,1
meaningful,patterns,1
meaningful,multi-scale,1
meaningful,utilization,1
meaningful,structures,1
meaningful,traditional,1
meaningful,stability,1
meaningful,sample,1
meaningful,tree,1
meaningful,types,1
meaningful,reported,1
meaningful,remarkable,1
revealed,wide,1
revealed,specifically,1
revealed,structure,1
revealed,systems,1
revealed,rna,1
revealed,thousands,1
revealed,tasks,1
revealed,utilized,1
revealed,work,1
revealed,similar,1
revealed,study,1
revealed,strategy,1
revealed,viable,1
revealed,samples,1
revealed,separation,1
revealed,simultaneously,1
revealed,years,1
revealed,understanding,1
revealed,sites,1
revealed,technologies,1
revealed,svm,1
revealed,similarity,1
revealed,secure,1
revealed,system,1
revealed,water,1
revealed,skeleton,1
revealed,vehicle,1
revealed,xps,1
revealed,spatial,1
revealed,role,1
revealed,training,1
revealed,works,1
revealed,showed,1
revealed,time,1
revealed,user,1
revealed,set,1
revealed,tumor,1
revealed,target,1
revealed,studies,1
revealed,ternary,1
revealed,surface,1
revealed,significant,1
revealed,temporal,1
revealed,validate,1
revealed,single,1
revealed,task,1
revealed,step,1
revealed,synthetic,1
revealed,visual,1
revealed,splitting,1
revealed,show,1
revealed,structural,1
revealed,variation,1
revealed,unit,1
revealed,structures,1
revealed,traditional,1
revealed,stability,1
revealed,sample,1
revealed,types,1
gcaru,paper,1
gcaru,methods,1
gcaru,graph,1
gcaru,network,1
gcaru,networks,1
gcaru,models,1
gcaru,result,1
gcaru,performance,1
gcaru,limited,1
gcaru,nodes,1
gcaru,research,1
gcaru,years,1
gcaru,gcns,1
gcaru,heterogeneous,1
gcaru,model,1
gcaru,results,1
gcaru,learning,1
gcaru,spatial,1
gcaru,information,1
gcaru,relationships,1
gcaru,prediction,1
gcaru,module,1
gcaru,recent,1
gcaru,temporal,1
gcaru,validate,1
gcaru,traffic,1
gcaru,show,1
gcaru,memory,1
gcaru,unit,1
gcaru,structures,1
probability,specifically,1
probability,structure,1
probability,reduced,1
probability,systems,1
probability,standards,1
probability,result,1
probability,three-dimensional,1
probability,problem,1
probability,real-world,1
probability,thousands,1
probability,propose,1
probability,tasks,1
probability,process,1
probability,work,1
probability,similar,1
probability,study,1
probability,strategy,1
probability,u-shaped,1
probability,samples,1
probability,research,1
probability,simultaneously,1
probability,resulting,1
probability,videos,1
probability,theory,1
probability,rely,1
probability,relation,1
probability,relations,1
probability,understanding,1
probability,technologies,1
probability,similarity,1
probability,recently,1
probability,unsupervised,1
probability,system,1
probability,vehicle,1
probability,results,1
probability,proposed,1
probability,revealed,1
probability,spatial,1
probability,role,1
probability,relationships,1
probability,represent,1
probability,training,1
probability,u-net,1
probability,works,1
probability,showed,1
probability,technique,1
probability,propagation,1
probability,time,1
probability,representations,1
probability,user,1
probability,set,1
probability,target,1
probability,studies,1
probability,recognition,1
probability,sparsity,1
probability,recent,1
probability,static,1
probability,significant,1
probability,temporal,1
probability,single,1
probability,task,1
probability,traffic,1
probability,real,1
probability,visual,1
probability,remote,1
probability,show,1
probability,processing,1
probability,structures,1
probability,video,1
probability,traditional,1
probability,types,1
probability,protein,1
probability,remarkable,1
methodology,paper,1
methodology,named,1
methodology,methods,1
methodology,specifically,1
methodology,structure,1
methodology,nitride,1
methodology,present,1
methodology,published,1
methodology,obtained,1
methodology,systems,1
methodology,network,1
methodology,networks,1
methodology,noise,1
methodology,rna,1
methodology,proposes,1
methodology,models,1
methodology,result,1
methodology,problem,1
methodology,node,1
methodology,performance,1
methodology,recombination,1
methodology,real-world,1
methodology,thousands,1
methodology,owing,1
methodology,propose,1
methodology,tasks,1
methodology,utilized,1
methodology,process,1
methodology,proteins,1
methodology,work,1
methodology,nodes,1
methodology,similar,1
methodology,smoothing,1
methodology,perform,1
methodology,study,1
methodology,strategy,1
methodology,presents,1
methodology,samples,1
methodology,research,1
methodology,pressure,1
methodology,simultaneously,1
methodology,resulting,1
methodology,photocatalyst,1
methodology,videos,1
methodology,theory,1
methodology,relations,1
methodology,understanding,1
methodology,model,1
methodology,points,1
methodology,technologies,1
methodology,svm,1
methodology,similarity,1
methodology,recently,1
methodology,molecules,1
methodology,molecule,1
methodology,unsupervised,1
methodology,words,1
methodology,system,1
methodology,water,1
methodology,results,1
methodology,xps,1
methodology,pose,1
methodology,proposed,1
methodology,revealed,1
methodology,spatial,1
methodology,sentiments,1
methodology,role,1
methodology,optimization,1
methodology,relationships,1
methodology,representation,1
methodology,represent,1
methodology,training,1
methodology,supervised,1
methodology,works,1
methodology,showed,1
methodology,optimal,1
methodology,pooling,1
methodology,technique,1
methodology,prediction,1
methodology,propagation,1
methodology,time,1
methodology,neighbor,1
methodology,optical,1
methodology,representations,1
methodology,neural,1
methodology,predict,1
methodology,set,1
methodology,target,1
methodology,studies,1
methodology,recognition,1
methodology,multiple,1
methodology,ternary,1
methodology,trend,1
methodology,recent,1
methodology,surface,1
methodology,significant,1
methodology,temporal,1
methodology,predicting,1
methodology,number,1
methodology,validate,1
methodology,spatial-temporal,1
methodology,single,1
methodology,task,1
methodology,step,1
methodology,traffic,1
methodology,synthetic,1
methodology,real,1
methodology,visual,1
methodology,parameters,1
methodology,show,1
methodology,processing,1
methodology,previous,1
methodology,pairs,1
methodology,photocatalytic,1
methodology,structural,1
methodology,success,1
methodology,variation,1
methodology,patterns,1
methodology,targets,1
methodology,utilization,1
methodology,structures,1
methodology,neighbors,1
methodology,part,1
methodology,video,1
methodology,traditional,1
methodology,stability,1
methodology,sample,1
methodology,pollutants,1
methodology,types,1
methodology,reported,1
methodology,remarkable,1
spatial,wide,1
spatial,specifically,1
spatial,structure,1
spatial,systems,1
spatial,standards,1
spatial,three-dimensional,1
spatial,tasks,1
spatial,utilized,1
spatial,time-consuming,1
spatial,work,1
spatial,study,1
spatial,strategy,1
spatial,viable,1
spatial,transformers,1
spatial,videos,1
spatial,years,1
spatial,theory,1
spatial,typically,1
spatial,understanding,1
spatial,technologies,1
spatial,svm,1
spatial,unsupervised,1
spatial,words,1
spatial,transformer,1
spatial,system,1
spatial,water,1
spatial,surge,1
spatial,vehicle,1
spatial,subgraph,1
spatial,xps,1
spatial,topic,1
spatial,updated,1
spatial,training,1
spatial,u-net,1
spatial,supervised,1
spatial,works,1
spatial,technique,1
spatial,time,1
spatial,user,1
spatial,tumor,1
spatial,target,1
spatial,studies,1
spatial,ternary,1
spatial,trend,1
spatial,static,1
spatial,surface,1
spatial,temporal,1
spatial,validate,1
spatial,spatial-temporal,1
spatial,task,1
spatial,step,1
spatial,traffic,1
spatial,synthetic,1
spatial,visual,1
spatial,splitting,1
spatial,structural,1
spatial,success,1
spatial,variation,1
spatial,unit,1
spatial,targets,1
spatial,utilization,1
spatial,structures,1
spatial,video,1
spatial,traditional,1
spatial,stability,1
spatial,tree,1
spatial,types,1
pubmed,structure,1
pubmed,real-world,1
pubmed,tasks,1
pubmed,work,1
pubmed,similar,1
pubmed,study,1
pubmed,strategy,1
pubmed,samples,1
pubmed,research,1
pubmed,simultaneously,1
pubmed,videos,1
pubmed,years,1
pubmed,relation,1
pubmed,similarity,1
pubmed,unsupervised,1
pubmed,results,1
pubmed,role,1
pubmed,representation,1
pubmed,works,1
pubmed,time,1
pubmed,representations,1
pubmed,set,1
pubmed,target,1
pubmed,studies,1
pubmed,significant,1
pubmed,temporal,1
pubmed,task,1
pubmed,step,1
pubmed,visual,1
pubmed,show,1
pubmed,success,1
pubmed,structures,1
pubmed,video,1
pubmed,traditional,1
pubmed,sample,1
pubmed,remarkable,1
sentiments,specifically,1
sentiments,structure,1
sentiments,systems,1
sentiments,work,1
sentiments,study,1
sentiments,strategy,1
sentiments,simultaneously,1
sentiments,understanding,1
sentiments,words,1
sentiments,topic,1
sentiments,training,1
sentiments,target,1
sentiments,studies,1
sentiments,single,1
sentiments,task,1
sentiments,visual,1
sentiments,show,1
sentiments,structural,1
sentiments,targets,1
sentiments,video,1
sentiments,tree,1
sentiments,types,1
electron,paper,1
electron,method,1
electron,methods,1
electron,wide,1
electron,structure,1
electron,graph,1
electron,metal,1
electron,nitride,1
electron,present,1
electron,rarely,1
electron,published,1
electron,increasing,1
electron,reduced,1
electron,gap,1
electron,obtained,1
electron,generated,1
electron,systems,1
electron,network,1
electron,networks,1
electron,models,1
electron,result,1
electron,pharmacological,1
electron,performance,1
electron,limited,1
electron,fast,1
electron,recombination,1
electron,real-world,1
electron,hours,1
electron,owing,1
electron,process,1
electron,experimental,1
electron,elsevier,1
electron,heterojunction,1
electron,liquid,1
electron,work,1
electron,graphitic,1
electron,gcn,1
electron,established,1
electron,mixed,1
electron,excellent,1
electron,similar,1
electron,study,1
electron,strategy,1
electron,presents,1
electron,explore,1
electron,samples,1
electron,research,1
electron,graphs,1
electron,requirement,1
electron,numerous,1
electron,separation,1
electron,simultaneously,1
electron,holes,1
electron,resulting,1
electron,photocatalyst,1
electron,sciences,1
electron,medica,1
electron,plant,1
electron,features,1
electron,years,1
electron,theory,1
electron,material,1
electron,firstly,1
electron,understanding,1
electron,heterogeneous,1
electron,model,1
electron,sites,1
electron,improve,1
electron,photoreduction,1
electron,technologies,1
electron,formed,1
electron,escherichia,1
electron,fourier,1
electron,fixation,1
electron,molecules,1
electron,molecule,1
electron,system,1
electron,water,1
electron,kinetics,1
electron,framework,1
electron,layer,1
electron,results,1
electron,learning,1
electron,ftir,1
electron,xps,1
electron,proposed,1
electron,meaningful,1
electron,revealed,1
electron,methodology,1
electron,spatial,1
electron,evaluation,1
electron,role,1
electron,optimization,1
electron,global,1
electron,training,1
electron,showed,1
electron,optimal,1
electron,key,1
electron,human,1
electron,technique,1
electron,factors,1
electron,time,1
electron,evolution,1
electron,optical,1
electron,focus,1
electron,high,1
electron,neural,1
electron,target,1
electron,studies,1
electron,recognition,1
electron,identify,1
electron,multiple,1
electron,ternary,1
electron,recent,1
electron,surface,1
electron,significant,1
electron,knowledge,1
electron,number,1
electron,interaction,1
electron,layers,1
electron,energy,1
electron,machine,1
electron,real,1
electron,splitting,1
electron,parameters,1
electron,improved,1
electron,show,1
electron,large,1
electron,pairs,1
electron,employed,1
electron,photocatalytic,1
electron,structural,1
electron,variation,1
electron,important,1
electron,reactions,1
electron,field,1
electron,great,1
electron,light,1
electron,utilization,1
electron,structures,1
electron,stability,1
electron,sample,1
electron,pollutants,1
electron,tree,1
electron,point,1
electron,reported,1
electron,remarkable,1
information,paper,1
information,named,1
information,method,1
information,methods,1
information,intuitively,1
information,wide,1
information,specifically,1
information,structure,1
information,input,1
information,low-pass,1
information,metal,1
information,nitride,1
information,present,1
information,literature,1
information,rarely,1
information,pharmacology,1
information,published,1
information,reduced,1
information,obtained,1
information,systems,1
information,network,1
information,networks,1
information,noise,1
information,rna,1
information,tcga,1
information,proposes,1
information,membranes,1
information,models,1
information,result,1
information,pharmacological,1
information,three-dimensional,1
information,problem,1
information,node,1
information,performance,1
information,limited,1
information,recombination,1
information,real-world,1
information,thousands,1
information,owing,1
information,propose,1
information,roads,1
information,tasks,1
information,utilized,1
information,process,1
information,proteins,1
information,time-consuming,1
information,psycholinguistic,1
information,liquid,1
information,work,1
information,nodes,1
information,mixed,1
information,similar,1
information,smoothing,1
information,perform,1
information,study,1
information,strategy,1
information,presents,1
information,viable,1
information,outperform,1
information,string,1
information,sgc,1
information,u-shaped,1
information,samples,1
information,research,1
information,requirement,1
information,numerous,1
information,separation,1
information,sets,1
information,simultaneously,1
information,markers,1
information,resulting,1
information,photocatalyst,1
information,investigations,1
information,sciences,1
information,plant,1
information,transformers,1
information,videos,1
information,years,1
information,language,1
information,theory,1
information,leading,1
information,rely,1
information,material,1
information,relation,1
information,relations,1
information,typically,1
information,understanding,1
information,kitti,1
information,mscoco,1
information,model,1
information,sites,1
information,points,1
information,lstm,1
information,smiles,1
information,technologies,1
information,svm,1
information,knn,1
information,softmax,1
information,patients,1
information,patient,1
information,similarity,1
information,rnas,1
information,initiative,1
information,pca,1
information,recently,1
information,molecules,1
information,molecule,1
information,ntu,1
information,unsupervised,1
information,matthews,1
information,secure,1
information,nlp,1
information,words,1
information,transformer,1
information,system,1
information,water,1
information,wiki,1
information,surge,1
information,kinetics,1
information,skeleton,1
information,vehicle,1
information,layer,1
information,results,1
information,learning,1
information,subgraph,1
information,pose,1
information,skeleton-based,1
information,informative,1
information,proposed,1
information,meaningful,1
information,revealed,1
information,probability,1
information,methodology,1
information,spatial,1
information,pubmed,1
information,sentiments,1
information,role,1
information,optimization,1
information,relationships,1
information,representation,1
information,represent,1
information,unifying,1
information,laplacian,1
information,topic,1
information,updated,1
information,local,1
information,training,1
information,u-net,1
information,supervised,1
information,works,1
information,showed,1
information,optimal,1
information,presentation,1
information,pooling,1
information,key,1
information,technique,1
information,prediction,1
information,propagation,1
information,time,1
information,learn,1
information,neighbor,1
information,single-granular,1
information,optical,1
information,modalities,1
information,module,1
information,representations,1
information,introduce,1
information,neural,1
information,user,1
information,management,1
information,predict,1
information,set,1
information,tumor,1
information,target,1
information,studies,1
information,recognition,1
information,multiple,1
information,ternary,1
information,trend,1
information,sparsity,1
information,recent,1
information,static,1
information,surface,1
information,significant,1
information,knowledge,1
information,temporal,1
information,predicting,1
information,number,1
information,validate,1
information,spatial-temporal,1
information,single,1
information,interaction,1
information,layers,1
information,task,1
information,step,1
information,machine,1
information,traffic,1
information,synthetic,1
information,real,1
information,visual,1
information,layouts,1
information,remote,1
information,splitting,1
information,parameters,1
information,rgb,1
information,show,1
information,large,1
information,processing,1
information,previous,1
information,pairs,1
information,learns,1
information,photocatalytic,1
information,structural,1
information,success,1
information,variation,1
information,reactions,1
information,memory,1
information,unit,1
information,patterns,1
information,light,1
information,targets,1
information,multi-scale,1
information,utilization,1
information,structures,1
information,neighbors,1
information,part,1
information,progress,1
information,video,1
information,traditional,1
information,stability,1
information,sample,1
information,pollutants,1
information,tree,1
information,motion,1
information,types,1
information,protein,1
information,point,1
information,reported,1
information,remarkable,1
evaluation,paper,1
evaluation,named,1
evaluation,method,1
evaluation,methods,1
evaluation,intuitively,1
evaluation,inferred,1
evaluation,wide,1
evaluation,specifically,1
evaluation,structure,1
evaluation,input,1
evaluation,existing,1
evaluation,ignore,1
evaluation,graph,1
evaluation,nitride,1
evaluation,present,1
evaluation,literature,1
evaluation,rarely,1
evaluation,extract,1
evaluation,published,1
evaluation,generally,1
evaluation,increasing,1
evaluation,reduced,1
evaluation,independently,1
evaluation,explicitly,1
evaluation,obtained,1
evaluation,generated,1
evaluation,systems,1
evaluation,network,1
evaluation,networks,1
evaluation,noise,1
evaluation,extracting,1
evaluation,gqa,1
evaluation,proposes,1
evaluation,models,1
evaluation,result,1
evaluation,pharmacological,1
evaluation,problem,1
evaluation,node,1
evaluation,performance,1
evaluation,limited,1
evaluation,fast,1
evaluation,real-world,1
evaluation,thousands,1
evaluation,owing,1
evaluation,propose,1
evaluation,tasks,1
evaluation,utilized,1
evaluation,process,1
evaluation,proteins,1
evaluation,time-consuming,1
evaluation,experimental,1
evaluation,prohibitively,1
evaluation,work,1
evaluation,graphitic,1
evaluation,gcn,1
evaluation,nodes,1
evaluation,excellent,1
evaluation,similar,1
evaluation,perform,1
evaluation,study,1
evaluation,strategy,1
evaluation,presents,1
evaluation,viable,1
evaluation,outperform,1
evaluation,explore,1
evaluation,samples,1
evaluation,research,1
evaluation,pressure,1
evaluation,graphs,1
evaluation,requirement,1
evaluation,numerous,1
evaluation,separation,1
evaluation,sets,1
evaluation,simultaneously,1
evaluation,resulting,1
evaluation,investigations,1
evaluation,transformers,1
evaluation,videos,1
evaluation,features,1
evaluation,years,1
evaluation,language,1
evaluation,theory,1
evaluation,leading,1
evaluation,rely,1
evaluation,heavily,1
evaluation,material,1
evaluation,gcns,1
evaluation,relation,1
evaluation,relations,1
evaluation,typically,1
evaluation,firstly,1
evaluation,understanding,1
evaluation,mscoco,1
evaluation,heterogeneous,1
evaluation,model,1
evaluation,sites,1
evaluation,points,1
evaluation,improve,1
evaluation,lstm,1
evaluation,technologies,1
evaluation,svm,1
evaluation,patients,1
evaluation,patient,1
evaluation,similarity,1
evaluation,rnas,1
evaluation,fourier,1
evaluation,initiative,1
evaluation,recently,1
evaluation,molecules,1
evaluation,unsupervised,1
evaluation,secure,1
evaluation,words,1
evaluation,transformer,1
evaluation,system,1
evaluation,water,1
evaluation,kinetics,1
evaluation,skeleton,1
evaluation,framework,1
evaluation,vehicle,1
evaluation,layer,1
evaluation,results,1
evaluation,learning,1
evaluation,ftir,1
evaluation,xps,1
evaluation,pose,1
evaluation,skeleton-based,1
evaluation,graph-based,1
evaluation,informative,1
evaluation,proposed,1
evaluation,meaningful,1
evaluation,revealed,1
evaluation,gcaru,1
evaluation,probability,1
evaluation,methodology,1
evaluation,spatial,1
evaluation,pubmed,1
evaluation,information,1
evaluation,role,1
evaluation,mcc,1
evaluation,optimization,1
evaluation,relationships,1
evaluation,representation,1
evaluation,represent,1
evaluation,generative,1
evaluation,global,1
evaluation,local,1
evaluation,training,1
evaluation,supervised,1
evaluation,works,1
evaluation,generate,1
evaluation,showed,1
evaluation,psf,1
evaluation,optimal,1
evaluation,key,1
evaluation,human,1
evaluation,technique,1
evaluation,prediction,1
evaluation,factors,1
evaluation,propagation,1
evaluation,time,1
evaluation,learn,1
evaluation,evolution,1
evaluation,optical,1
evaluation,focus,1
evaluation,modalities,1
evaluation,high,1
evaluation,module,1
evaluation,representations,1
evaluation,introduce,1
evaluation,neural,1
evaluation,expression,1
evaluation,user,1
evaluation,management,1
evaluation,predict,1
evaluation,feature,1
evaluation,set,1
evaluation,fully,1
evaluation,tumor,1
evaluation,target,1
evaluation,studies,1
evaluation,recognition,1
evaluation,identify,1
evaluation,multiple,1
evaluation,trend,1
evaluation,sparsity,1
evaluation,faces,1
evaluation,recent,1
evaluation,static,1
evaluation,gene,1
evaluation,surface,1
evaluation,significant,1
evaluation,immune,1
evaluation,knowledge,1
evaluation,temporal,1
evaluation,identification,1
evaluation,predicting,1
evaluation,number,1
evaluation,validate,1
evaluation,gat,1
evaluation,spatial-temporal,1
evaluation,single,1
evaluation,interaction,1
evaluation,layers,1
evaluation,task,1
evaluation,step,1
evaluation,machine,1
evaluation,traffic,1
evaluation,synthetic,1
evaluation,real,1
evaluation,visual,1
evaluation,layouts,1
evaluation,remote,1
evaluation,parameters,1
evaluation,rgb,1
evaluation,improved,1
evaluation,show,1
evaluation,large,1
evaluation,processing,1
evaluation,previous,1
evaluation,pairs,1
evaluation,include,1
evaluation,learns,1
evaluation,photocatalytic,1
evaluation,structural,1
evaluation,success,1
evaluation,variation,1
evaluation,identifying,1
evaluation,important,1
evaluation,memory,1
evaluation,unit,1
evaluation,gated,1
evaluation,patterns,1
evaluation,field,1
evaluation,great,1
evaluation,light,1
evaluation,functions,1
evaluation,targets,1
evaluation,multi-scale,1
evaluation,utilization,1
evaluation,structures,1
evaluation,neighbors,1
evaluation,part,1
evaluation,progress,1
evaluation,video,1
evaluation,focuses,1
evaluation,traditional,1
evaluation,stability,1
evaluation,sample,1
evaluation,pollutants,1
evaluation,tree,1
evaluation,motion,1
evaluation,types,1
evaluation,protein,1
evaluation,point,1
evaluation,reported,1
evaluation,remarkable,1
role,wide,1
role,specifically,1
role,structure,1
role,systems,1
role,tcga,1
role,tasks,1
role,utilized,1
role,time-consuming,1
role,work,1
role,similar,1
role,smoothing,1
role,study,1
role,strategy,1
role,viable,1
role,samples,1
role,separation,1
role,sets,1
role,simultaneously,1
role,transformers,1
role,videos,1
role,years,1
role,typically,1
role,understanding,1
role,sites,1
role,smiles,1
role,technologies,1
role,svm,1
role,similarity,1
role,unsupervised,1
role,words,1
role,transformer,1
role,system,1
role,water,1
role,skeleton,1
role,vehicle,1
role,xps,1
role,skeleton-based,1
role,spatial,1
role,sentiments,1
role,topic,1
role,training,1
role,supervised,1
role,works,1
role,showed,1
role,technique,1
role,time,1
role,user,1
role,set,1
role,tumor,1
role,target,1
role,studies,1
role,ternary,1
role,trend,1
role,sparsity,1
role,static,1
role,surface,1
role,significant,1
role,temporal,1
role,validate,1
role,spatial-temporal,1
role,single,1
role,task,1
role,step,1
role,traffic,1
role,synthetic,1
role,visual,1
role,show,1
role,structural,1
role,success,1
role,variation,1
role,unit,1
role,targets,1
role,utilization,1
role,structures,1
role,video,1
role,traditional,1
role,stability,1
role,sample,1
role,types,1
kinetoplastid,meiosis,1
kinetoplastid,rna,1
kinetoplastid,proteins,1
kinetoplastid,n-acetyltransferase,1
kinetoplastid,trypanosoma,1
kinetoplastid,unconventional,1
kinetoplastid,number,1
kinetoplastid,show,1
kinetoplastid,processing,1
kinetoplastid,protein,1
cgcnimp,methods,1
cgcnimp,generally,1
cgcnimp,noise,1
cgcnimp,problem,1
cgcnimp,performance,1
cgcnimp,real-world,1
cgcnimp,propose,1
cgcnimp,gcn,1
cgcnimp,granger,1
cgcnimp,model,1
cgcnimp,lstm,1
cgcnimp,datasets,1
cgcnimp,data,1
cgcnimp,results,1
cgcnimp,dependencies,1
cgcnimp,conduct,1
cgcnimp,time,1
cgcnimp,learn,1
cgcnimp,module,1
cgcnimp,neural,1
cgcnimp,complex,1
cgcnimp,temporal,1
cgcnimp,show,1
cgcnimp,previous,1
cgcnimp,variation,1
cgcnimp,memory,1
acc,paper,1
acc,method,1
acc,methods,1
acc,wide,1
acc,specifically,1
acc,demonstrates,1
acc,structure,1
acc,input,1
acc,existing,1
acc,ignore,1
acc,graph,1
acc,present,1
acc,extract,1
acc,published,1
acc,common,1
acc,gap,1
acc,developed,1
acc,attention,1
acc,network,1
acc,networks,1
acc,noise,1
acc,tcga,1
acc,critical,1
acc,applications,1
acc,models,1
acc,problem,1
acc,node,1
acc,performance,1
acc,real-world,1
acc,propose,1
acc,process,1
acc,proteins,1
acc,experimental,1
acc,elsevier,1
acc,gcn,1
acc,nodes,1
acc,similar,1
acc,study,1
acc,samples,1
acc,research,1
acc,auc,1
acc,graphs,1
acc,sets,1
acc,simultaneously,1
acc,area,1
acc,videos,1
acc,features,1
acc,leading,1
acc,gcns,1
acc,convolutional,1
acc,model,1
acc,cnn,1
acc,sites,1
acc,improve,1
acc,technologies,1
acc,euclidean,1
acc,patients,1
acc,patient,1
acc,algorithms,1
acc,copy,1
acc,transformer,1
acc,datasets,1
acc,data,1
acc,effectively,1
acc,layer,1
acc,results,1
acc,learning,1
acc,dependencies,1
acc,proposed,1
acc,based,1
acc,spatial,1
acc,information,1
acc,evaluation,1
acc,role,1
acc,mcc,1
acc,auroc,1
acc,auprc,1
acc,representation,1
acc,achieved,1
acc,local,1
acc,deep,1
acc,training,1
acc,error,1
acc,generate,1
acc,capture,1
acc,showed,1
acc,dataset,1
acc,prediction,1
acc,factors,1
acc,optical,1
acc,accuracy,1
acc,high,1
acc,neural,1
acc,expression,1
acc,predict,1
acc,feature,1
acc,set,1
acc,fully,1
acc,complex,1
acc,tumor,1
acc,studies,1
acc,identify,1
acc,challenges,1
acc,multiple,1
acc,trend,1
acc,faces,1
acc,gene,1
acc,significant,1
acc,knowledge,1
acc,temporal,1
acc,identification,1
acc,predicting,1
acc,number,1
acc,interaction,1
acc,task,1
acc,challenging,1
acc,machine,1
acc,analysis,1
acc,rgb,1
acc,show,1
acc,processing,1
acc,captures,1
acc,achieves,1
acc,effective,1
acc,structural,1
acc,identifying,1
acc,important,1
acc,patterns,1
acc,field,1
acc,great,1
acc,aggregation,1
acc,neighbors,1
acc,designed,1
acc,diffusion,1
acc,types,1
acc,protein,1
acc,background,1
mcc,paper,1
mcc,named,1
mcc,method,1
mcc,methods,1
mcc,wide,1
mcc,structure,1
mcc,network,1
mcc,networks,1
mcc,models,1
mcc,node,1
mcc,performance,1
mcc,propose,1
mcc,process,1
mcc,proteins,1
mcc,nodes,1
mcc,model,1
mcc,sites,1
mcc,results,1
mcc,proposed,1
mcc,revealed,1
mcc,role,1
mcc,prediction,1
mcc,propagation,1
mcc,representations,1
mcc,neural,1
mcc,step,1
mcc,previous,1
mcc,types,1
mcc,protein,1
auroc,drug-drug,1
auroc,paper,1
auroc,method,1
auroc,methods,1
auroc,wide,1
auroc,specifically,1
auroc,demonstrates,1
auroc,structure,1
auroc,input,1
auroc,existing,1
auroc,graph,1
auroc,literature,1
auroc,extract,1
auroc,increasing,1
auroc,developed,1
auroc,obtained,1
auroc,network,1
auroc,networks,1
auroc,rna,1
auroc,critical,1
auroc,models,1
auroc,result,1
auroc,beneficial,1
auroc,problem,1
auroc,performance,1
auroc,limited,1
auroc,propose,1
auroc,process,1
auroc,proteins,1
auroc,time-consuming,1
auroc,experimental,1
auroc,work,1
auroc,gcn,1
auroc,nodes,1
auroc,established,1
auroc,similar,1
auroc,perform,1
auroc,study,1
auroc,outperform,1
auroc,research,1
auroc,graphs,1
auroc,resulting,1
auroc,videos,1
auroc,features,1
auroc,understanding,1
auroc,convolutional,1
auroc,heterogeneous,1
auroc,model,1
auroc,cnn,1
auroc,due,1
auroc,sites,1
auroc,euclidean,1
auroc,patients,1
auroc,similarity,1
auroc,recently,1
auroc,molecules,1
auroc,system,1
auroc,datasets,1
auroc,data,1
auroc,layer,1
auroc,results,1
auroc,learning,1
auroc,graph-based,1
auroc,proposed,1
auroc,based,1
auroc,probability,1
auroc,information,1
auroc,evaluation,1
auroc,role,1
auroc,mcc,1
auroc,relationships,1
auroc,representation,1
auroc,global,1
auroc,local,1
auroc,deep,1
auroc,generate,1
auroc,capture,1
auroc,showed,1
auroc,dataset,1
auroc,key,1
auroc,human,1
auroc,prediction,1
auroc,neighbor,1
auroc,high,1
auroc,module,1
auroc,introduce,1
auroc,neural,1
auroc,expression,1
auroc,predict,1
auroc,feature,1
auroc,set,1
auroc,fully,1
auroc,complex,1
auroc,target,1
auroc,studies,1
auroc,recognition,1
auroc,identify,1
auroc,convolution,1
auroc,challenges,1
auroc,gene,1
auroc,significant,1
auroc,identification,1
auroc,predicting,1
auroc,number,1
auroc,single,1
auroc,interaction,1
auroc,step,1
auroc,machine,1
auroc,improved,1
auroc,show,1
auroc,employed,1
auroc,captures,1
auroc,embedding,1
auroc,structural,1
auroc,identifying,1
auroc,important,1
auroc,light,1
auroc,video,1
auroc,traditional,1
auroc,behaviors,1
auroc,protein,1
auroc,background,1
auprc,drug-drug,1
auprc,paper,1
auprc,methods,1
auprc,wide,1
auprc,demonstrates,1
auprc,structure,1
auprc,input,1
auprc,graph,1
auprc,network,1
auprc,critical,1
auprc,models,1
auprc,performance,1
auprc,limited,1
auprc,propose,1
auprc,proteins,1
auprc,experimental,1
auprc,established,1
auprc,similar,1
auprc,outperform,1
auprc,convolutional,1
auprc,model,1
auprc,sites,1
auprc,euclidean,1
auprc,similarity,1
auprc,molecules,1
auprc,data,1
auprc,results,1
auprc,learning,1
auprc,proposed,1
auprc,based,1
auprc,evaluation,1
auprc,role,1
auprc,mcc,1
auprc,auroc,1
auprc,generate,1
auprc,dataset,1
auprc,neural,1
auprc,fully,1
auprc,identification,1
auprc,interaction,1
auprc,step,1
auprc,machine,1
auprc,improved,1
auprc,employed,1
auprc,important,1
auprc,traditional,1
auprc,behaviors,1
auprc,protein,1
optimization,paper,1
optimization,wide,1
optimization,specifically,1
optimization,structure,1
optimization,present,1
optimization,rarely,1
optimization,pharmacology,1
optimization,published,1
optimization,reduced,1
optimization,roofs,1
optimization,systems,1
optimization,standards,1
optimization,proposes,1
optimization,result,1
optimization,pharmacological,1
optimization,three-dimensional,1
optimization,problem,1
optimization,performance,1
optimization,recombination,1
optimization,real-world,1
optimization,owing,1
optimization,propose,1
optimization,roads,1
optimization,tasks,1
optimization,utilized,1
optimization,process,1
optimization,time-consuming,1
optimization,work,1
optimization,similar,1
optimization,smoothing,1
optimization,perform,1
optimization,study,1
optimization,strategy,1
optimization,presents,1
optimization,outperform,1
optimization,u-shaped,1
optimization,samples,1
optimization,research,1
optimization,pressure,1
optimization,requirement,1
optimization,separation,1
optimization,sets,1
optimization,simultaneously,1
optimization,resulting,1
optimization,photocatalyst,1
optimization,transformers,1
optimization,videos,1
optimization,years,1
optimization,rely,1
optimization,relations,1
optimization,typically,1
optimization,understanding,1
optimization,sites,1
optimization,points,1
optimization,smiles,1
optimization,svm,1
optimization,softmax,1
optimization,patients,1
optimization,patient,1
optimization,similarity,1
optimization,recently,1
optimization,unsupervised,1
optimization,secure,1
optimization,transformer,1
optimization,system,1
optimization,water,1
optimization,skeleton,1
optimization,vehicle,1
optimization,results,1
optimization,pose,1
optimization,skeleton-based,1
optimization,proposed,1
optimization,revealed,1
optimization,probability,1
optimization,spatial,1
optimization,role,1
optimization,relationships,1
optimization,representation,1
optimization,represent,1
optimization,topic,1
optimization,updated,1
optimization,training,1
optimization,supervised,1
optimization,works,1
optimization,showed,1
optimization,pooling,1
optimization,technique,1
optimization,prediction,1
optimization,propagation,1
optimization,time,1
optimization,representations,1
optimization,user,1
optimization,predict,1
optimization,set,1
optimization,target,1
optimization,studies,1
optimization,recognition,1
optimization,ternary,1
optimization,trend,1
optimization,sparsity,1
optimization,recent,1
optimization,static,1
optimization,surface,1
optimization,significant,1
optimization,temporal,1
optimization,predicting,1
optimization,validate,1
optimization,spatial-temporal,1
optimization,single,1
optimization,task,1
optimization,step,1
optimization,traffic,1
optimization,synthetic,1
optimization,real,1
optimization,visual,1
optimization,remote,1
optimization,parameters,1
optimization,show,1
optimization,processing,1
optimization,previous,1
optimization,pairs,1
optimization,photocatalytic,1
optimization,structural,1
optimization,success,1
optimization,reactions,1
optimization,unit,1
optimization,patterns,1
optimization,utilization,1
optimization,structures,1
optimization,part,1
optimization,progress,1
optimization,video,1
optimization,traditional,1
optimization,stability,1
optimization,sample,1
optimization,pollutants,1
optimization,types,1
optimization,point,1
optimization,reported,1
relationships,wide,1
relationships,specifically,1
relationships,structure,1
relationships,systems,1
relationships,result,1
relationships,tasks,1
relationships,utilized,1
relationships,time-consuming,1
relationships,work,1
relationships,similar,1
relationships,smoothing,1
relationships,study,1
relationships,strategy,1
relationships,samples,1
relationships,research,1
relationships,requirement,1
relationships,sets,1
relationships,simultaneously,1
relationships,resulting,1
relationships,transformers,1
relationships,videos,1
relationships,years,1
relationships,theory,1
relationships,rely,1
relationships,typically,1
relationships,understanding,1
relationships,sites,1
relationships,softmax,1
relationships,similarity,1
relationships,rnas,1
relationships,unsupervised,1
relationships,secure,1
relationships,words,1
relationships,transformer,1
relationships,system,1
relationships,water,1
relationships,wiki,1
relationships,skeleton,1
relationships,vehicle,1
relationships,results,1
relationships,subgraph,1
relationships,skeleton-based,1
relationships,revealed,1
relationships,spatial,1
relationships,role,1
relationships,representation,1
relationships,represent,1
relationships,unifying,1
relationships,topic,1
relationships,updated,1
relationships,training,1
relationships,u-net,1
relationships,works,1
relationships,showed,1
relationships,technique,1
relationships,time,1
relationships,single-granular,1
relationships,representations,1
relationships,user,1
relationships,set,1
relationships,tumor,1
relationships,target,1
relationships,studies,1
relationships,trend,1
relationships,sparsity,1
relationships,static,1
relationships,significant,1
relationships,temporal,1
relationships,validate,1
relationships,spatial-temporal,1
relationships,single,1
relationships,task,1
relationships,step,1
relationships,traffic,1
relationships,synthetic,1
relationships,visual,1
relationships,remote,1
relationships,rgb,1
relationships,show,1
relationships,structural,1
relationships,success,1
relationships,variation,1
relationships,unit,1
relationships,targets,1
relationships,utilization,1
relationships,structures,1
relationships,video,1
relationships,traditional,1
relationships,stability,1
relationships,sample,1
relationships,tree,1
relationships,types,1
relationships,reported,1
relationships,remarkable,1
representation,wide,1
representation,specifically,1
representation,structure,1
representation,systems,1
representation,rna,1
representation,tcga,1
representation,result,1
representation,three-dimensional,1
representation,thousands,1
representation,tasks,1
representation,utilized,1
representation,time-consuming,1
representation,work,1
representation,similar,1
representation,smoothing,1
representation,study,1
representation,strategy,1
representation,string,1
representation,u-shaped,1
representation,samples,1
representation,research,1
representation,requirement,1
representation,separation,1
representation,sets,1
representation,simultaneously,1
representation,resulting,1
representation,transformers,1
representation,videos,1
representation,years,1
representation,theory,1
representation,typically,1
representation,understanding,1
representation,sites,1
representation,technologies,1
representation,svm,1
representation,softmax,1
representation,similarity,1
representation,rnas,1
representation,unsupervised,1
representation,secure,1
representation,words,1
representation,transformer,1
representation,system,1
representation,water,1
representation,wiki,1
representation,surge,1
representation,skeleton,1
representation,vehicle,1
representation,results,1
representation,subgraph,1
representation,skeleton-based,1
representation,revealed,1
representation,spatial,1
representation,sentiments,1
representation,role,1
representation,unifying,1
representation,topic,1
representation,training,1
representation,supervised,1
representation,works,1
representation,showed,1
representation,technique,1
representation,time,1
representation,single-granular,1
representation,representations,1
representation,user,1
representation,set,1
representation,tumor,1
representation,target,1
representation,studies,1
representation,trend,1
representation,sparsity,1
representation,static,1
representation,surface,1
representation,significant,1
representation,temporal,1
representation,validate,1
representation,spatial-temporal,1
representation,single,1
representation,task,1
representation,step,1
representation,traffic,1
representation,synthetic,1
representation,visual,1
representation,rgb,1
representation,show,1
representation,structural,1
representation,success,1
representation,variation,1
representation,unit,1
representation,targets,1
representation,utilization,1
representation,structures,1
representation,video,1
representation,traditional,1
representation,stability,1
representation,sample,1
representation,tree,1
representation,types,1
represent,wide,1
represent,specifically,1
represent,structure,1
represent,systems,1
represent,tcga,1
represent,result,1
represent,three-dimensional,1
represent,thousands,1
represent,tasks,1
represent,utilized,1
represent,work,1
represent,similar,1
represent,smoothing,1
represent,study,1
represent,strategy,1
represent,viable,1
represent,u-shaped,1
represent,samples,1
represent,research,1
represent,requirement,1
represent,sets,1
represent,simultaneously,1
represent,resulting,1
represent,transformers,1
represent,years,1
represent,theory,1
represent,typically,1
represent,understanding,1
represent,technologies,1
represent,svm,1
represent,similarity,1
represent,unsupervised,1
represent,words,1
represent,transformer,1
represent,system,1
represent,water,1
represent,skeleton,1
represent,results,1
represent,subgraph,1
represent,skeleton-based,1
represent,revealed,1
represent,spatial,1
represent,sentiments,1
represent,role,1
represent,representation,1
represent,topic,1
represent,training,1
represent,supervised,1
represent,works,1
represent,showed,1
represent,technique,1
represent,time,1
represent,representations,1
represent,user,1
represent,set,1
represent,target,1
represent,studies,1
represent,sparsity,1
represent,static,1
represent,significant,1
represent,temporal,1
represent,validate,1
represent,spatial-temporal,1
represent,single,1
represent,task,1
represent,step,1
represent,traffic,1
represent,synthetic,1
represent,visual,1
represent,rgb,1
represent,show,1
represent,structural,1
represent,success,1
represent,unit,1
represent,targets,1
represent,structures,1
represent,video,1
represent,traditional,1
represent,stability,1
represent,sample,1
represent,tree,1
represent,types,1
fenton,method,1
fenton,structure,1
fenton,metal,1
fenton,present,1
fenton,literature,1
fenton,published,1
fenton,generated,1
fenton,systems,1
fenton,performance,1
fenton,process,1
fenton,work,1
fenton,gcn,1
fenton,strategy,1
fenton,samples,1
fenton,separation,1
fenton,photocatalyst,1
fenton,heterogeneous,1
fenton,sites,1
fenton,system,1
fenton,water,1
fenton,kinetics,1
fenton,methodology,1
fenton,role,1
fenton,optimal,1
fenton,time,1
fenton,high,1
fenton,improved,1
fenton,photocatalytic,1
fenton,light,1
fenton,utilization,1
fenton,pollutants,1
generative,paper,1
generative,named,1
generative,method,1
generative,methods,1
generative,wide,1
generative,specifically,1
generative,structure,1
generative,input,1
generative,ignore,1
generative,graph,1
generative,present,1
generative,rarely,1
generative,published,1
generative,increasing,1
generative,roofs,1
generative,independently,1
generative,systems,1
generative,network,1
generative,networks,1
generative,noise,1
generative,proposes,1
generative,models,1
generative,result,1
generative,problem,1
generative,node,1
generative,performance,1
generative,limited,1
generative,real-world,1
generative,owing,1
generative,propose,1
generative,tasks,1
generative,utilized,1
generative,process,1
generative,time-consuming,1
generative,work,1
generative,nodes,1
generative,perform,1
generative,study,1
generative,strategy,1
generative,presents,1
generative,samples,1
generative,research,1
generative,graphs,1
generative,simultaneously,1
generative,resulting,1
generative,investigations,1
generative,transformers,1
generative,videos,1
generative,years,1
generative,rely,1
generative,relation,1
generative,relations,1
generative,understanding,1
generative,model,1
generative,points,1
generative,improve,1
generative,lstm,1
generative,technologies,1
generative,patients,1
generative,patient,1
generative,similarity,1
generative,recently,1
generative,molecules,1
generative,molecule,1
generative,unsupervised,1
generative,secure,1
generative,words,1
generative,transformer,1
generative,system,1
generative,skeleton,1
generative,vehicle,1
generative,layer,1
generative,results,1
generative,learning,1
generative,pose,1
generative,graph-based,1
generative,proposed,1
generative,meaningful,1
generative,probability,1
generative,methodology,1
generative,spatial,1
generative,information,1
generative,role,1
generative,optimization,1
generative,relationships,1
generative,representation,1
generative,represent,1
generative,topic,1
generative,global,1
generative,local,1
generative,training,1
generative,supervised,1
generative,works,1
generative,optimal,1
generative,key,1
generative,human,1
generative,technique,1
generative,prediction,1
generative,time,1
generative,learn,1
generative,modalities,1
generative,high,1
generative,representations,1
generative,introduce,1
generative,neural,1
generative,user,1
generative,predict,1
generative,tumor,1
generative,target,1
generative,studies,1
generative,recognition,1
generative,identify,1
generative,multiple,1
generative,recent,1
generative,significant,1
generative,knowledge,1
generative,temporal,1
generative,identification,1
generative,predicting,1
generative,number,1
generative,validate,1
generative,spatial-temporal,1
generative,single,1
generative,task,1
generative,machine,1
generative,traffic,1
generative,synthetic,1
generative,real,1
generative,visual,1
generative,layouts,1
generative,remote,1
generative,parameters,1
generative,improved,1
generative,show,1
generative,large,1
generative,processing,1
generative,previous,1
generative,structural,1
generative,success,1
generative,important,1
generative,memory,1
generative,patterns,1
generative,great,1
generative,structures,1
generative,part,1
generative,video,1
generative,traditional,1
generative,stability,1
generative,sample,1
generative,types,1
generative,point,1
generative,reported,1
generative,remarkable,1
achieved,drug-drug,1
achieved,paper,1
achieved,named,1
achieved,method,1
achieved,methods,1
achieved,inferred,1
achieved,wide,1
achieved,actions,1
achieved,specifically,1
achieved,demonstrates,1
achieved,dual,1
achieved,anchored,1
achieved,structure,1
achieved,input,1
achieved,existing,1
achieved,approaches,1
achieved,ignore,1
achieved,benefit,1
achieved,graph,1
achieved,considered,1
achieved,low-pass,1
achieved,attributes,1
achieved,metal,1
achieved,nitride,1
achieved,present,1
achieved,literature,1
achieved,rarely,1
achieved,concentrated,1
achieved,extract,1
achieved,published,1
achieved,curated,1
achieved,generally,1
achieved,common,1
achieved,increasing,1
achieved,reduced,1
achieved,gap,1
achieved,developed,1
achieved,cancers,1
achieved,independently,1
achieved,explicitly,1
achieved,attention,1
achieved,obtained,1
achieved,generated,1
achieved,systems,1
achieved,network,1
achieved,networks,1
achieved,noise,1
achieved,extracting,1
achieved,rna,1
achieved,tcga,1
achieved,gqa,1
achieved,proposes,1
achieved,critical,1
achieved,assessment,1
achieved,applications,1
achieved,models,1
achieved,result,1
achieved,beneficial,1
achieved,pharmacological,1
achieved,efficient,1
achieved,three-dimensional,1
achieved,classification,1
achieved,problem,1
achieved,node,1
achieved,address,1
achieved,performance,1
achieved,limited,1
achieved,fast,1
achieved,recombination,1
achieved,real-world,1
achieved,hours,1
achieved,owing,1
achieved,propose,1
achieved,roads,1
achieved,tasks,1
achieved,alternatively,1
achieved,utilized,1
achieved,determination,1
achieved,process,1
achieved,proteins,1
achieved,encoded,1
achieved,time-consuming,1
achieved,experimental,1
achieved,elsevier,1
achieved,heterojunction,1
achieved,chemical,1
achieved,liquid,1
achieved,work,1
achieved,graphitic,1
achieved,gcn,1
achieved,nodes,1
achieved,established,1
achieved,mixed,1
achieved,excellent,1
achieved,capability,1
achieved,similar,1
achieved,smoothing,1
achieved,perform,1
achieved,study,1
achieved,strategy,1
achieved,presents,1
achieved,outperform,1
achieved,descriptor,1
achieved,explore,1
achieved,samples,1
achieved,research,1
achieved,pressure,1
achieved,auc,1
achieved,graphs,1
achieved,requirement,1
achieved,numerous,1
achieved,separation,1
achieved,sets,1
achieved,simultaneously,1
achieved,markers,1
achieved,area,1
achieved,holes,1
achieved,resulting,1
achieved,photocatalyst,1
achieved,investigations,1
achieved,transformers,1
achieved,activity,1
achieved,videos,1
achieved,features,1
achieved,years,1
achieved,language,1
achieved,theory,1
achieved,leading,1
achieved,rely,1
achieved,heavily,1
achieved,material,1
achieved,gcns,1
achieved,relation,1
achieved,relations,1
achieved,typically,1
achieved,firstly,1
achieved,understanding,1
achieved,kitti,1
achieved,artifact,1
achieved,convolutional,1
achieved,mscoco,1
achieved,heterogeneous,1
achieved,model,1
achieved,cnn,1
achieved,due,1
achieved,sites,1
achieved,cloud,1
achieved,points,1
achieved,efficiency,1
achieved,improve,1
achieved,ethereum,1
achieved,lstm,1
achieved,bidirectional,1
achieved,catalysts,1
achieved,technologies,1
achieved,capacity,1
achieved,svm,1
achieved,softmax,1
achieved,euclidean,1
achieved,patients,1
achieved,patient,1
achieved,similarity,1
achieved,annotations,1
achieved,rnas,1
achieved,algorithms,1
achieved,initiative,1
achieved,pca,1
achieved,decades,1
achieved,copy,1
achieved,recently,1
achieved,molecules,1
achieved,ntu,1
achieved,edges,1
achieved,unsupervised,1
achieved,matthews,1
achieved,nlp,1
achieved,words,1
achieved,transformer,1
achieved,system,1
achieved,water,1
achieved,datasets,1
achieved,data,1
achieved,effectively,1
achieved,surge,1
achieved,data-driven,1
achieved,kinetics,1
achieved,skeleton,1
achieved,canadian,1
achieved,framework,1
achieved,vehicle,1
achieved,end,1
achieved,layer,1
achieved,results,1
achieved,learning,1
achieved,subgraph,1
achieved,xps,1
achieved,pose,1
achieved,skeleton-based,1
achieved,algorithm,1
achieved,graph-based,1
achieved,informative,1
achieved,dependencies,1
achieved,proposed,1
achieved,based,1
achieved,conduct,1
achieved,meaningful,1
achieved,revealed,1
achieved,probability,1
achieved,methodology,1
achieved,spatial,1
achieved,pubmed,1
achieved,electron,1
achieved,information,1
achieved,evaluation,1
achieved,role,1
achieved,mcc,1
achieved,auroc,1
achieved,auprc,1
achieved,optimization,1
achieved,relationships,1
achieved,representation,1
achieved,represent,1
achieved,embeddings,1
achieved,laplacian,1
achieved,topic,1
achieved,global,1
achieved,local,1
achieved,deep,1
achieved,training,1
achieved,correlations,1
achieved,u-net,1
achieved,supervised,1
achieved,error,1
achieved,works,1
achieved,generate,1
achieved,capture,1
achieved,showed,1
achieved,optimal,1
achieved,pooling,1
achieved,dataset,1
achieved,key,1
achieved,human,1
achieved,technique,1
achieved,prediction,1
achieved,factors,1
achieved,propagation,1
achieved,time,1
achieved,learn,1
achieved,neighbor,1
achieved,evolution,1
achieved,optical,1
achieved,approach,1
achieved,focus,1
achieved,desirable,1
achieved,modalities,1
achieved,high,1
achieved,module,1
achieved,representations,1
achieved,introduce,1
achieved,neural,1
achieved,expression,1
achieved,user,1
achieved,management,1
achieved,predict,1
achieved,feature,1
achieved,set,1
achieved,fully,1
achieved,complex,1
achieved,tumor,1
achieved,target,1
achieved,studies,1
achieved,dense,1
achieved,recognition,1
achieved,identify,1
achieved,convolution,1
achieved,challenges,1
achieved,multiple,1
achieved,ternary,1
achieved,trend,1
achieved,faces,1
achieved,recent,1
achieved,static,1
achieved,gene,1
achieved,surface,1
achieved,significant,1
achieved,knowledge,1
achieved,temporal,1
achieved,identification,1
achieved,predicting,1
achieved,number,1
achieved,validate,1
achieved,gat,1
achieved,spatial-temporal,1
achieved,single,1
achieved,interaction,1
achieved,layers,1
achieved,task,1
achieved,challenging,1
achieved,energy,1
achieved,step,1
achieved,machine,1
achieved,traffic,1
achieved,communication,1
achieved,synthetic,1
achieved,real,1
achieved,visual,1
achieved,cells,1
achieved,remote,1
achieved,analysis,1
achieved,parameters,1
achieved,rgb,1
achieved,improved,1
achieved,show,1
achieved,large,1
achieved,processing,1
achieved,conditions,1
achieved,previous,1
achieved,pairs,1
achieved,employed,1
achieved,include,1
achieved,captures,1
achieved,learns,1
achieved,achieves,1
achieved,embedding,1
achieved,effective,1
achieved,photocatalytic,1
achieved,structural,1
achieved,success,1
achieved,cases,1
achieved,variation,1
achieved,identifying,1
achieved,important,1
achieved,reactions,1
achieved,memory,1
achieved,unit,1
achieved,gated,1
achieved,patterns,1
achieved,field,1
achieved,correction,1
achieved,constructing,1
achieved,comprehensive,1
achieved,great,1
achieved,action,1
achieved,light,1
achieved,functions,1
achieved,targets,1
achieved,architecture,1
achieved,multi-scale,1
achieved,annotation,1
achieved,utilization,1
achieved,aggregation,1
achieved,structures,1
achieved,neighbors,1
achieved,progress,1
achieved,video,1
achieved,focuses,1
achieved,capturing,1
achieved,traditional,1
achieved,affected,1
achieved,stability,1
achieved,sample,1
achieved,designed,1
achieved,pollutants,1
achieved,behaviors,1
achieved,tree,1
achieved,motion,1
achieved,types,1
achieved,protein,1
achieved,point,1
achieved,reported,1
achieved,remarkable,1
achieved,background,1
achieved,center,1
achieved,band,1
dmax,graph,1
dmax,generated,1
dmax,network,1
dmax,networks,1
dmax,experimental,1
dmax,study,1
dmax,graphs,1
dmax,features,1
dmax,model,1
dmax,due,1
dmax,smiles,1
dmax,molecules,1
dmax,molecule,1
dmax,layer,1
dmax,proposed,1
dmax,generate,1
dmax,prediction,1
dmax,representations,1
dmax,neural,1
dmax,predict,1
dmax,feature,1
dmax,set,1
dmax,target,1
dmax,show,1
dmax,memory,1
dmax,structures,1
dmax,protein,1
unifying,work,1
unifying,unsupervised,1
embeddings,paper,1
embeddings,named,1
embeddings,method,1
embeddings,methods,1
embeddings,intuitively,1
embeddings,inferred,1
embeddings,wide,1
embeddings,specifically,1
embeddings,structure,1
embeddings,input,1
embeddings,existing,1
embeddings,ignore,1
embeddings,graph,1
embeddings,present,1
embeddings,literature,1
embeddings,rarely,1
embeddings,extract,1
embeddings,published,1
embeddings,generally,1
embeddings,increasing,1
embeddings,gap,1
embeddings,independently,1
embeddings,explicitly,1
embeddings,obtained,1
embeddings,generated,1
embeddings,systems,1
embeddings,network,1
embeddings,networks,1
embeddings,noise,1
embeddings,tcga,1
embeddings,proposes,1
embeddings,models,1
embeddings,result,1
embeddings,problem,1
embeddings,node,1
embeddings,performance,1
embeddings,limited,1
embeddings,real-world,1
embeddings,thousands,1
embeddings,owing,1
embeddings,propose,1
embeddings,tasks,1
embeddings,utilized,1
embeddings,process,1
embeddings,proteins,1
embeddings,encoded,1
embeddings,time-consuming,1
embeddings,experimental,1
embeddings,work,1
embeddings,gcn,1
embeddings,nodes,1
embeddings,excellent,1
embeddings,similar,1
embeddings,smoothing,1
embeddings,perform,1
embeddings,study,1
embeddings,strategy,1
embeddings,presents,1
embeddings,outperform,1
embeddings,explore,1
embeddings,samples,1
embeddings,research,1
embeddings,graphs,1
embeddings,requirement,1
embeddings,numerous,1
embeddings,sets,1
embeddings,simultaneously,1
embeddings,resulting,1
embeddings,investigations,1
embeddings,features,1
embeddings,years,1
embeddings,language,1
embeddings,leading,1
embeddings,rely,1
embeddings,gcns,1
embeddings,relation,1
embeddings,relations,1
embeddings,typically,1
embeddings,firstly,1
embeddings,understanding,1
embeddings,heterogeneous,1
embeddings,model,1
embeddings,points,1
embeddings,improve,1
embeddings,ethereum,1
embeddings,lstm,1
embeddings,technologies,1
embeddings,euclidean,1
embeddings,patients,1
embeddings,similarity,1
embeddings,initiative,1
embeddings,recently,1
embeddings,unsupervised,1
embeddings,nlp,1
embeddings,words,1
embeddings,transformer,1
embeddings,system,1
embeddings,wiki,1
embeddings,surge,1
embeddings,skeleton,1
embeddings,framework,1
embeddings,end,1
embeddings,layer,1
embeddings,results,1
embeddings,learning,1
embeddings,subgraph,1
embeddings,skeleton-based,1
embeddings,graph-based,1
embeddings,informative,1
embeddings,proposed,1
embeddings,meaningful,1
embeddings,probability,1
embeddings,spatial,1
embeddings,pubmed,1
embeddings,sentiments,1
embeddings,information,1
embeddings,evaluation,1
embeddings,role,1
embeddings,optimization,1
embeddings,relationships,1
embeddings,representation,1
embeddings,represent,1
embeddings,generative,1
embeddings,laplacian,1
embeddings,topic,1
embeddings,updated,1
embeddings,global,1
embeddings,local,1
embeddings,training,1
embeddings,supervised,1
embeddings,error,1
embeddings,works,1
embeddings,generate,1
embeddings,showed,1
embeddings,optimal,1
embeddings,pooling,1
embeddings,key,1
embeddings,human,1
embeddings,technique,1
embeddings,prediction,1
embeddings,factors,1
embeddings,propagation,1
embeddings,time,1
embeddings,learn,1
embeddings,neighbor,1
embeddings,evolution,1
embeddings,single-granular,1
embeddings,focus,1
embeddings,modalities,1
embeddings,high,1
embeddings,module,1
embeddings,representations,1
embeddings,introduce,1
embeddings,neural,1
embeddings,expression,1
embeddings,user,1
embeddings,management,1
embeddings,predict,1
embeddings,feature,1
embeddings,set,1
embeddings,fully,1
embeddings,target,1
embeddings,studies,1
embeddings,recognition,1
embeddings,identify,1
embeddings,multiple,1
embeddings,sparsity,1
embeddings,recent,1
embeddings,static,1
embeddings,gene,1
embeddings,significant,1
embeddings,knowledge,1
embeddings,temporal,1
embeddings,identification,1
embeddings,predicting,1
embeddings,number,1
embeddings,validate,1
embeddings,gat,1
embeddings,single,1
embeddings,interaction,1
embeddings,layers,1
embeddings,task,1
embeddings,energy,1
embeddings,step,1
embeddings,machine,1
embeddings,traffic,1
embeddings,synthetic,1
embeddings,real,1
embeddings,visual,1
embeddings,remote,1
embeddings,parameters,1
embeddings,improved,1
embeddings,show,1
embeddings,large,1
embeddings,processing,1
embeddings,previous,1
embeddings,pairs,1
embeddings,employed,1
embeddings,include,1
embeddings,learns,1
embeddings,structural,1
embeddings,success,1
embeddings,identifying,1
embeddings,important,1
embeddings,memory,1
embeddings,patterns,1
embeddings,field,1
embeddings,great,1
embeddings,light,1
embeddings,functions,1
embeddings,targets,1
embeddings,multi-scale,1
embeddings,utilization,1
embeddings,structures,1
embeddings,neighbors,1
embeddings,part,1
embeddings,progress,1
embeddings,focuses,1
embeddings,traditional,1
embeddings,stability,1
embeddings,sample,1
embeddings,tree,1
embeddings,types,1
embeddings,protein,1
embeddings,point,1
embeddings,reported,1
laplacian,paper,1
laplacian,method,1
laplacian,methods,1
laplacian,specifically,1
laplacian,structure,1
laplacian,literature,1
laplacian,published,1
laplacian,obtained,1
laplacian,systems,1
laplacian,network,1
laplacian,networks,1
laplacian,noise,1
laplacian,models,1
laplacian,problem,1
laplacian,node,1
laplacian,performance,1
laplacian,limited,1
laplacian,real-world,1
laplacian,owing,1
laplacian,propose,1
laplacian,tasks,1
laplacian,utilized,1
laplacian,process,1
laplacian,time-consuming,1
laplacian,work,1
laplacian,nodes,1
laplacian,similar,1
laplacian,smoothing,1
laplacian,perform,1
laplacian,study,1
laplacian,strategy,1
laplacian,presents,1
laplacian,research,1
laplacian,years,1
laplacian,theory,1
laplacian,leading,1
laplacian,model,1
laplacian,recently,1
laplacian,nlp,1
laplacian,transformer,1
laplacian,layer,1
laplacian,results,1
laplacian,learning,1
laplacian,proposed,1
laplacian,spatial,1
laplacian,optimization,1
laplacian,representation,1
laplacian,represent,1
laplacian,topic,1
laplacian,local,1
laplacian,training,1
laplacian,works,1
laplacian,optimal,1
laplacian,prediction,1
laplacian,propagation,1
laplacian,time,1
laplacian,learn,1
laplacian,neighbor,1
laplacian,module,1
laplacian,neural,1
laplacian,user,1
laplacian,predict,1
laplacian,target,1
laplacian,studies,1
laplacian,multiple,1
laplacian,recent,1
laplacian,surface,1
laplacian,temporal,1
laplacian,predicting,1
laplacian,number,1
laplacian,validate,1
laplacian,spatial-temporal,1
laplacian,layers,1
laplacian,task,1
laplacian,machine,1
laplacian,remote,1
laplacian,parameters,1
laplacian,show,1
laplacian,large,1
laplacian,processing,1
laplacian,previous,1
laplacian,learns,1
laplacian,structural,1
laplacian,success,1
laplacian,memory,1
laplacian,unit,1
laplacian,light,1
laplacian,structures,1
laplacian,neighbors,1
laplacian,part,1
laplacian,traditional,1
laplacian,types,1
topic,wide,1
topic,utilized,1
topic,work,1
topic,years,1
topic,typically,1
topic,understanding,1
topic,unsupervised,1
topic,words,1
topic,transformer,1
topic,water,1
topic,training,1
topic,works,1
topic,user,1
topic,tumor,1
topic,trend,1
topic,validate,1
topic,traffic,1
topic,visual,1
topic,traditional,1
topic,tree,1
topic,types,1
updated,work,1
updated,years,1
updated,user,1
global,paper,1
global,named,1
global,method,1
global,methods,1
global,wide,1
global,specifically,1
global,interacts,1
global,structure,1
global,input,1
global,ignore,1
global,graph,1
global,low-pass,1
global,nitride,1
global,present,1
global,literature,1
global,published,1
global,increasing,1
global,reduced,1
global,independently,1
global,obtained,1
global,systems,1
global,network,1
global,standards,1
global,networks,1
global,noise,1
global,proposes,1
global,models,1
global,result,1
global,pharmacological,1
global,problem,1
global,node,1
global,performance,1
global,limited,1
global,real-world,1
global,thousands,1
global,hours,1
global,owing,1
global,propose,1
global,roads,1
global,tasks,1
global,utilized,1
global,process,1
global,seoul,1
global,time-consuming,1
global,heterojunction,1
global,liquid,1
global,work,1
global,graphitic,1
global,nodes,1
global,mixed,1
global,similar,1
global,smoothing,1
global,perform,1
global,study,1
global,strategy,1
global,presents,1
global,outperform,1
global,string,1
global,samples,1
global,research,1
global,graphs,1
global,requirement,1
global,numerous,1
global,sets,1
global,simultaneously,1
global,resulting,1
global,photocatalyst,1
global,sciences,1
global,transformers,1
global,videos,1
global,years,1
global,language,1
global,theory,1
global,leading,1
global,rely,1
global,heavily,1
global,gps,1
global,relation,1
global,relations,1
global,typically,1
global,understanding,1
global,kitti,1
global,mscoco,1
global,heterogeneous,1
global,model,1
global,sites,1
global,points,1
global,improve,1
global,lstm,1
global,technologies,1
global,svm,1
global,softmax,1
global,patients,1
global,similarity,1
global,pca,1
global,recently,1
global,molecules,1
global,molecule,1
global,ntu,1
global,unsupervised,1
global,nlp,1
global,words,1
global,transformer,1
global,system,1
global,water,1
global,wiki,1
global,kinetics,1
global,skeleton,1
global,vehicle,1
global,guided,1
global,layer,1
global,results,1
global,learning,1
global,pose,1
global,skeleton-based,1
global,graph-based,1
global,informative,1
global,proposed,1
global,meaningful,1
global,revealed,1
global,probability,1
global,spatial,1
global,pubmed,1
global,information,1
global,role,1
global,optimization,1
global,relationships,1
global,representation,1
global,represent,1
global,laplacian,1
global,topic,1
global,local,1
global,training,1
global,u-net,1
global,supervised,1
global,works,1
global,showed,1
global,optimal,1
global,presentation,1
global,pooling,1
global,key,1
global,human,1
global,technique,1
global,prediction,1
global,propagation,1
global,time,1
global,learn,1
global,neighbor,1
global,single-granular,1
global,optical,1
global,modalities,1
global,high,1
global,module,1
global,representations,1
global,introduce,1
global,neural,1
global,user,1
global,management,1
global,predict,1
global,set,1
global,tumor,1
global,target,1
global,studies,1
global,recognition,1
global,identify,1
global,multiple,1
global,trend,1
global,sparsity,1
global,recent,1
global,static,1
global,surface,1
global,significant,1
global,knowledge,1
global,temporal,1
global,identification,1
global,predicting,1
global,number,1
global,validate,1
global,spatial-temporal,1
global,single,1
global,interaction,1
global,layers,1
global,task,1
global,step,1
global,machine,1
global,traffic,1
global,synthetic,1
global,real,1
global,visual,1
global,remote,1
global,parameters,1
global,rgb,1
global,improved,1
global,show,1
global,large,1
global,processing,1
global,previous,1
global,pairs,1
global,include,1
global,learns,1
global,photocatalytic,1
global,structural,1
global,success,1
global,variation,1
global,identifying,1
global,important,1
global,reactions,1
global,memory,1
global,unit,1
global,patterns,1
global,great,1
global,light,1
global,targets,1
global,multi-scale,1
global,utilization,1
global,structures,1
global,neighbors,1
global,part,1
global,progress,1
global,video,1
global,traditional,1
global,stability,1
global,sample,1
global,pollutants,1
global,tree,1
global,motion,1
global,types,1
global,protein,1
global,point,1
global,reported,1
global,remarkable,1
local,paper,1
local,named,1
local,method,1
local,methods,1
local,wide,1
local,specifically,1
local,structure,1
local,metal,1
local,nitride,1
local,present,1
local,published,1
local,reduced,1
local,obtained,1
local,systems,1
local,network,1
local,networks,1
local,noise,1
local,proposes,1
local,models,1
local,result,1
local,three-dimensional,1
local,problem,1
local,node,1
local,performance,1
local,real-world,1
local,thousands,1
local,owing,1
local,propose,1
local,tasks,1
local,utilized,1
local,process,1
local,proteins,1
local,time-consuming,1
local,work,1
local,nodes,1
local,mixed,1
local,similar,1
local,smoothing,1
local,perform,1
local,study,1
local,strategy,1
local,presents,1
local,outperform,1
local,samples,1
local,research,1
local,requirement,1
local,numerous,1
local,separation,1
local,sets,1
local,simultaneously,1
local,resulting,1
local,plant,1
local,transformers,1
local,videos,1
local,years,1
local,theory,1
local,rely,1
local,material,1
local,relation,1
local,relations,1
local,typically,1
local,understanding,1
local,mscoco,1
local,model,1
local,sites,1
local,points,1
local,lstm,1
local,technologies,1
local,svm,1
local,softmax,1
local,patients,1
local,patient,1
local,similarity,1
local,recently,1
local,molecules,1
local,molecule,1
local,ntu,1
local,unsupervised,1
local,nlp,1
local,words,1
local,transformer,1
local,system,1
local,wiki,1
local,skeleton,1
local,vehicle,1
local,results,1
local,subgraph,1
local,pose,1
local,skeleton-based,1
local,proposed,1
local,meaningful,1
local,probability,1
local,methodology,1
local,spatial,1
local,pubmed,1
local,role,1
local,optimization,1
local,relationships,1
local,representation,1
local,represent,1
local,topic,1
local,updated,1
local,training,1
local,u-net,1
local,supervised,1
local,works,1
local,showed,1
local,optimal,1
local,presentation,1
local,pooling,1
local,technique,1
local,prediction,1
local,propagation,1
local,time,1
local,neighbor,1
local,single-granular,1
local,module,1
local,representations,1
local,neural,1
local,user,1
local,management,1
local,predict,1
local,set,1
local,tumor,1
local,target,1
local,studies,1
local,recognition,1
local,multiple,1
local,trend,1
local,sparsity,1
local,recent,1
local,static,1
local,surface,1
local,significant,1
local,temporal,1
local,predicting,1
local,number,1
local,validate,1
local,spatial-temporal,1
local,single,1
local,task,1
local,step,1
local,machine,1
local,traffic,1
local,synthetic,1
local,real,1
local,visual,1
local,remote,1
local,splitting,1
local,parameters,1
local,rgb,1
local,show,1
local,processing,1
local,previous,1
local,pairs,1
local,structural,1
local,success,1
local,variation,1
local,reactions,1
local,memory,1
local,unit,1
local,patterns,1
local,targets,1
local,multi-scale,1
local,utilization,1
local,structures,1
local,neighbors,1
local,part,1
local,progress,1
local,video,1
local,traditional,1
local,stability,1
local,sample,1
local,tree,1
local,motion,1
local,types,1
local,protein,1
local,point,1
local,reported,1
local,remarkable,1
deep,paper,1
deep,named,1
deep,method,1
deep,methods,1
deep,intuitively,1
deep,inferred,1
deep,wide,1
deep,specifically,1
deep,demonstrates,1
deep,dual,1
deep,structure,1
deep,input,1
deep,existing,1
deep,ignore,1
deep,graph,1
deep,metal,1
deep,present,1
deep,literature,1
deep,rarely,1
deep,extract,1
deep,published,1
deep,generally,1
deep,increasing,1
deep,reduced,1
deep,gap,1
deep,developed,1
deep,hyperlinks,1
deep,independently,1
deep,differently,1
deep,explicitly,1
deep,obtained,1
deep,generated,1
deep,systems,1
deep,network,1
deep,standards,1
deep,networks,1
deep,noise,1
deep,extracting,1
deep,rna,1
deep,tcga,1
deep,proposes,1
deep,models,1
deep,result,1
deep,pharmacological,1
deep,efficient,1
deep,three-dimensional,1
deep,problem,1
deep,node,1
deep,performance,1
deep,limited,1
deep,fast,1
deep,recombination,1
deep,real-world,1
deep,thousands,1
deep,hours,1
deep,owing,1
deep,propose,1
deep,tasks,1
deep,utilized,1
deep,determination,1
deep,process,1
deep,proteins,1
deep,encoded,1
deep,time-consuming,1
deep,experimental,1
deep,elsevier,1
deep,liquid,1
deep,work,1
deep,gcn,1
deep,nodes,1
deep,established,1
deep,mixed,1
deep,excellent,1
deep,similar,1
deep,smoothing,1
deep,perform,1
deep,households,1
deep,study,1
deep,strategy,1
deep,presents,1
deep,viable,1
deep,outperform,1
deep,descriptor,1
deep,explore,1
deep,sgc,1
deep,u-shaped,1
deep,samples,1
deep,research,1
deep,graphs,1
deep,requirement,1
deep,numerous,1
deep,separation,1
deep,sets,1
deep,simultaneously,1
deep,markers,1
deep,holes,1
deep,resulting,1
deep,sciences,1
deep,plant,1
deep,transformers,1
deep,harmful,1
deep,videos,1
deep,features,1
deep,years,1
deep,language,1
deep,theory,1
deep,leading,1
deep,rely,1
deep,heavily,1
deep,hemisphere,1
deep,gps,1
deep,material,1
deep,gcns,1
deep,relation,1
deep,relations,1
deep,typically,1
deep,firstly,1
deep,understanding,1
deep,imdb,1
deep,kitti,1
deep,mscoco,1
deep,heterogeneous,1
deep,model,1
deep,due,1
deep,sites,1
deep,points,1
deep,efficiency,1
deep,improve,1
deep,ethereum,1
deep,lstm,1
deep,smiles,1
deep,technologies,1
deep,svm,1
deep,knn,1
deep,softmax,1
deep,formed,1
deep,euclidean,1
deep,patients,1
deep,patient,1
deep,similarity,1
deep,rnas,1
deep,initiative,1
deep,pca,1
deep,recently,1
deep,molecules,1
deep,molecule,1
deep,ntu,1
deep,edges,1
deep,unsupervised,1
deep,matthews,1
deep,secure,1
deep,nlp,1
deep,words,1
deep,transformer,1
deep,system,1
deep,water,1
deep,effectively,1
deep,kinetics,1
deep,skeleton,1
deep,framework,1
deep,vehicle,1
deep,guided,1
deep,end,1
deep,layer,1
deep,results,1
deep,learning,1
deep,subgraph,1
deep,pose,1
deep,skeleton-based,1
deep,graph-based,1
deep,informative,1
deep,dependencies,1
deep,proposed,1
deep,meaningful,1
deep,revealed,1
deep,probability,1
deep,methodology,1
deep,spatial,1
deep,pubmed,1
deep,sentiments,1
deep,information,1
deep,evaluation,1
deep,role,1
deep,optimization,1
deep,relationships,1
deep,representation,1
deep,represent,1
deep,generative,1
deep,dmax,1
deep,embeddings,1
deep,laplacian,1
deep,topic,1
deep,updated,1
deep,global,1
deep,local,1
deep,training,1
deep,u-net,1
deep,supervised,1
deep,error,1
deep,works,1
deep,generate,1
deep,showed,1
deep,optimal,1
deep,presentation,1
deep,pooling,1
deep,key,1
deep,human,1
deep,technique,1
deep,prediction,1
deep,factors,1
deep,propagation,1
deep,time,1
deep,learn,1
deep,neighbor,1
deep,evolution,1
deep,optical,1
deep,focus,1
deep,desirable,1
deep,modalities,1
deep,high,1
deep,module,1
deep,representations,1
deep,introduce,1
deep,neural,1
deep,expression,1
deep,user,1
deep,management,1
deep,predict,1
deep,feature,1
deep,set,1
deep,fully,1
deep,tumor,1
deep,target,1
deep,studies,1
deep,dense,1
deep,recognition,1
deep,identify,1
deep,multiple,1
deep,trend,1
deep,sparsity,1
deep,faces,1
deep,recent,1
deep,static,1
deep,gene,1
deep,surface,1
deep,significant,1
deep,immune,1
deep,knowledge,1
deep,temporal,1
deep,identification,1
deep,predicting,1
deep,number,1
deep,validate,1
deep,gat,1
deep,spatial-temporal,1
deep,single,1
deep,interaction,1
deep,layers,1
deep,task,1
deep,energy,1
deep,step,1
deep,machine,1
deep,traffic,1
deep,synthetic,1
deep,real,1
deep,visual,1
deep,layouts,1
deep,remote,1
deep,parameters,1
deep,rgb,1
deep,improved,1
deep,show,1
deep,large,1
deep,processing,1
deep,previous,1
deep,pairs,1
deep,employed,1
deep,include,1
deep,learns,1
deep,embedding,1
deep,effective,1
deep,structural,1
deep,success,1
deep,variation,1
deep,identifying,1
deep,important,1
deep,reactions,1
deep,memory,1
deep,unit,1
deep,gated,1
deep,patterns,1
deep,field,1
deep,great,1
deep,light,1
deep,functions,1
deep,targets,1
deep,multi-scale,1
deep,utilization,1
deep,structures,1
deep,neighbors,1
deep,part,1
deep,progress,1
deep,video,1
deep,focuses,1
deep,traditional,1
deep,stability,1
deep,sample,1
deep,designed,1
deep,pollutants,1
deep,diffusion,1
deep,tree,1
deep,motion,1
deep,types,1
deep,protein,1
deep,point,1
deep,reported,1
deep,remarkable,1
training,wide,1
training,utilized,1
training,work,1
training,viable,1
training,transformers,1
training,videos,1
training,years,1
training,typically,1
training,understanding,1
training,unsupervised,1
training,words,1
training,transformer,1
training,water,1
training,vehicle,1
training,updated,1
training,u-net,1
training,works,1
training,user,1
training,tumor,1
training,trend,1
training,validate,1
training,visual,1
training,variation,1
training,unit,1
training,utilization,1
training,video,1
training,tree,1
training,types,1
correlations,paper,1
correlations,named,1
correlations,method,1
correlations,methods,1
correlations,inferred,1
correlations,wide,1
correlations,specifically,1
correlations,demonstrates,1
correlations,dual,1
correlations,structure,1
correlations,input,1
correlations,existing,1
correlations,ignore,1
correlations,graph,1
correlations,metal,1
correlations,present,1
correlations,literature,1
correlations,rarely,1
correlations,extract,1
correlations,published,1
correlations,generally,1
correlations,increasing,1
correlations,reduced,1
correlations,gap,1
correlations,developed,1
correlations,explicitly,1
correlations,obtained,1
correlations,generated,1
correlations,systems,1
correlations,network,1
correlations,networks,1
correlations,noise,1
correlations,extracting,1
correlations,proposes,1
correlations,critical,1
correlations,models,1
correlations,result,1
correlations,efficient,1
correlations,three-dimensional,1
correlations,problem,1
correlations,node,1
correlations,performance,1
correlations,limited,1
correlations,real-world,1
correlations,hours,1
correlations,owing,1
correlations,propose,1
correlations,tasks,1
correlations,utilized,1
correlations,process,1
correlations,encoded,1
correlations,time-consuming,1
correlations,experimental,1
correlations,elsevier,1
correlations,liquid,1
correlations,work,1
correlations,gcn,1
correlations,nodes,1
correlations,established,1
correlations,mixed,1
correlations,excellent,1
correlations,similar,1
correlations,perform,1
correlations,households,1
correlations,study,1
correlations,strategy,1
correlations,presents,1
correlations,outperform,1
correlations,explore,1
correlations,sgc,1
correlations,samples,1
correlations,couplings,1
correlations,research,1
correlations,graphs,1
correlations,requirement,1
correlations,numerous,1
correlations,sets,1
correlations,simultaneously,1
correlations,resulting,1
correlations,transformers,1
correlations,harmful,1
correlations,videos,1
correlations,features,1
correlations,years,1
correlations,language,1
correlations,theory,1
correlations,leading,1
correlations,rely,1
correlations,decisions,1
correlations,gcns,1
correlations,relation,1
correlations,relations,1
correlations,typically,1
correlations,firstly,1
correlations,understanding,1
correlations,mscoco,1
correlations,heterogeneous,1
correlations,model,1
correlations,due,1
correlations,points,1
correlations,efficiency,1
correlations,improve,1
correlations,lstm,1
correlations,knn,1
correlations,softmax,1
correlations,formed,1
correlations,euclidean,1
correlations,patients,1
correlations,patient,1
correlations,similarity,1
correlations,fourier,1
correlations,initiative,1
correlations,recently,1
correlations,ntu,1
correlations,edges,1
correlations,unsupervised,1
correlations,words,1
correlations,transformer,1
correlations,system,1
correlations,datasets,1
correlations,data,1
correlations,effectively,1
correlations,surge,1
correlations,data-driven,1
correlations,kinetics,1
correlations,skeleton,1
correlations,framework,1
correlations,vehicle,1
correlations,end,1
correlations,layer,1
correlations,results,1
correlations,learning,1
correlations,subgraph,1
correlations,pose,1
correlations,skeleton-based,1
correlations,graph-based,1
correlations,informative,1
correlations,dependencies,1
correlations,proposed,1
correlations,revealed,1
correlations,gcaru,1
correlations,probability,1
correlations,methodology,1
correlations,spatial,1
correlations,information,1
correlations,evaluation,1
correlations,role,1
correlations,optimization,1
correlations,relationships,1
correlations,representation,1
correlations,represent,1
correlations,generative,1
correlations,embeddings,1
correlations,topic,1
correlations,global,1
correlations,local,1
correlations,deep,1
correlations,training,1
correlations,u-net,1
correlations,supervised,1
correlations,error,1
correlations,works,1
correlations,generate,1
correlations,showed,1
correlations,optimal,1
correlations,pooling,1
correlations,dataset,1
correlations,key,1
correlations,human,1
correlations,technique,1
correlations,prediction,1
correlations,factors,1
correlations,propagation,1
correlations,time,1
correlations,daily,1
correlations,learn,1
correlations,neighbor,1
correlations,evolution,1
correlations,focus,1
correlations,desirable,1
correlations,modalities,1
correlations,high,1
correlations,module,1
correlations,representations,1
correlations,introduce,1
correlations,neural,1
correlations,expression,1
correlations,user,1
correlations,management,1
correlations,predict,1
correlations,feature,1
correlations,set,1
correlations,fully,1
correlations,target,1
correlations,studies,1
correlations,recognition,1
correlations,identify,1
correlations,multiple,1
correlations,trend,1
correlations,sparsity,1
correlations,faces,1
correlations,recent,1
correlations,static,1
correlations,gene,1
correlations,significant,1
correlations,knowledge,1
correlations,temporal,1
correlations,identification,1
correlations,predicting,1
correlations,number,1
correlations,validate,1
correlations,spatial-temporal,1
correlations,single,1
correlations,interaction,1
correlations,layers,1
correlations,task,1
correlations,energy,1
correlations,step,1
correlations,machine,1
correlations,traffic,1
correlations,synthetic,1
correlations,real,1
correlations,visual,1
correlations,remote,1
correlations,parameters,1
correlations,rgb,1
correlations,improved,1
correlations,show,1
correlations,large,1
correlations,processing,1
correlations,previous,1
correlations,pairs,1
correlations,employed,1
correlations,include,1
correlations,learns,1
correlations,embedding,1
correlations,effective,1
correlations,structural,1
correlations,success,1
correlations,variation,1
correlations,important,1
correlations,memory,1
correlations,unit,1
correlations,gated,1
correlations,patterns,1
correlations,field,1
correlations,great,1
correlations,multi-scale,1
correlations,utilization,1
correlations,structures,1
correlations,neighbors,1
correlations,part,1
correlations,progress,1
correlations,video,1
correlations,focuses,1
correlations,traditional,1
correlations,stability,1
correlations,sample,1
correlations,designed,1
correlations,pollutants,1
correlations,diffusion,1
correlations,tree,1
correlations,motion,1
correlations,types,1
correlations,point,1
correlations,reported,1
correlations,remarkable,1
u-net,work,1
u-net,u-shaped,1
u-net,videos,1
u-net,works,1
u-net,variation,1
u-net,video,1
supervised,wide,1
supervised,systems,1
supervised,tcga,1
supervised,thousands,1
supervised,tasks,1
supervised,utilized,1
supervised,time-consuming,1
supervised,work,1
supervised,transformers,1
supervised,videos,1
supervised,years,1
supervised,theory,1
supervised,typically,1
supervised,understanding,1
supervised,technologies,1
supervised,svm,1
supervised,unsupervised,1
supervised,words,1
supervised,transformer,1
supervised,system,1
supervised,training,1
supervised,u-net,1
supervised,works,1
supervised,technique,1
supervised,time,1
supervised,user,1
supervised,target,1
supervised,trend,1
supervised,surface,1
supervised,temporal,1
supervised,validate,1
supervised,task,1
supervised,traffic,1
supervised,synthetic,1
supervised,visual,1
supervised,variation,1
supervised,targets,1
supervised,utilization,1
supervised,video,1
supervised,traditional,1
supervised,types,1
error,paper,1
error,named,1
error,method,1
error,methods,1
error,wide,1
error,specifically,1
error,structure,1
error,input,1
error,existing,1
error,ignore,1
error,graph,1
error,metal,1
error,present,1
error,literature,1
error,extract,1
error,published,1
error,generally,1
error,increasing,1
error,reduced,1
error,gap,1
error,independently,1
error,obtained,1
error,generated,1
error,systems,1
error,network,1
error,standards,1
error,networks,1
error,noise,1
error,extracting,1
error,proposes,1
error,models,1
error,result,1
error,three-dimensional,1
error,problem,1
error,node,1
error,performance,1
error,limited,1
error,fast,1
error,real-world,1
error,owing,1
error,propose,1
error,roads,1
error,tasks,1
error,utilized,1
error,process,1
error,proteins,1
error,time-consuming,1
error,experimental,1
error,work,1
error,gcn,1
error,nodes,1
error,established,1
error,mixed,1
error,excellent,1
error,similar,1
error,perform,1
error,study,1
error,strategy,1
error,presents,1
error,outperform,1
error,explore,1
error,samples,1
error,research,1
error,pressure,1
error,f-score,1
error,graphs,1
error,requirement,1
error,numerous,1
error,sets,1
error,simultaneously,1
error,resulting,1
error,transformers,1
error,videos,1
error,features,1
error,years,1
error,language,1
error,theory,1
error,leading,1
error,rely,1
error,heavily,1
error,gcns,1
error,relation,1
error,relations,1
error,typically,1
error,firstly,1
error,understanding,1
error,heterogeneous,1
error,model,1
error,points,1
error,improve,1
error,lstm,1
error,smiles,1
error,technologies,1
error,svm,1
error,euclidean,1
error,patients,1
error,patient,1
error,similarity,1
error,recently,1
error,molecules,1
error,molecule,1
error,unsupervised,1
error,nlp,1
error,words,1
error,transformer,1
error,system,1
error,water,1
error,skeleton,1
error,framework,1
error,vehicle,1
error,layer,1
error,results,1
error,learning,1
error,subgraph,1
error,pose,1
error,graph-based,1
error,informative,1
error,proposed,1
error,probability,1
error,methodology,1
error,spatial,1
error,pubmed,1
error,information,1
error,evaluation,1
error,role,1
error,optimization,1
error,relationships,1
error,representation,1
error,represent,1
error,generative,1
error,laplacian,1
error,topic,1
error,global,1
error,local,1
error,training,1
error,u-net,1
error,supervised,1
error,showed,1
error,psf,1
error,optimal,1
error,pooling,1
error,key,1
error,human,1
error,technique,1
error,prediction,1
error,factors,1
error,propagation,1
error,time,1
error,learn,1
error,evolution,1
error,optical,1
error,focus,1
error,high,1
error,module,1
error,representations,1
error,introduce,1
error,neural,1
error,expression,1
error,user,1
error,management,1
error,predict,1
error,feature,1
error,set,1
error,fully,1
error,target,1
error,studies,1
error,recognition,1
error,identify,1
error,multiple,1
error,trend,1
error,sparsity,1
error,recent,1
error,static,1
error,gene,1
error,surface,1
error,significant,1
error,knowledge,1
error,temporal,1
error,identification,1
error,predicting,1
error,number,1
error,validate,1
error,gat,1
error,spatial-temporal,1
error,single,1
error,interaction,1
error,layers,1
error,task,1
error,step,1
error,machine,1
error,traffic,1
error,synthetic,1
error,real,1
error,remote,1
error,parameters,1
error,rgb,1
error,improved,1
error,show,1
error,large,1
error,processing,1
error,previous,1
error,pairs,1
error,learns,1
error,structural,1
error,variation,1
error,important,1
error,memory,1
error,unit,1
error,gated,1
error,patterns,1
error,field,1
error,great,1
error,light,1
error,functions,1
error,targets,1
error,utilization,1
error,structures,1
error,neighbors,1
error,part,1
error,progress,1
error,video,1
error,focuses,1
error,traditional,1
error,stability,1
error,sample,1
error,tree,1
error,motion,1
error,types,1
error,protein,1
error,point,1
error,remarkable,1
works,years,1
generate,paper,1
generate,named,1
generate,method,1
generate,methods,1
generate,intuitively,1
generate,wide,1
generate,specifically,1
generate,structure,1
generate,input,1
generate,ignore,1
generate,graph,1
generate,metal,1
generate,nitride,1
generate,present,1
generate,literature,1
generate,rarely,1
generate,published,1
generate,increasing,1
generate,reduced,1
generate,independently,1
generate,obtained,1
generate,generated,1
generate,systems,1
generate,network,1
generate,networks,1
generate,noise,1
generate,proposes,1
generate,models,1
generate,result,1
generate,three-dimensional,1
generate,problem,1
generate,node,1
generate,performance,1
generate,limited,1
generate,real-world,1
generate,owing,1
generate,propose,1
generate,tasks,1
generate,utilized,1
generate,process,1
generate,proteins,1
generate,time-consuming,1
generate,work,1
generate,graphitic,1
generate,nodes,1
generate,mixed,1
generate,similar,1
generate,smoothing,1
generate,perform,1
generate,study,1
generate,strategy,1
generate,presents,1
generate,outperform,1
generate,sgc,1
generate,samples,1
generate,research,1
generate,graphs,1
generate,requirement,1
generate,numerous,1
generate,separation,1
generate,sets,1
generate,simultaneously,1
generate,resulting,1
generate,photocatalyst,1
generate,investigations,1
generate,sciences,1
generate,videos,1
generate,years,1
generate,language,1
generate,theory,1
generate,leading,1
generate,rely,1
generate,heavily,1
generate,relation,1
generate,relations,1
generate,typically,1
generate,understanding,1
generate,mscoco,1
generate,heterogeneous,1
generate,model,1
generate,sites,1
generate,points,1
generate,improve,1
generate,lstm,1
generate,smiles,1
generate,technologies,1
generate,svm,1
generate,patients,1
generate,similarity,1
generate,initiative,1
generate,recently,1
generate,molecules,1
generate,molecule,1
generate,unsupervised,1
generate,words,1
generate,transformer,1
generate,system,1
generate,water,1
generate,wiki,1
generate,skeleton,1
generate,layer,1
generate,results,1
generate,learning,1
generate,subgraph,1
generate,pose,1
generate,graph-based,1
generate,informative,1
generate,proposed,1
generate,meaningful,1
generate,revealed,1
generate,probability,1
generate,methodology,1
generate,spatial,1
generate,pubmed,1
generate,sentiments,1
generate,information,1
generate,role,1
generate,mcc,1
generate,optimization,1
generate,relationships,1
generate,representation,1
generate,represent,1
generate,generative,1
generate,laplacian,1
generate,topic,1
generate,global,1
generate,local,1
generate,training,1
generate,supervised,1
generate,works,1
generate,showed,1
generate,optimal,1
generate,pooling,1
generate,key,1
generate,human,1
generate,technique,1
generate,prediction,1
generate,propagation,1
generate,time,1
generate,learn,1
generate,neighbor,1
generate,single-granular,1
generate,optical,1
generate,modalities,1
generate,high,1
generate,module,1
generate,representations,1
generate,introduce,1
generate,neural,1
generate,user,1
generate,management,1
generate,predict,1
generate,set,1
generate,tumor,1
generate,target,1
generate,studies,1
generate,recognition,1
generate,identify,1
generate,multiple,1
generate,trend,1
generate,sparsity,1
generate,recent,1
generate,static,1
generate,surface,1
generate,significant,1
generate,knowledge,1
generate,temporal,1
generate,identification,1
generate,predicting,1
generate,number,1
generate,validate,1
generate,spatial-temporal,1
generate,single,1
generate,interaction,1
generate,layers,1
generate,task,1
generate,step,1
generate,machine,1
generate,traffic,1
generate,synthetic,1
generate,real,1
generate,visual,1
generate,layouts,1
generate,remote,1
generate,parameters,1
generate,improved,1
generate,show,1
generate,large,1
generate,processing,1
generate,previous,1
generate,pairs,1
generate,include,1
generate,learns,1
generate,structural,1
generate,success,1
generate,identifying,1
generate,important,1
generate,memory,1
generate,unit,1
generate,patterns,1
generate,great,1
generate,light,1
generate,utilization,1
generate,structures,1
generate,neighbors,1
generate,part,1
generate,progress,1
generate,video,1
generate,traditional,1
generate,stability,1
generate,sample,1
generate,tree,1
generate,motion,1
generate,types,1
generate,protein,1
generate,point,1
capture,paper,1
capture,named,1
capture,method,1
capture,methods,1
capture,intuitively,1
capture,inferred,1
capture,wide,1
capture,specifically,1
capture,demonstrates,1
capture,dual,1
capture,structure,1
capture,input,1
capture,existing,1
capture,ignore,1
capture,graph,1
capture,considered,1
capture,metal,1
capture,present,1
capture,literature,1
capture,rarely,1
capture,concentrated,1
capture,extract,1
capture,published,1
capture,generally,1
capture,common,1
capture,increasing,1
capture,reduced,1
capture,gap,1
capture,developed,1
capture,independently,1
capture,differently,1
capture,explicitly,1
capture,obtained,1
capture,generated,1
capture,systems,1
capture,network,1
capture,networks,1
capture,noise,1
capture,extracting,1
capture,proposes,1
capture,critical,1
capture,models,1
capture,result,1
capture,efficient,1
capture,three-dimensional,1
capture,classification,1
capture,problem,1
capture,node,1
capture,performance,1
capture,limited,1
capture,fast,1
capture,recombination,1
capture,real-world,1
capture,thousands,1
capture,hours,1
capture,owing,1
capture,propose,1
capture,roads,1
capture,tasks,1
capture,utilized,1
capture,process,1
capture,proteins,1
capture,encoded,1
capture,time-consuming,1
capture,experimental,1
capture,elsevier,1
capture,work,1
capture,gcn,1
capture,granger,1
capture,nodes,1
capture,established,1
capture,mixed,1
capture,excellent,1
capture,self-healing,1
capture,dual-stimulus,1
capture,similar,1
capture,smoothing,1
capture,perform,1
capture,study,1
capture,strategy,1
capture,presents,1
capture,outperform,1
capture,descriptor,1
capture,explore,1
capture,u-shaped,1
capture,samples,1
capture,research,1
capture,graphs,1
capture,requirement,1
capture,numerous,1
capture,separation,1
capture,sets,1
capture,simultaneously,1
capture,holes,1
capture,resulting,1
capture,transformers,1
capture,videos,1
capture,features,1
capture,years,1
capture,language,1
capture,theory,1
capture,leading,1
capture,rely,1
capture,decisions,1
capture,heavily,1
capture,gcns,1
capture,relation,1
capture,relations,1
capture,typically,1
capture,firstly,1
capture,understanding,1
capture,convolutional,1
capture,heterogeneous,1
capture,model,1
capture,cnn,1
capture,due,1
capture,sites,1
capture,cloud,1
capture,points,1
capture,efficiency,1
capture,improve,1
capture,ethereum,1
capture,lstm,1
capture,technologies,1
capture,svm,1
capture,softmax,1
capture,chloroform,1
capture,formed,1
capture,euclidean,1
capture,patients,1
capture,patient,1
capture,similarity,1
capture,rnas,1
capture,fourier,1
capture,initiative,1
capture,decades,1
capture,copy,1
capture,recently,1
capture,molecules,1
capture,ntu,1
capture,edges,1
capture,unsupervised,1
capture,secure,1
capture,nlp,1
capture,words,1
capture,transformer,1
capture,system,1
capture,water,1
capture,wiki,1
capture,datasets,1
capture,data,1
capture,effectively,1
capture,data-driven,1
capture,kinetics,1
capture,dft,1
capture,skeleton,1
capture,framework,1
capture,vehicle,1
capture,guided,1
capture,end,1
capture,layer,1
capture,results,1
capture,learning,1
capture,subgraph,1
capture,pose,1
capture,skeleton-based,1
capture,graph-based,1
capture,informative,1
capture,dependencies,1
capture,proposed,1
capture,conduct,1
capture,meaningful,1
capture,revealed,1
capture,gcaru,1
capture,probability,1
capture,methodology,1
capture,spatial,1
capture,pubmed,1
capture,sentiments,1
capture,electron,1
capture,information,1
capture,evaluation,1
capture,role,1
capture,cgcnimp,1
capture,optimization,1
capture,relationships,1
capture,representation,1
capture,represent,1
capture,generative,1
capture,embeddings,1
capture,laplacian,1
capture,topic,1
capture,updated,1
capture,global,1
capture,local,1
capture,deep,1
capture,training,1
capture,correlations,1
capture,supervised,1
capture,error,1
capture,works,1
capture,generate,1
capture,showed,1
capture,optimal,1
capture,pooling,1
capture,dataset,1
capture,key,1
capture,human,1
capture,technique,1
capture,prediction,1
capture,factors,1
capture,propagation,1
capture,time,1
capture,daily,1
capture,learn,1
capture,neighbor,1
capture,evolution,1
capture,single-granular,1
capture,focus,1
capture,desirable,1
capture,modalities,1
capture,high,1
capture,module,1
capture,representations,1
capture,introduce,1
capture,neural,1
capture,expression,1
capture,user,1
capture,management,1
capture,predict,1
capture,feature,1
capture,set,1
capture,fully,1
capture,complex,1
capture,tumor,1
capture,target,1
capture,studies,1
capture,dense,1
capture,recognition,1
capture,identify,1
capture,convolution,1
capture,challenges,1
capture,multiple,1
capture,ternary,1
capture,trend,1
capture,sparsity,1
capture,faces,1
capture,recent,1
capture,static,1
capture,gene,1
capture,surface,1
capture,significant,1
capture,knowledge,1
capture,temporal,1
capture,identification,1
capture,predicting,1
capture,number,1
capture,validate,1
capture,gat,1
capture,spatial-temporal,1
capture,single,1
capture,interaction,1
capture,layers,1
capture,task,1
capture,challenging,1
capture,energy,1
capture,step,1
capture,machine,1
capture,traffic,1
capture,communication,1
capture,synthetic,1
capture,real,1
capture,visual,1
capture,cells,1
capture,remote,1
capture,splitting,1
capture,parameters,1
capture,rgb,1
capture,improved,1
capture,show,1
capture,large,1
capture,processing,1
capture,conditions,1
capture,previous,1
capture,pairs,1
capture,employed,1
capture,include,1
capture,captures,1
capture,learns,1
capture,embedding,1
capture,effective,1
capture,photocatalytic,1
capture,structural,1
capture,success,1
capture,cases,1
capture,variation,1
capture,identifying,1
capture,important,1
capture,reactions,1
capture,memory,1
capture,unit,1
capture,gated,1
capture,patterns,1
capture,field,1
capture,constructing,1
capture,comprehensive,1
capture,great,1
capture,light,1
capture,functions,1
capture,targets,1
capture,multi-scale,1
capture,utilization,1
capture,structures,1
capture,neighbors,1
capture,part,1
capture,progress,1
capture,video,1
capture,focuses,1
capture,capturing,1
capture,traditional,1
capture,stability,1
capture,sample,1
capture,designed,1
capture,pollutants,1
capture,diffusion,1
capture,tree,1
capture,motion,1
capture,types,1
capture,protein,1
capture,point,1
capture,remarkable,1
capture,center,1
showed,wide,1
showed,specifically,1
showed,structure,1
showed,systems,1
showed,standards,1
showed,three-dimensional,1
showed,tasks,1
showed,utilized,1
showed,time-consuming,1
showed,work,1
showed,similar,1
showed,smoothing,1
showed,study,1
showed,strategy,1
showed,viable,1
showed,simultaneously,1
showed,trypanosoma,1
showed,transformers,1
showed,videos,1
showed,years,1
showed,theory,1
showed,understanding,1
showed,sites,1
showed,smiles,1
showed,technologies,1
showed,svm,1
showed,similarity,1
showed,words,1
showed,transformer,1
showed,system,1
showed,water,1
showed,surge,1
showed,skeleton,1
showed,vehicle,1
showed,subgraph,1
showed,xps,1
showed,spatial,1
showed,topic,1
showed,updated,1
showed,training,1
showed,u-net,1
showed,supervised,1
showed,technique,1
showed,time,1
showed,user,1
showed,tumor,1
showed,target,1
showed,studies,1
showed,ternary,1
showed,trend,1
showed,static,1
showed,surface,1
showed,significant,1
showed,temporal,1
showed,validate,1
showed,spatial-temporal,1
showed,single,1
showed,task,1
showed,step,1
showed,traffic,1
showed,synthetic,1
showed,splitting,1
showed,structural,1
showed,variation,1
showed,unit,1
showed,targets,1
showed,utilization,1
showed,structures,1
showed,video,1
showed,traditional,1
showed,stability,1
showed,types,1
psf,results,1
psf,recognition,1
psf,video,1
psf,sample,1
optimal,paper,1
optimal,wide,1
optimal,specifically,1
optimal,structure,1
optimal,present,1
optimal,rarely,1
optimal,published,1
optimal,reduced,1
optimal,systems,1
optimal,proposes,1
optimal,result,1
optimal,three-dimensional,1
optimal,problem,1
optimal,performance,1
optimal,recombination,1
optimal,real-world,1
optimal,owing,1
optimal,propose,1
optimal,tasks,1
optimal,utilized,1
optimal,process,1
optimal,proteins,1
optimal,time-consuming,1
optimal,prohibitively,1
optimal,work,1
optimal,similar,1
optimal,smoothing,1
optimal,perform,1
optimal,study,1
optimal,strategy,1
optimal,presents,1
optimal,outperform,1
optimal,sgc,1
optimal,u-shaped,1
optimal,samples,1
optimal,research,1
optimal,requirement,1
optimal,separation,1
optimal,sets,1
optimal,simultaneously,1
optimal,resulting,1
optimal,photocatalyst,1
optimal,transformers,1
optimal,years,1
optimal,theory,1
optimal,rely,1
optimal,relation,1
optimal,relations,1
optimal,typically,1
optimal,points,1
optimal,technologies,1
optimal,svm,1
optimal,patients,1
optimal,patient,1
optimal,similarity,1
optimal,rnas,1
optimal,recently,1
optimal,unsupervised,1
optimal,words,1
optimal,system,1
optimal,water,1
optimal,skeleton,1
optimal,vehicle,1
optimal,results,1
optimal,pose,1
optimal,skeleton-based,1
optimal,proposed,1
optimal,probability,1
optimal,spatial,1
optimal,role,1
optimal,optimization,1
optimal,relationships,1
optimal,representation,1
optimal,represent,1
optimal,topic,1
optimal,training,1
optimal,u-net,1
optimal,works,1
optimal,showed,1
optimal,pooling,1
optimal,technique,1
optimal,prediction,1
optimal,propagation,1
optimal,time,1
optimal,representations,1
optimal,user,1
optimal,predict,1
optimal,set,1
optimal,target,1
optimal,studies,1
optimal,recognition,1
optimal,ternary,1
optimal,trend,1
optimal,sparsity,1
optimal,recent,1
optimal,static,1
optimal,surface,1
optimal,significant,1
optimal,temporal,1
optimal,predicting,1
optimal,validate,1
optimal,spatial-temporal,1
optimal,single,1
optimal,task,1
optimal,step,1
optimal,traffic,1
optimal,synthetic,1
optimal,real,1
optimal,visual,1
optimal,remote,1
optimal,parameters,1
optimal,rgb,1
optimal,show,1
optimal,processing,1
optimal,previous,1
optimal,pairs,1
optimal,photocatalytic,1
optimal,structural,1
optimal,variation,1
optimal,unit,1
optimal,patterns,1
optimal,utilization,1
optimal,structures,1
optimal,progress,1
optimal,traditional,1
optimal,stability,1
optimal,sample,1
optimal,pollutants,1
optimal,tree,1
optimal,types,1
optimal,protein,1
optimal,point,1
optimal,reported,1
presentation,structure,1
presentation,rarely,1
presentation,real-world,1
presentation,propose,1
presentation,tasks,1
presentation,study,1
presentation,strategy,1
presentation,samples,1
presentation,sets,1
presentation,similarity,1
presentation,recently,1
presentation,system,1
presentation,results,1
presentation,proposed,1
presentation,revealed,1
presentation,training,1
presentation,showed,1
presentation,time,1
presentation,representations,1
presentation,set,1
presentation,tumor,1
presentation,recognition,1
presentation,significant,1
presentation,temporal,1
presentation,task,1
presentation,rgb,1
presentation,show,1
presentation,variation,1
presentation,traditional,1
indonesia,structure,1
indonesia,present,1
indonesia,rarely,1
indonesia,obtained,1
indonesia,recently,1
indonesia,revealed,1
indonesia,showed,1
indonesia,presentation,1
indonesia,intratesticular,1
indonesia,tumor,1
pooling,specifically,1
pooling,structure,1
pooling,present,1
pooling,systems,1
pooling,proposes,1
pooling,result,1
pooling,three-dimensional,1
pooling,problem,1
pooling,real-world,1
pooling,thousands,1
pooling,propose,1
pooling,tasks,1
pooling,utilized,1
pooling,process,1
pooling,time-consuming,1
pooling,work,1
pooling,similar,1
pooling,smoothing,1
pooling,study,1
pooling,strategy,1
pooling,research,1
pooling,sets,1
pooling,simultaneously,1
pooling,resulting,1
pooling,videos,1
pooling,years,1
pooling,relation,1
pooling,relations,1
pooling,understanding,1
pooling,softmax,1
pooling,similarity,1
pooling,unsupervised,1
pooling,transformer,1
pooling,system,1
pooling,wiki,1
pooling,skeleton,1
pooling,results,1
pooling,pose,1
pooling,skeleton-based,1
pooling,proposed,1
pooling,spatial,1
pooling,sentiments,1
pooling,role,1
pooling,relationships,1
pooling,representation,1
pooling,topic,1
pooling,training,1
pooling,u-net,1
pooling,supervised,1
pooling,works,1
pooling,showed,1
pooling,technique,1
pooling,prediction,1
pooling,propagation,1
pooling,time,1
pooling,single-granular,1
pooling,representations,1
pooling,predict,1
pooling,set,1
pooling,studies,1
pooling,recognition,1
pooling,trend,1
pooling,recent,1
pooling,significant,1
pooling,temporal,1
pooling,predicting,1
pooling,validate,1
pooling,spatial-temporal,1
pooling,single,1
pooling,task,1
pooling,traffic,1
pooling,visual,1
pooling,rgb,1
pooling,show,1
pooling,processing,1
pooling,previous,1
pooling,structural,1
pooling,success,1
pooling,variation,1
pooling,unit,1
pooling,targets,1
pooling,structures,1
pooling,video,1
pooling,traditional,1
pooling,stability,1
pooling,types,1
pooling,protein,1
pooling,reported,1
dataset,drug-drug,1
dataset,paper,1
dataset,named,1
dataset,method,1
dataset,methods,1
dataset,intuitively,1
dataset,inferred,1
dataset,wide,1
dataset,specifically,1
dataset,demonstrates,1
dataset,dual,1
dataset,structure,1
dataset,input,1
dataset,existing,1
dataset,ignore,1
dataset,graph,1
dataset,metal,1
dataset,present,1
dataset,literature,1
dataset,rarely,1
dataset,extract,1
dataset,published,1
dataset,generally,1
dataset,increasing,1
dataset,reduced,1
dataset,gap,1
dataset,developed,1
dataset,roofs,1
dataset,independently,1
dataset,differently,1
dataset,explicitly,1
dataset,obtained,1
dataset,generated,1
dataset,systems,1
dataset,network,1
dataset,standards,1
dataset,networks,1
dataset,noise,1
dataset,extracting,1
dataset,tcga,1
dataset,proposes,1
dataset,models,1
dataset,result,1
dataset,efficient,1
dataset,three-dimensional,1
dataset,problem,1
dataset,node,1
dataset,performance,1
dataset,limited,1
dataset,fast,1
dataset,real-world,1
dataset,dempster-shafer,1
dataset,thousands,1
dataset,hours,1
dataset,owing,1
dataset,propose,1
dataset,roads,1
dataset,tasks,1
dataset,utilized,1
dataset,process,1
dataset,proteins,1
dataset,encoded,1
dataset,time-consuming,1
dataset,experimental,1
dataset,elsevier,1
dataset,work,1
dataset,gcn,1
dataset,nodes,1
dataset,established,1
dataset,mixed,1
dataset,excellent,1
dataset,similar,1
dataset,perform,1
dataset,study,1
dataset,strategy,1
dataset,presents,1
dataset,viable,1
dataset,outperform,1
dataset,descriptor,1
dataset,explore,1
dataset,sgc,1
dataset,u-shaped,1
dataset,samples,1
dataset,research,1
dataset,f-score,1
dataset,graphs,1
dataset,requirement,1
dataset,numerous,1
dataset,separation,1
dataset,sets,1
dataset,simultaneously,1
dataset,markers,1
dataset,resulting,1
dataset,sciences,1
dataset,plant,1
dataset,transformers,1
dataset,videos,1
dataset,features,1
dataset,years,1
dataset,language,1
dataset,theory,1
dataset,leading,1
dataset,rely,1
dataset,decisions,1
dataset,heavily,1
dataset,hemisphere,1
dataset,gcns,1
dataset,relation,1
dataset,relations,1
dataset,typically,1
dataset,firstly,1
dataset,understanding,1
dataset,imdb,1
dataset,kitti,1
dataset,mscoco,1
dataset,heterogeneous,1
dataset,model,1
dataset,due,1
dataset,sites,1
dataset,points,1
dataset,efficiency,1
dataset,improve,1
dataset,ethereum,1
dataset,lstm,1
dataset,smiles,1
dataset,technologies,1
dataset,svm,1
dataset,softmax,1
dataset,formed,1
dataset,euclidean,1
dataset,patients,1
dataset,patient,1
dataset,similarity,1
dataset,rnas,1
dataset,initiative,1
dataset,decades,1
dataset,recently,1
dataset,molecules,1
dataset,molecule,1
dataset,ntu,1
dataset,edges,1
dataset,unsupervised,1
dataset,secure,1
dataset,words,1
dataset,transformer,1
dataset,system,1
dataset,water,1
dataset,datasets,1
dataset,effectively,1
dataset,kinetics,1
dataset,skeleton,1
dataset,framework,1
dataset,vehicle,1
dataset,guided,1
dataset,end,1
dataset,layer,1
dataset,results,1
dataset,learning,1
dataset,subgraph,1
dataset,pose,1
dataset,skeleton-based,1
dataset,euler,1
dataset,skeletongait,1
dataset,graph-based,1
dataset,dependencies,1
dataset,proposed,1
dataset,meaningful,1
dataset,revealed,1
dataset,probability,1
dataset,methodology,1
dataset,spatial,1
dataset,pubmed,1
dataset,sentiments,1
dataset,electron,1
dataset,information,1
dataset,evaluation,1
dataset,role,1
dataset,mcc,1
dataset,optimization,1
dataset,relationships,1
dataset,representation,1
dataset,represent,1
dataset,generative,1
dataset,dmax,1
dataset,embeddings,1
dataset,laplacian,1
dataset,topic,1
dataset,updated,1
dataset,global,1
dataset,local,1
dataset,deep,1
dataset,training,1
dataset,u-net,1
dataset,supervised,1
dataset,error,1
dataset,works,1
dataset,generate,1
dataset,showed,1
dataset,optimal,1
dataset,presentation,1
dataset,pooling,1
dataset,key,1
dataset,human,1
dataset,technique,1
dataset,prediction,1
dataset,factors,1
dataset,propagation,1
dataset,time,1
dataset,learn,1
dataset,neighbor,1
dataset,evolution,1
dataset,optical,1
dataset,focus,1
dataset,modalities,1
dataset,high,1
dataset,module,1
dataset,representations,1
dataset,introduce,1
dataset,neural,1
dataset,expression,1
dataset,user,1
dataset,management,1
dataset,predict,1
dataset,feature,1
dataset,set,1
dataset,fully,1
dataset,tumor,1
dataset,target,1
dataset,studies,1
dataset,dense,1
dataset,recognition,1
dataset,identify,1
dataset,multiple,1
dataset,trend,1
dataset,sparsity,1
dataset,faces,1
dataset,recent,1
dataset,static,1
dataset,gene,1
dataset,surface,1
dataset,significant,1
dataset,immune,1
dataset,knowledge,1
dataset,temporal,1
dataset,identification,1
dataset,predicting,1
dataset,number,1
dataset,validate,1
dataset,gat,1
dataset,spatial-temporal,1
dataset,single,1
dataset,interaction,1
dataset,layers,1
dataset,task,1
dataset,energy,1
dataset,step,1
dataset,machine,1
dataset,traffic,1
dataset,synthetic,1
dataset,real,1
dataset,visual,1
dataset,layouts,1
dataset,remote,1
dataset,splitting,1
dataset,parameters,1
dataset,rgb,1
dataset,improved,1
dataset,show,1
dataset,large,1
dataset,processing,1
dataset,previous,1
dataset,pairs,1
dataset,employed,1
dataset,include,1
dataset,learns,1
dataset,embedding,1
dataset,effective,1
dataset,structural,1
dataset,success,1
dataset,variation,1
dataset,identifying,1
dataset,important,1
dataset,memory,1
dataset,unit,1
dataset,gated,1
dataset,patterns,1
dataset,field,1
dataset,great,1
dataset,light,1
dataset,functions,1
dataset,targets,1
dataset,multi-scale,1
dataset,utilization,1
dataset,structures,1
dataset,neighbors,1
dataset,part,1
dataset,progress,1
dataset,video,1
dataset,focuses,1
dataset,traditional,1
dataset,stability,1
dataset,sample,1
dataset,designed,1
dataset,diffusion,1
dataset,tree,1
dataset,motion,1
dataset,types,1
dataset,protein,1
dataset,point,1
dataset,reported,1
dataset,remarkable,1
intratesticular,structure,1
intratesticular,present,1
intratesticular,rarely,1
intratesticular,obtained,1
intratesticular,recently,1
intratesticular,revealed,1
intratesticular,showed,1
intratesticular,presentation,1
intratesticular,tumor,1
key,paper,1
key,named,1
key,method,1
key,methods,1
key,wide,1
key,specifically,1
key,structure,1
key,mikae,1
key,lutea,1
key,low-pass,1
key,metal,1
key,nitride,1
key,present,1
key,literature,1
key,published,1
key,reduced,1
key,obtained,1
key,systems,1
key,network,1
key,networks,1
key,noise,1
key,proposes,1
key,models,1
key,result,1
key,problem,1
key,node,1
key,performance,1
key,limited,1
key,recombination,1
key,real-world,1
key,owing,1
key,propose,1
key,roads,1
key,tasks,1
key,utilized,1
key,process,1
key,proteins,1
key,time-consuming,1
key,work,1
key,nodes,1
key,mixed,1
key,similar,1
key,smoothing,1
key,perform,1
key,study,1
key,strategy,1
key,presents,1
key,samples,1
key,research,1
key,requirement,1
key,numerous,1
key,separation,1
key,sets,1
key,simultaneously,1
key,resulting,1
key,photocatalyst,1
key,sciences,1
key,plant,1
key,transformers,1
key,videos,1
key,years,1
key,language,1
key,theory,1
key,leading,1
key,rely,1
key,material,1
key,relation,1
key,relations,1
key,typically,1
key,understanding,1
key,kitti,1
key,model,1
key,sites,1
key,points,1
key,lstm,1
key,smiles,1
key,technologies,1
key,svm,1
key,softmax,1
key,patients,1
key,patient,1
key,similarity,1
key,rnas,1
key,recently,1
key,molecules,1
key,molecule,1
key,ntu,1
key,unsupervised,1
key,words,1
key,transformer,1
key,system,1
key,water,1
key,wiki,1
key,surge,1
key,kinetics,1
key,skeleton,1
key,vehicle,1
key,layer,1
key,results,1
key,learning,1
key,subgraph,1
key,pose,1
key,skeleton-based,1
key,proposed,1
key,meaningful,1
key,revealed,1
key,probability,1
key,methodology,1
key,spatial,1
key,role,1
key,optimization,1
key,relationships,1
key,representation,1
key,represent,1
key,laplacian,1
key,topic,1
key,local,1
key,training,1
key,supervised,1
key,works,1
key,showed,1
key,optimal,1
key,presentation,1
key,pooling,1
key,technique,1
key,prediction,1
key,propagation,1
key,time,1
key,learn,1
key,neighbor,1
key,single-granular,1
key,optical,1
key,modalities,1
key,module,1
key,representations,1
key,neural,1
key,user,1
key,management,1
key,predict,1
key,set,1
key,tumor,1
key,target,1
key,studies,1
key,recognition,1
key,multiple,1
key,trend,1
key,sparsity,1
key,recent,1
key,static,1
key,surface,1
key,significant,1
key,knowledge,1
key,temporal,1
key,predicting,1
key,number,1
key,validate,1
key,spatial-temporal,1
key,single,1
key,layers,1
key,task,1
key,step,1
key,machine,1
key,traffic,1
key,real,1
key,visual,1
key,remote,1
key,parameters,1
key,rgb,1
key,show,1
key,large,1
key,processing,1
key,previous,1
key,pairs,1
key,learns,1
key,photocatalytic,1
key,structural,1
key,success,1
key,memory,1
key,unit,1
key,patterns,1
key,light,1
key,targets,1
key,multi-scale,1
key,structures,1
key,neighbors,1
key,part,1
key,progress,1
key,video,1
key,traditional,1
key,stability,1
key,sample,1
key,pollutants,1
key,tree,1
key,motion,1
key,types,1
key,protein,1
key,point,1
key,reported,1
key,remarkable,1
human,paper,1
human,named,1
human,method,1
human,methods,1
human,wide,1
human,specifically,1
human,interacts,1
human,structure,1
human,input,1
human,ignore,1
human,metal,1
human,nitride,1
human,present,1
human,literature,1
human,rarely,1
human,published,1
human,increasing,1
human,reduced,1
human,obtained,1
human,systems,1
human,network,1
human,standards,1
human,networks,1
human,noise,1
human,rna,1
human,tcga,1
human,proposes,1
human,models,1
human,result,1
human,three-dimensional,1
human,problem,1
human,node,1
human,performance,1
human,limited,1
human,real-world,1
human,thousands,1
human,owing,1
human,propose,1
human,tasks,1
human,utilized,1
human,process,1
human,proteins,1
human,time-consuming,1
human,work,1
human,nodes,1
human,mixed,1
human,similar,1
human,smoothing,1
human,perform,1
human,study,1
human,strategy,1
human,presents,1
human,outperform,1
human,u-shaped,1
human,samples,1
human,research,1
human,requirement,1
human,numerous,1
human,separation,1
human,sets,1
human,simultaneously,1
human,resulting,1
human,photocatalyst,1
human,videos,1
human,years,1
human,language,1
human,leading,1
human,rely,1
human,material,1
human,relation,1
human,relations,1
human,typically,1
human,understanding,1
human,model,1
human,sites,1
human,points,1
human,improve,1
human,lstm,1
human,technologies,1
human,svm,1
human,softmax,1
human,patients,1
human,patient,1
human,similarity,1
human,rnas,1
human,recently,1
human,molecules,1
human,ntu,1
human,unsupervised,1
human,nlp,1
human,words,1
human,transformer,1
human,system,1
human,water,1
human,surge,1
human,kinetics,1
human,skeleton,1
human,vehicle,1
human,layer,1
human,results,1
human,learning,1
human,subgraph,1
human,xps,1
human,pose,1
human,skeleton-based,1
human,skeletongait,1
human,informative,1
human,proposed,1
human,meaningful,1
human,revealed,1
human,probability,1
human,methodology,1
human,spatial,1
human,information,1
human,role,1
human,optimization,1
human,relationships,1
human,representation,1
human,represent,1
human,laplacian,1
human,topic,1
human,local,1
human,training,1
human,u-net,1
human,supervised,1
human,works,1
human,showed,1
human,optimal,1
human,presentation,1
human,pooling,1
human,key,1
human,technique,1
human,prediction,1
human,propagation,1
human,time,1
human,learn,1
human,neighbor,1
human,optical,1
human,modalities,1
human,module,1
human,representations,1
human,introduce,1
human,neural,1
human,user,1
human,management,1
human,predict,1
human,set,1
human,target,1
human,studies,1
human,recognition,1
human,identify,1
human,multiple,1
human,trend,1
human,sparsity,1
human,recent,1
human,static,1
human,surface,1
human,significant,1
human,immune,1
human,knowledge,1
human,temporal,1
human,identification,1
human,predicting,1
human,number,1
human,validate,1
human,spatial-temporal,1
human,single,1
human,interaction,1
human,layers,1
human,task,1
human,step,1
human,machine,1
human,traffic,1
human,real,1
human,visual,1
human,remote,1
human,parameters,1
human,rgb,1
human,improved,1
human,show,1
human,large,1
human,processing,1
human,previous,1
human,pairs,1
human,include,1
human,learns,1
human,photocatalytic,1
human,structural,1
human,success,1
human,variation,1
human,identifying,1
human,important,1
human,memory,1
human,unit,1
human,patterns,1
human,light,1
human,targets,1
human,multi-scale,1
human,utilization,1
human,structures,1
human,neighbors,1
human,part,1
human,progress,1
human,video,1
human,traditional,1
human,stability,1
human,sample,1
human,pollutants,1
human,tree,1
human,motion,1
human,types,1
human,protein,1
human,point,1
human,reported,1
human,remarkable,1
technique,wide,1
technique,utilized,1
technique,work,1
technique,videos,1
technique,years,1
technique,theory,1
technique,typically,1
technique,understanding,1
technique,technologies,1
technique,unsupervised,1
technique,words,1
technique,transformer,1
technique,water,1
technique,vehicle,1
technique,training,1
technique,works,1
technique,time,1
technique,user,1
technique,trend,1
technique,temporal,1
technique,validate,1
technique,traffic,1
technique,visual,1
technique,utilization,1
technique,video,1
technique,traditional,1
technique,types,1
prediction,wide,1
prediction,specifically,1
prediction,structure,1
prediction,present,1
prediction,rarely,1
prediction,published,1
prediction,reduced,1
prediction,systems,1
prediction,standards,1
prediction,rna,1
prediction,tcga,1
prediction,proposes,1
prediction,result,1
prediction,three-dimensional,1
prediction,problem,1
prediction,real-world,1
prediction,thousands,1
prediction,propose,1
prediction,roads,1
prediction,tasks,1
prediction,utilized,1
prediction,process,1
prediction,seoul,1
prediction,proteins,1
prediction,time-consuming,1
prediction,work,1
prediction,similar,1
prediction,smoothing,1
prediction,study,1
prediction,strategy,1
prediction,presents,1
prediction,viable,1
prediction,string,1
prediction,u-shaped,1
prediction,samples,1
prediction,research,1
prediction,pressure,1
prediction,requirement,1
prediction,separation,1
prediction,sets,1
prediction,simultaneously,1
prediction,resulting,1
prediction,videos,1
prediction,years,1
prediction,theory,1
prediction,rely,1
prediction,relation,1
prediction,relations,1
prediction,typically,1
prediction,understanding,1
prediction,sites,1
prediction,smiles,1
prediction,technologies,1
prediction,svm,1
prediction,softmax,1
prediction,similarity,1
prediction,rnas,1
prediction,recently,1
prediction,unsupervised,1
prediction,secure,1
prediction,words,1
prediction,transformer,1
prediction,system,1
prediction,water,1
prediction,wiki,1
prediction,surge,1
prediction,skeleton,1
prediction,vehicle,1
prediction,results,1
prediction,subgraph,1
prediction,skeleton-based,1
prediction,proposed,1
prediction,revealed,1
prediction,probability,1
prediction,spatial,1
prediction,pubmed,1
prediction,sentiments,1
prediction,role,1
prediction,relationships,1
prediction,representation,1
prediction,represent,1
prediction,topic,1
prediction,updated,1
prediction,training,1
prediction,supervised,1
prediction,works,1
prediction,showed,1
prediction,technique,1
prediction,propagation,1
prediction,time,1
prediction,single-granular,1
prediction,representations,1
prediction,user,1
prediction,set,1
prediction,tumor,1
prediction,target,1
prediction,studies,1
prediction,recognition,1
prediction,trend,1
prediction,sparsity,1
prediction,recent,1
prediction,static,1
prediction,surface,1
prediction,significant,1
prediction,temporal,1
prediction,validate,1
prediction,spatial-temporal,1
prediction,single,1
prediction,task,1
prediction,step,1
prediction,traffic,1
prediction,synthetic,1
prediction,real,1
prediction,visual,1
prediction,remote,1
prediction,rgb,1
prediction,show,1
prediction,processing,1
prediction,previous,1
prediction,structural,1
prediction,success,1
prediction,variation,1
prediction,reactions,1
prediction,unit,1
prediction,targets,1
prediction,utilization,1
prediction,structures,1
prediction,progress,1
prediction,video,1
prediction,traditional,1
prediction,stability,1
prediction,sample,1
prediction,tree,1
prediction,types,1
prediction,protein,1
prediction,reported,1
prediction,remarkable,1
factors,paper,1
factors,named,1
factors,method,1
factors,methods,1
factors,wide,1
factors,specifically,1
factors,structure,1
factors,input,1
factors,ignore,1
factors,graph,1
factors,metal,1
factors,nitride,1
factors,present,1
factors,literature,1
factors,published,1
factors,generally,1
factors,increasing,1
factors,reduced,1
factors,gap,1
factors,obtained,1
factors,generated,1
factors,systems,1
factors,network,1
factors,standards,1
factors,networks,1
factors,noise,1
factors,rna,1
factors,gqa,1
factors,proposes,1
factors,models,1
factors,result,1
factors,three-dimensional,1
factors,problem,1
factors,node,1
factors,performance,1
factors,limited,1
factors,real-world,1
factors,hours,1
factors,propose,1
factors,roads,1
factors,tasks,1
factors,utilized,1
factors,process,1
factors,proteins,1
factors,heterojunction,1
factors,work,1
factors,graphitic,1
factors,gcn,1
factors,nodes,1
factors,similar,1
factors,perform,1
factors,study,1
factors,strategy,1
factors,presents,1
factors,outperform,1
factors,samples,1
factors,research,1
factors,graphs,1
factors,numerous,1
factors,separation,1
factors,sets,1
factors,simultaneously,1
factors,holes,1
factors,resulting,1
factors,photocatalyst,1
factors,plant,1
factors,videos,1
factors,features,1
factors,years,1
factors,language,1
factors,leading,1
factors,gps,1
factors,material,1
factors,gcns,1
factors,relation,1
factors,relations,1
factors,firstly,1
factors,understanding,1
factors,heterogeneous,1
factors,model,1
factors,sites,1
factors,points,1
factors,improve,1
factors,photoreduction,1
factors,lstm,1
factors,smiles,1
factors,technologies,1
factors,svm,1
factors,patients,1
factors,similarity,1
factors,fourier,1
factors,initiative,1
factors,recently,1
factors,molecules,1
factors,molecule,1
factors,transformer,1
factors,system,1
factors,water,1
factors,surge,1
factors,framework,1
factors,vehicle,1
factors,layer,1
factors,results,1
factors,learning,1
factors,ftir,1
factors,xps,1
factors,pose,1
factors,skeleton-based,1
factors,graph-based,1
factors,proposed,1
factors,revealed,1
factors,probability,1
factors,methodology,1
factors,spatial,1
factors,information,1
factors,role,1
factors,optimization,1
factors,relationships,1
factors,representation,1
factors,represent,1
factors,generative,1
factors,topic,1
factors,global,1
factors,local,1
factors,training,1
factors,works,1
factors,generate,1
factors,showed,1
factors,psf,1
factors,optimal,1
factors,key,1
factors,human,1
factors,technique,1
factors,prediction,1
factors,propagation,1
factors,time,1
factors,learn,1
factors,optical,1
factors,focus,1
factors,high,1
factors,module,1
factors,representations,1
factors,introduce,1
factors,neural,1
factors,user,1
factors,management,1
factors,predict,1
factors,feature,1
factors,set,1
factors,fully,1
factors,target,1
factors,studies,1
factors,recognition,1
factors,identify,1
factors,multiple,1
factors,ternary,1
factors,trend,1
factors,sparsity,1
factors,recent,1
factors,static,1
factors,gene,1
factors,surface,1
factors,significant,1
factors,knowledge,1
factors,temporal,1
factors,identification,1
factors,predicting,1
factors,number,1
factors,validate,1
factors,gat,1
factors,spatial-temporal,1
factors,single,1
factors,interaction,1
factors,layers,1
factors,task,1
factors,step,1
factors,machine,1
factors,traffic,1
factors,synthetic,1
factors,real,1
factors,visual,1
factors,parameters,1
factors,improved,1
factors,show,1
factors,large,1
factors,processing,1
factors,previous,1
factors,pairs,1
factors,include,1
factors,learns,1
factors,photocatalytic,1
factors,structural,1
factors,success,1
factors,variation,1
factors,identifying,1
factors,important,1
factors,reactions,1
factors,memory,1
factors,unit,1
factors,gated,1
factors,patterns,1
factors,field,1
factors,great,1
factors,light,1
factors,functions,1
factors,targets,1
factors,multi-scale,1
factors,utilization,1
factors,structures,1
factors,part,1
factors,progress,1
factors,video,1
factors,traditional,1
factors,stability,1
factors,sample,1
factors,pollutants,1
factors,tree,1
factors,motion,1
factors,types,1
factors,protein,1
factors,point,1
factors,reported,1
factors,remarkable,1
propagation,wide,1
propagation,specifically,1
propagation,structure,1
propagation,systems,1
propagation,rna,1
propagation,tcga,1
propagation,proposes,1
propagation,result,1
propagation,real-world,1
propagation,thousands,1
propagation,propose,1
propagation,tasks,1
propagation,utilized,1
propagation,time-consuming,1
propagation,work,1
propagation,similar,1
propagation,smoothing,1
propagation,study,1
propagation,strategy,1
propagation,sgc,1
propagation,samples,1
propagation,research,1
propagation,sets,1
propagation,simultaneously,1
propagation,resulting,1
propagation,videos,1
propagation,years,1
propagation,rely,1
propagation,relation,1
propagation,relations,1
propagation,typically,1
propagation,understanding,1
propagation,technologies,1
propagation,similarity,1
propagation,recently,1
propagation,unsupervised,1
propagation,words,1
propagation,system,1
propagation,surge,1
propagation,skeleton,1
propagation,results,1
propagation,skeleton-based,1
propagation,proposed,1
propagation,revealed,1
propagation,spatial,1
propagation,pubmed,1
propagation,role,1
propagation,relationships,1
propagation,representation,1
propagation,represent,1
propagation,topic,1
propagation,updated,1
propagation,training,1
propagation,supervised,1
propagation,works,1
propagation,showed,1
propagation,technique,1
propagation,time,1
propagation,representations,1
propagation,user,1
propagation,set,1
propagation,tumor,1
propagation,target,1
propagation,studies,1
propagation,recognition,1
propagation,trend,1
propagation,sparsity,1
propagation,recent,1
propagation,static,1
propagation,significant,1
propagation,temporal,1
propagation,validate,1
propagation,spatial-temporal,1
propagation,single,1
propagation,task,1
propagation,step,1
propagation,traffic,1
propagation,synthetic,1
propagation,real,1
propagation,visual,1
propagation,remote,1
propagation,rgb,1
propagation,show,1
propagation,structural,1
propagation,success,1
propagation,variation,1
propagation,unit,1
propagation,targets,1
propagation,structures,1
propagation,traditional,1
propagation,sample,1
propagation,types,1
propagation,reported,1
propagation,remarkable,1
time,wide,1
time,water-splitting,1
time,utilized,1
time,time-consuming,1
time,work,1
time,topologically,1
time,wavelengths,1
time,transformers,1
time,videos,1
time,years,1
time,typically,1
time,understanding,1
time,unsupervised,1
time,words,1
time,transformer,1
time,water,1
time,wiki,1
time,vehicle,1
time,topic,1
time,updated,1
time,training,1
time,works,1
time,user,1
time,tumor,1
time,trend,1
time,validate,1
time,traffic,1
time,visual,1
time,variation,1
time,unit,1
time,utilization,1
time,video,1
time,traditional,1
time,tree,1
time,types,1
aminoacyl,specifically,1
aminoacyl,systems,1
aminoacyl,thousands,1
aminoacyl,proteins,1
aminoacyl,encoded,1
aminoacyl,study,1
aminoacyl,trna,1
aminoacyl,n-acetyltransferase,1
aminoacyl,typically,1
aminoacyl,escherichia,1
aminoacyl,system,1
aminoacyl,complex,1
aminoacyl,target,1
aminoacyl,show,1
aminoacyl,conditions,1
aminoacyl,pairs,1
aminoacyl,targets,1
daily,paper,1
daily,named,1
daily,method,1
daily,methods,1
daily,wide,1
daily,specifically,1
daily,dual,1
daily,structure,1
daily,input,1
daily,existing,1
daily,graph,1
daily,present,1
daily,extract,1
daily,published,1
daily,generally,1
daily,reduced,1
daily,gap,1
daily,independently,1
daily,generated,1
daily,systems,1
daily,network,1
daily,networks,1
daily,extracting,1
daily,proposes,1
daily,models,1
daily,result,1
daily,efficient,1
daily,problem,1
daily,node,1
daily,performance,1
daily,limited,1
daily,fast,1
daily,real-world,1
daily,thousands,1
daily,propose,1
daily,roads,1
daily,tasks,1
daily,process,1
daily,proteins,1
daily,time-consuming,1
daily,experimental,1
daily,elsevier,1
daily,work,1
daily,gcn,1
daily,nodes,1
daily,smoothing,1
daily,study,1
daily,strategy,1
daily,explore,1
daily,research,1
daily,graphs,1
daily,numerous,1
daily,sets,1
daily,simultaneously,1
daily,transformers,1
daily,features,1
daily,years,1
daily,language,1
daily,leading,1
daily,rely,1
daily,gcns,1
daily,relation,1
daily,relations,1
daily,typically,1
daily,understanding,1
daily,heterogeneous,1
daily,model,1
daily,due,1
daily,efficiency,1
daily,improve,1
daily,lstm,1
daily,formed,1
daily,patients,1
daily,patient,1
daily,similarity,1
daily,recently,1
daily,molecule,1
daily,unsupervised,1
daily,words,1
daily,transformer,1
daily,system,1
daily,datasets,1
daily,data,1
daily,effectively,1
daily,surge,1
daily,data-driven,1
daily,skeleton,1
daily,framework,1
daily,vehicle,1
daily,end,1
daily,layer,1
daily,results,1
daily,learning,1
daily,skeletongait,1
daily,graph-based,1
daily,informative,1
daily,dependencies,1
daily,proposed,1
daily,meaningful,1
daily,methodology,1
daily,spatial,1
daily,information,1
daily,evaluation,1
daily,role,1
daily,optimization,1
daily,relationships,1
daily,representation,1
daily,represent,1
daily,generative,1
daily,embeddings,1
daily,laplacian,1
daily,topic,1
daily,updated,1
daily,global,1
daily,local,1
daily,deep,1
daily,training,1
daily,supervised,1
daily,error,1
daily,works,1
daily,showed,1
daily,pooling,1
daily,dataset,1
daily,key,1
daily,human,1
daily,technique,1
daily,prediction,1
daily,factors,1
daily,propagation,1
daily,time,1
daily,learn,1
daily,focus,1
daily,modalities,1
daily,high,1
daily,module,1
daily,representations,1
daily,introduce,1
daily,neural,1
daily,user,1
daily,management,1
daily,predict,1
daily,feature,1
daily,set,1
daily,fully,1
daily,tumor,1
daily,studies,1
daily,recognition,1
daily,identify,1
daily,multiple,1
daily,sparsity,1
daily,recent,1
daily,static,1
daily,surface,1
daily,significant,1
daily,knowledge,1
daily,temporal,1
daily,identification,1
daily,predicting,1
daily,number,1
daily,validate,1
daily,gat,1
daily,spatial-temporal,1
daily,single,1
daily,interaction,1
daily,layers,1
daily,task,1
daily,step,1
daily,machine,1
daily,traffic,1
daily,real,1
daily,parameters,1
daily,rgb,1
daily,improved,1
daily,show,1
daily,large,1
daily,processing,1
daily,previous,1
daily,pairs,1
daily,employed,1
daily,include,1
daily,learns,1
daily,embedding,1
daily,effective,1
daily,success,1
daily,identifying,1
daily,important,1
daily,memory,1
daily,unit,1
daily,gated,1
daily,patterns,1
daily,field,1
daily,great,1
daily,light,1
daily,targets,1
daily,multi-scale,1
daily,structures,1
daily,focuses,1
daily,traditional,1
daily,designed,1
daily,diffusion,1
daily,motion,1
daily,types,1
daily,point,1
daily,reported,1
learn,paper,1
learn,named,1
learn,method,1
learn,methods,1
learn,wide,1
learn,specifically,1
learn,structure,1
learn,low-pass,1
learn,metal,1
learn,nitride,1
learn,present,1
learn,literature,1
learn,rarely,1
learn,published,1
learn,reduced,1
learn,obtained,1
learn,systems,1
learn,network,1
learn,networks,1
learn,noise,1
learn,proposes,1
learn,models,1
learn,result,1
learn,pharmacological,1
learn,three-dimensional,1
learn,problem,1
learn,node,1
learn,performance,1
learn,limited,1
learn,recombination,1
learn,real-world,1
learn,thousands,1
learn,owing,1
learn,propose,1
learn,roads,1
learn,tasks,1
learn,utilized,1
learn,process,1
learn,proteins,1
learn,time-consuming,1
learn,work,1
learn,nodes,1
learn,mixed,1
learn,similar,1
learn,smoothing,1
learn,perform,1
learn,study,1
learn,strategy,1
learn,presents,1
learn,viable,1
learn,outperform,1
learn,string,1
learn,sgc,1
learn,samples,1
learn,research,1
learn,requirement,1
learn,numerous,1
learn,separation,1
learn,sets,1
learn,simultaneously,1
learn,resulting,1
learn,plant,1
learn,transformers,1
learn,videos,1
learn,years,1
learn,theory,1
learn,rely,1
learn,obu,1
learn,relation,1
learn,relations,1
learn,typically,1
learn,understanding,1
learn,mscoco,1
learn,model,1
learn,sites,1
learn,points,1
learn,lstm,1
learn,technologies,1
learn,svm,1
learn,softmax,1
learn,patients,1
learn,patient,1
learn,similarity,1
learn,pca,1
learn,recently,1
learn,molecules,1
learn,molecule,1
learn,ntu,1
learn,unsupervised,1
learn,secure,1
learn,nlp,1
learn,words,1
learn,transformer,1
learn,system,1
learn,water,1
learn,wiki,1
learn,surge,1
learn,skeleton,1
learn,vehicle,1
learn,results,1
learn,learning,1
learn,subgraph,1
learn,pose,1
learn,skeleton-based,1
learn,proposed,1
learn,meaningful,1
learn,probability,1
learn,methodology,1
learn,spatial,1
learn,pubmed,1
learn,sentiments,1
learn,role,1
learn,optimization,1
learn,relationships,1
learn,representation,1
learn,represent,1
learn,unifying,1
learn,topic,1
learn,updated,1
learn,local,1
learn,training,1
learn,supervised,1
learn,works,1
learn,showed,1
learn,optimal,1
learn,pooling,1
learn,technique,1
learn,prediction,1
learn,propagation,1
learn,time,1
learn,neighbor,1
learn,modalities,1
learn,module,1
learn,representations,1
learn,neural,1
learn,user,1
learn,management,1
learn,predict,1
learn,set,1
learn,tumor,1
learn,target,1
learn,studies,1
learn,recognition,1
learn,multiple,1
learn,trend,1
learn,sparsity,1
learn,recent,1
learn,static,1
learn,surface,1
learn,significant,1
learn,temporal,1
learn,predicting,1
learn,number,1
learn,validate,1
learn,spatial-temporal,1
learn,single,1
learn,task,1
learn,step,1
learn,machine,1
learn,traffic,1
learn,synthetic,1
learn,real,1
learn,visual,1
learn,remote,1
learn,splitting,1
learn,parameters,1
learn,rgb,1
learn,show,1
learn,processing,1
learn,previous,1
learn,pairs,1
learn,learns,1
learn,structural,1
learn,success,1
learn,variation,1
learn,reactions,1
learn,memory,1
learn,unit,1
learn,patterns,1
learn,targets,1
learn,multi-scale,1
learn,utilization,1
learn,structures,1
learn,neighbors,1
learn,part,1
learn,progress,1
learn,video,1
learn,traditional,1
learn,stability,1
learn,sample,1
learn,pollutants,1
learn,tree,1
learn,motion,1
learn,types,1
learn,protein,1
learn,point,1
learn,reported,1
learn,remarkable,1
neighbor,paper,1
neighbor,wide,1
neighbor,specifically,1
neighbor,structure,1
neighbor,nitride,1
neighbor,present,1
neighbor,published,1
neighbor,obtained,1
neighbor,systems,1
neighbor,network,1
neighbor,networks,1
neighbor,noise,1
neighbor,rna,1
neighbor,tcga,1
neighbor,proposes,1
neighbor,pharmacological,1
neighbor,problem,1
neighbor,node,1
neighbor,performance,1
neighbor,real-world,1
neighbor,owing,1
neighbor,propose,1
neighbor,tasks,1
neighbor,utilized,1
neighbor,process,1
neighbor,proteins,1
neighbor,time-consuming,1
neighbor,work,1
neighbor,nodes,1
neighbor,similar,1
neighbor,study,1
neighbor,strategy,1
neighbor,presents,1
neighbor,samples,1
neighbor,research,1
neighbor,separation,1
neighbor,sets,1
neighbor,simultaneously,1
neighbor,resulting,1
neighbor,years,1
neighbor,theory,1
neighbor,relation,1
neighbor,relations,1
neighbor,typically,1
neighbor,understanding,1
neighbor,points,1
neighbor,technologies,1
neighbor,patients,1
neighbor,patient,1
neighbor,similarity,1
neighbor,recently,1
neighbor,unsupervised,1
neighbor,transformer,1
neighbor,system,1
neighbor,skeleton,1
neighbor,results,1
neighbor,pose,1
neighbor,proposed,1
neighbor,probability,1
neighbor,spatial,1
neighbor,role,1
neighbor,optimization,1
neighbor,relationships,1
neighbor,representation,1
neighbor,represent,1
neighbor,topic,1
neighbor,updated,1
neighbor,training,1
neighbor,supervised,1
neighbor,works,1
neighbor,optimal,1
neighbor,pooling,1
neighbor,technique,1
neighbor,prediction,1
neighbor,propagation,1
neighbor,time,1
neighbor,representations,1
neighbor,neural,1
neighbor,user,1
neighbor,predict,1
neighbor,set,1
neighbor,target,1
neighbor,studies,1
neighbor,recognition,1
neighbor,trend,1
neighbor,sparsity,1
neighbor,recent,1
neighbor,significant,1
neighbor,temporal,1
neighbor,predicting,1
neighbor,number,1
neighbor,spatial-temporal,1
neighbor,single,1
neighbor,task,1
neighbor,step,1
neighbor,synthetic,1
neighbor,real,1
neighbor,remote,1
neighbor,parameters,1
neighbor,show,1
neighbor,processing,1
neighbor,previous,1
neighbor,structural,1
neighbor,unit,1
neighbor,patterns,1
neighbor,utilization,1
neighbor,structures,1
neighbor,neighbors,1
neighbor,part,1
neighbor,progress,1
neighbor,traditional,1
neighbor,stability,1
neighbor,pollutants,1
neighbor,tree,1
neighbor,types,1
neighbor,reported,1
evolution,paper,1
evolution,named,1
evolution,method,1
evolution,methods,1
evolution,inferred,1
evolution,wide,1
evolution,specifically,1
evolution,structure,1
evolution,input,1
evolution,existing,1
evolution,ignore,1
evolution,graph,1
evolution,metal,1
evolution,nitride,1
evolution,present,1
evolution,extract,1
evolution,generally,1
evolution,increasing,1
evolution,reduced,1
evolution,gap,1
evolution,obtained,1
evolution,generated,1
evolution,systems,1
evolution,network,1
evolution,networks,1
evolution,extracting,1
evolution,models,1
evolution,result,1
evolution,problem,1
evolution,node,1
evolution,performance,1
evolution,limited,1
evolution,fast,1
evolution,recombination,1
evolution,real-world,1
evolution,hours,1
evolution,owing,1
evolution,propose,1
evolution,tasks,1
evolution,utilized,1
evolution,process,1
evolution,proteins,1
evolution,experimental,1
evolution,heterojunction,1
evolution,nitrogen-rich,1
evolution,tubes,1
evolution,work,1
evolution,graphitic,1
evolution,gcn,1
evolution,nodes,1
evolution,excellent,1
evolution,similar,1
evolution,perform,1
evolution,study,1
evolution,strategy,1
evolution,presents,1
evolution,viable,1
evolution,outperform,1
evolution,explore,1
evolution,research,1
evolution,graphs,1
evolution,requirement,1
evolution,numerous,1
evolution,separation,1
evolution,simultaneously,1
evolution,markers,1
evolution,holes,1
evolution,resulting,1
evolution,photocatalyst,1
evolution,plant,1
evolution,harmful,1
evolution,features,1
evolution,years,1
evolution,theory,1
evolution,leading,1
evolution,material,1
evolution,gcns,1
evolution,relation,1
evolution,relations,1
evolution,typically,1
evolution,firstly,1
evolution,heterogeneous,1
evolution,model,1
evolution,sites,1
evolution,points,1
evolution,improve,1
evolution,lstm,1
evolution,technologies,1
evolution,formed,1
evolution,similarity,1
evolution,recently,1
evolution,fixation,1
evolution,molecules,1
evolution,unsupervised,1
evolution,secure,1
evolution,transformer,1
evolution,system,1
evolution,water,1
evolution,nanosized,1
evolution,skeleton,1
evolution,framework,1
evolution,vehicle,1
evolution,layer,1
evolution,results,1
evolution,learning,1
evolution,xps,1
evolution,graph-based,1
evolution,proposed,1
evolution,revealed,1
evolution,spatial,1
evolution,information,1
evolution,role,1
evolution,relationships,1
evolution,representation,1
evolution,represent,1
evolution,topic,1
evolution,global,1
evolution,local,1
evolution,training,1
evolution,supervised,1
evolution,works,1
evolution,generate,1
evolution,showed,1
evolution,optimal,1
evolution,key,1
evolution,human,1
evolution,prediction,1
evolution,factors,1
evolution,propagation,1
evolution,time,1
evolution,learn,1
evolution,optical,1
evolution,focus,1
evolution,high,1
evolution,module,1
evolution,representations,1
evolution,neural,1
evolution,expression,1
evolution,user,1
evolution,management,1
evolution,predict,1
evolution,feature,1
evolution,set,1
evolution,fully,1
evolution,target,1
evolution,studies,1
evolution,identify,1
evolution,multiple,1
evolution,ternary,1
evolution,sparsity,1
evolution,recent,1
evolution,gene,1
evolution,surface,1
evolution,significant,1
evolution,knowledge,1
evolution,temporal,1
evolution,identification,1
evolution,predicting,1
evolution,number,1
evolution,validate,1
evolution,spatial-temporal,1
evolution,single,1
evolution,interaction,1
evolution,layers,1
evolution,task,1
evolution,step,1
evolution,machine,1
evolution,traffic,1
evolution,real,1
evolution,splitting,1
evolution,parameters,1
evolution,improved,1
evolution,show,1
evolution,large,1
evolution,processing,1
evolution,previous,1
evolution,include,1
evolution,photocatalytic,1
evolution,structural,1
evolution,important,1
evolution,reactions,1
evolution,memory,1
evolution,unit,1
evolution,gated,1
evolution,patterns,1
evolution,field,1
evolution,great,1
evolution,light,1
evolution,functions,1
evolution,targets,1
evolution,utilization,1
evolution,structures,1
evolution,neighbors,1
evolution,part,1
evolution,progress,1
evolution,traditional,1
evolution,stability,1
evolution,sample,1
evolution,pollutants,1
evolution,types,1
evolution,protein,1
evolution,point,1
evolution,reported,1
evolution,remarkable,1
cfz,methods,1
cfz,recombination,1
cfz,heterojunction,1
cfz,gcn,1
cfz,strategy,1
cfz,presents,1
cfz,heterogeneous,1
cfz,due,1
cfz,efficiency,1
cfz,formed,1
cfz,water,1
cfz,ftir,1
cfz,revealed,1
cfz,electron,1
cfz,optical,1
cfz,photocatalytic,1
cfz,important,1
cfz,reactions,1
cfz,field,1
cfz,light,1
single-granular,tasks,1
single-granular,unsupervised,1
single-granular,wiki,1
single-granular,time,1
single-granular,structural,1
optical,paper,1
optical,wide,1
optical,specifically,1
optical,structure,1
optical,present,1
optical,published,1
optical,reduced,1
optical,systems,1
optical,proposes,1
optical,result,1
optical,problem,1
optical,performance,1
optical,recombination,1
optical,owing,1
optical,propose,1
optical,utilized,1
optical,process,1
optical,work,1
optical,similar,1
optical,perform,1
optical,study,1
optical,strategy,1
optical,presents,1
optical,outperform,1
optical,samples,1
optical,research,1
optical,separation,1
optical,simultaneously,1
optical,resulting,1
optical,photocatalyst,1
optical,videos,1
optical,years,1
optical,relations,1
optical,understanding,1
optical,sites,1
optical,points,1
optical,technologies,1
optical,recently,1
optical,words,1
optical,system,1
optical,water,1
optical,results,1
optical,xps,1
optical,proposed,1
optical,revealed,1
optical,spatial,1
optical,role,1
optical,relationships,1
optical,representation,1
optical,training,1
optical,showed,1
optical,optimal,1
optical,technique,1
optical,prediction,1
optical,time,1
optical,predict,1
optical,set,1
optical,studies,1
optical,ternary,1
optical,recent,1
optical,surface,1
optical,significant,1
optical,temporal,1
optical,single,1
optical,task,1
optical,step,1
optical,traffic,1
optical,synthetic,1
optical,real,1
optical,visual,1
optical,remote,1
optical,splitting,1
optical,parameters,1
optical,rgb,1
optical,show,1
optical,processing,1
optical,previous,1
optical,pairs,1
optical,photocatalytic,1
optical,structural,1
optical,variation,1
optical,reactions,1
optical,unit,1
optical,structures,1
optical,part,1
optical,progress,1
optical,traditional,1
optical,stability,1
optical,sample,1
optical,pollutants,1
optical,types,1
optical,point,1
optical,reported,1
optical,remarkable,1
approach,drug-drug,1
approach,paper,1
approach,named,1
approach,method,1
approach,methods,1
approach,wide,1
approach,specifically,1
approach,demonstrates,1
approach,dual,1
approach,structure,1
approach,input,1
approach,existing,1
approach,approaches,1
approach,ignore,1
approach,benefit,1
approach,graph,1
approach,connecting,1
approach,considered,1
approach,attributes,1
approach,metal,1
approach,nitride,1
approach,present,1
approach,literature,1
approach,rarely,1
approach,extract,1
approach,published,1
approach,generally,1
approach,common,1
approach,increasing,1
approach,reduced,1
approach,gap,1
approach,developed,1
approach,roofs,1
approach,cancers,1
approach,independently,1
approach,differently,1
approach,explicitly,1
approach,attention,1
approach,obtained,1
approach,generated,1
approach,systems,1
approach,network,1
approach,standards,1
approach,networks,1
approach,noise,1
approach,extracting,1
approach,rna,1
approach,tcga,1
approach,pei-gcn,1
approach,proposes,1
approach,assist,1
approach,critical,1
approach,assessment,1
approach,membranes,1
approach,models,1
approach,result,1
approach,beneficial,1
approach,pharmacological,1
approach,efficient,1
approach,three-dimensional,1
approach,classification,1
approach,problem,1
approach,node,1
approach,performance,1
approach,limited,1
approach,fast,1
approach,recombination,1
approach,real-world,1
approach,thousands,1
approach,owing,1
approach,propose,1
approach,tasks,1
approach,utilized,1
approach,determination,1
approach,process,1
approach,seoul,1
approach,proteins,1
approach,encoded,1
approach,time-consuming,1
approach,experimental,1
approach,elsevier,1
approach,attack,1
approach,chemical,1
approach,liquid,1
approach,work,1
approach,graphitic,1
approach,gcn,1
approach,nodes,1
approach,established,1
approach,mixed,1
approach,excellent,1
approach,capability,1
approach,similar,1
approach,smoothing,1
approach,perform,1
approach,study,1
approach,strategy,1
approach,presents,1
approach,outperform,1
approach,string,1
approach,descriptor,1
approach,explore,1
approach,sgc,1
approach,samples,1
approach,research,1
approach,pressure,1
approach,f-score,1
approach,auc,1
approach,graphs,1
approach,requirement,1
approach,numerous,1
approach,separation,1
approach,sets,1
approach,simultaneously,1
approach,markers,1
approach,area,1
approach,holes,1
approach,resulting,1
approach,photocatalyst,1
approach,investigations,1
approach,sciences,1
approach,plant,1
approach,transformers,1
approach,videos,1
approach,features,1
approach,years,1
approach,language,1
approach,theory,1
approach,leading,1
approach,rely,1
approach,decisions,1
approach,heavily,1
approach,gps,1
approach,material,1
approach,gcns,1
approach,relation,1
approach,relations,1
approach,typically,1
approach,firstly,1
approach,understanding,1
approach,imdb,1
approach,convolutional,1
approach,mscoco,1
approach,heterogeneous,1
approach,model,1
approach,cnn,1
approach,due,1
approach,sites,1
approach,cloud,1
approach,points,1
approach,efficiency,1
approach,improve,1
approach,ethereum,1
approach,lstm,1
approach,bidirectional,1
approach,catalysts,1
approach,technologies,1
approach,capacity,1
approach,svm,1
approach,softmax,1
approach,formed,1
approach,euclidean,1
approach,patients,1
approach,patient,1
approach,similarity,1
approach,rnas,1
approach,initiative,1
approach,pca,1
approach,decades,1
approach,copy,1
approach,recently,1
approach,molecules,1
approach,molecule,1
approach,ntu,1
approach,edges,1
approach,unsupervised,1
approach,matthews,1
approach,secure,1
approach,nlp,1
approach,words,1
approach,transformer,1
approach,system,1
approach,water,1
approach,wiki,1
approach,datasets,1
approach,data,1
approach,effectively,1
approach,surge,1
approach,data-driven,1
approach,kinetics,1
approach,dft,1
approach,skeleton,1
approach,canadian,1
approach,framework,1
approach,vehicle,1
approach,guided,1
approach,end,1
approach,layer,1
approach,results,1
approach,learning,1
approach,subgraph,1
approach,xps,1
approach,pose,1
approach,skeleton-based,1
approach,graph-based,1
approach,informative,1
approach,dependencies,1
approach,proposed,1
approach,based,1
approach,conduct,1
approach,meaningful,1
approach,revealed,1
approach,gcaru,1
approach,probability,1
approach,methodology,1
approach,spatial,1
approach,pubmed,1
approach,electron,1
approach,information,1
approach,evaluation,1
approach,role,1
approach,auroc,1
approach,optimization,1
approach,relationships,1
approach,representation,1
approach,represent,1
approach,generative,1
approach,embeddings,1
approach,laplacian,1
approach,topic,1
approach,updated,1
approach,global,1
approach,local,1
approach,deep,1
approach,training,1
approach,correlations,1
approach,u-net,1
approach,supervised,1
approach,error,1
approach,works,1
approach,generate,1
approach,capture,1
approach,showed,1
approach,optimal,1
approach,pooling,1
approach,dataset,1
approach,key,1
approach,human,1
approach,technique,1
approach,prediction,1
approach,factors,1
approach,propagation,1
approach,time,1
approach,learn,1
approach,neighbor,1
approach,evolution,1
approach,optical,1
approach,focus,1
approach,desirable,1
approach,modalities,1
approach,high,1
approach,module,1
approach,representations,1
approach,introduce,1
approach,neural,1
approach,expression,1
approach,user,1
approach,management,1
approach,predict,1
approach,feature,1
approach,set,1
approach,fully,1
approach,complex,1
approach,tumor,1
approach,target,1
approach,studies,1
approach,dense,1
approach,recognition,1
approach,identify,1
approach,convolution,1
approach,challenges,1
approach,multiple,1
approach,trend,1
approach,sparsity,1
approach,faces,1
approach,recent,1
approach,static,1
approach,gene,1
approach,surface,1
approach,significant,1
approach,immune,1
approach,knowledge,1
approach,temporal,1
approach,identification,1
approach,predicting,1
approach,number,1
approach,validate,1
approach,gat,1
approach,spatial-temporal,1
approach,single,1
approach,interaction,1
approach,layers,1
approach,task,1
approach,challenging,1
approach,energy,1
approach,step,1
approach,machine,1
approach,traffic,1
approach,communication,1
approach,synthetic,1
approach,real,1
approach,visual,1
approach,layouts,1
approach,cells,1
approach,remote,1
approach,splitting,1
approach,parameters,1
approach,rgb,1
approach,improved,1
approach,show,1
approach,large,1
approach,processing,1
approach,conditions,1
approach,previous,1
approach,pairs,1
approach,employed,1
approach,include,1
approach,captures,1
approach,learns,1
approach,embedding,1
approach,effective,1
approach,photocatalytic,1
approach,structural,1
approach,success,1
approach,cases,1
approach,variation,1
approach,identifying,1
approach,important,1
approach,reactions,1
approach,memory,1
approach,unit,1
approach,gated,1
approach,patterns,1
approach,field,1
approach,correction,1
approach,constructing,1
approach,comprehensive,1
approach,great,1
approach,light,1
approach,functions,1
approach,targets,1
approach,architecture,1
approach,multi-scale,1
approach,utilization,1
approach,structures,1
approach,neighbors,1
approach,part,1
approach,progress,1
approach,video,1
approach,focuses,1
approach,capturing,1
approach,traditional,1
approach,stability,1
approach,sample,1
approach,designed,1
approach,pollutants,1
approach,behaviors,1
approach,diffusion,1
approach,tree,1
approach,motion,1
approach,types,1
approach,protein,1
approach,point,1
approach,reported,1
approach,remarkable,1
approach,background,1
approach,center,1
approach,bind,1
accuracy,drug-drug,1
accuracy,paper,1
accuracy,named,1
accuracy,method,1
accuracy,methods,1
accuracy,inferred,1
accuracy,wide,1
accuracy,actions,1
accuracy,specifically,1
accuracy,demonstrates,1
accuracy,dual,1
accuracy,interacts,1
accuracy,structure,1
accuracy,input,1
accuracy,existing,1
accuracy,approaches,1
accuracy,ignore,1
accuracy,benefit,1
accuracy,graph,1
accuracy,considered,1
accuracy,low-pass,1
accuracy,attributes,1
accuracy,metal,1
accuracy,present,1
accuracy,literature,1
accuracy,rarely,1
accuracy,concentrated,1
accuracy,extract,1
accuracy,published,1
accuracy,generally,1
accuracy,common,1
accuracy,increasing,1
accuracy,reduced,1
accuracy,gap,1
accuracy,developed,1
accuracy,cancers,1
accuracy,hyperlinks,1
accuracy,independently,1
accuracy,differently,1
accuracy,explicitly,1
accuracy,attention,1
accuracy,obtained,1
accuracy,generated,1
accuracy,systems,1
accuracy,network,1
accuracy,standards,1
accuracy,networks,1
accuracy,noise,1
accuracy,extracting,1
accuracy,rna,1
accuracy,proposes,1
accuracy,assist,1
accuracy,critical,1
accuracy,assessment,1
accuracy,achieve,1
accuracy,applications,1
accuracy,models,1
accuracy,result,1
accuracy,beneficial,1
accuracy,efficient,1
accuracy,three-dimensional,1
accuracy,classification,1
accuracy,problem,1
accuracy,node,1
accuracy,address,1
accuracy,performance,1
accuracy,limited,1
accuracy,fast,1
accuracy,recombination,1
accuracy,real-world,1
accuracy,dempster-shafer,1
accuracy,thousands,1
accuracy,hours,1
accuracy,owing,1
accuracy,propose,1
accuracy,roads,1
accuracy,tasks,1
accuracy,alternatively,1
accuracy,utilized,1
accuracy,determination,1
accuracy,process,1
accuracy,seoul,1
accuracy,proteins,1
accuracy,encoded,1
accuracy,time-consuming,1
accuracy,experimental,1
accuracy,elsevier,1
accuracy,attack,1
accuracy,chemical,1
accuracy,work,1
accuracy,gcn,1
accuracy,nodes,1
accuracy,established,1
accuracy,mixed,1
accuracy,excellent,1
accuracy,capability,1
accuracy,similar,1
accuracy,smoothing,1
accuracy,perform,1
accuracy,households,1
accuracy,study,1
accuracy,strategy,1
accuracy,presents,1
accuracy,outperform,1
accuracy,descriptor,1
accuracy,explore,1
accuracy,u-shaped,1
accuracy,samples,1
accuracy,research,1
accuracy,pressure,1
accuracy,f-score,1
accuracy,auc,1
accuracy,graphs,1
accuracy,requirement,1
accuracy,numerous,1
accuracy,separation,1
accuracy,sets,1
accuracy,simultaneously,1
accuracy,area,1
accuracy,holes,1
accuracy,resulting,1
accuracy,investigations,1
accuracy,transformers,1
accuracy,activity,1
accuracy,videos,1
accuracy,features,1
accuracy,years,1
accuracy,language,1
accuracy,theory,1
accuracy,leading,1
accuracy,rely,1
accuracy,decisions,1
accuracy,heavily,1
accuracy,hemisphere,1
accuracy,gps,1
accuracy,material,1
accuracy,gcns,1
accuracy,relation,1
accuracy,relations,1
accuracy,typically,1
accuracy,firstly,1
accuracy,understanding,1
accuracy,imdb,1
accuracy,kitti,1
accuracy,artifact,1
accuracy,convolutional,1
accuracy,heterogeneous,1
accuracy,model,1
accuracy,cnn,1
accuracy,due,1
accuracy,sites,1
accuracy,cloud,1
accuracy,points,1
accuracy,efficiency,1
accuracy,improve,1
accuracy,ethereum,1
accuracy,lstm,1
accuracy,smiles,1
accuracy,bidirectional,1
accuracy,technologies,1
accuracy,capacity,1
accuracy,svm,1
accuracy,knn,1
accuracy,softmax,1
accuracy,formed,1
accuracy,euclidean,1
accuracy,patients,1
accuracy,patient,1
accuracy,similarity,1
accuracy,annotations,1
accuracy,rnas,1
accuracy,algorithms,1
accuracy,initiative,1
accuracy,decades,1
accuracy,copy,1
accuracy,recently,1
accuracy,molecules,1
accuracy,molecule,1
accuracy,ntu,1
accuracy,edges,1
accuracy,unsupervised,1
accuracy,matthews,1
accuracy,secure,1
accuracy,nlp,1
accuracy,words,1
accuracy,transformer,1
accuracy,system,1
accuracy,water,1
accuracy,wiki,1
accuracy,datasets,1
accuracy,data,1
accuracy,effectively,1
accuracy,surge,1
accuracy,data-driven,1
accuracy,kinetics,1
accuracy,dft,1
accuracy,skeleton,1
accuracy,canadian,1
accuracy,framework,1
accuracy,vehicle,1
accuracy,guided,1
accuracy,end,1
accuracy,layer,1
accuracy,results,1
accuracy,learning,1
accuracy,subgraph,1
accuracy,pose,1
accuracy,skeleton-based,1
accuracy,algorithm,1
accuracy,euler,1
accuracy,graph-based,1
accuracy,informative,1
accuracy,dependencies,1
accuracy,proposed,1
accuracy,based,1
accuracy,conduct,1
accuracy,meaningful,1
accuracy,revealed,1
accuracy,probability,1
accuracy,methodology,1
accuracy,spatial,1
accuracy,pubmed,1
accuracy,sentiments,1
accuracy,electron,1
accuracy,information,1
accuracy,evaluation,1
accuracy,role,1
accuracy,mcc,1
accuracy,auroc,1
accuracy,auprc,1
accuracy,optimization,1
accuracy,relationships,1
accuracy,representation,1
accuracy,represent,1
accuracy,generative,1
accuracy,achieved,1
accuracy,dmax,1
accuracy,embeddings,1
accuracy,laplacian,1
accuracy,topic,1
accuracy,updated,1
accuracy,global,1
accuracy,local,1
accuracy,deep,1
accuracy,training,1
accuracy,correlations,1
accuracy,u-net,1
accuracy,supervised,1
accuracy,error,1
accuracy,works,1
accuracy,generate,1
accuracy,capture,1
accuracy,showed,1
accuracy,optimal,1
accuracy,presentation,1
accuracy,pooling,1
accuracy,dataset,1
accuracy,key,1
accuracy,human,1
accuracy,technique,1
accuracy,prediction,1
accuracy,factors,1
accuracy,propagation,1
accuracy,time,1
accuracy,daily,1
accuracy,learn,1
accuracy,neighbor,1
accuracy,evolution,1
accuracy,optical,1
accuracy,approach,1
accuracy,focus,1
accuracy,desirable,1
accuracy,modalities,1
accuracy,high,1
accuracy,module,1
accuracy,representations,1
accuracy,introduce,1
accuracy,neural,1
accuracy,expression,1
accuracy,user,1
accuracy,management,1
accuracy,predict,1
accuracy,feature,1
accuracy,set,1
accuracy,fully,1
accuracy,complex,1
accuracy,tumor,1
accuracy,target,1
accuracy,studies,1
accuracy,dense,1
accuracy,recognition,1
accuracy,identify,1
accuracy,convolution,1
accuracy,challenges,1
accuracy,multiple,1
accuracy,ternary,1
accuracy,trend,1
accuracy,sparsity,1
accuracy,faces,1
accuracy,recent,1
accuracy,static,1
accuracy,gene,1
accuracy,surface,1
accuracy,significant,1
accuracy,knowledge,1
accuracy,temporal,1
accuracy,identification,1
accuracy,predicting,1
accuracy,number,1
accuracy,validate,1
accuracy,gat,1
accuracy,spatial-temporal,1
accuracy,single,1
accuracy,interaction,1
accuracy,layers,1
accuracy,task,1
accuracy,challenging,1
accuracy,energy,1
accuracy,step,1
accuracy,machine,1
accuracy,traffic,1
accuracy,communication,1
accuracy,synthetic,1
accuracy,real,1
accuracy,visual,1
accuracy,layouts,1
accuracy,cells,1
accuracy,remote,1
accuracy,analysis,1
accuracy,parameters,1
accuracy,rgb,1
accuracy,improved,1
accuracy,show,1
accuracy,large,1
accuracy,processing,1
accuracy,conditions,1
accuracy,previous,1
accuracy,pairs,1
accuracy,employed,1
accuracy,include,1
accuracy,captures,1
accuracy,learns,1
accuracy,achieves,1
accuracy,embedding,1
accuracy,effective,1
accuracy,structural,1
accuracy,success,1
accuracy,cases,1
accuracy,variation,1
accuracy,identifying,1
accuracy,important,1
accuracy,memory,1
accuracy,unit,1
accuracy,gated,1
accuracy,patterns,1
accuracy,field,1
accuracy,correction,1
accuracy,constructing,1
accuracy,comprehensive,1
accuracy,accurate,1
accuracy,great,1
accuracy,action,1
accuracy,light,1
accuracy,functions,1
accuracy,targets,1
accuracy,architecture,1
accuracy,multi-scale,1
accuracy,annotation,1
accuracy,utilization,1
accuracy,aggregation,1
accuracy,structures,1
accuracy,neighbors,1
accuracy,adsorption,1
accuracy,part,1
accuracy,progress,1
accuracy,video,1
accuracy,focuses,1
accuracy,capturing,1
accuracy,traditional,1
accuracy,affected,1
accuracy,stability,1
accuracy,sample,1
accuracy,designed,1
accuracy,pollutants,1
accuracy,behaviors,1
accuracy,diffusion,1
accuracy,tree,1
accuracy,motion,1
accuracy,types,1
accuracy,protein,1
accuracy,point,1
accuracy,reported,1
accuracy,remarkable,1
accuracy,background,1
accuracy,center,1
accuracy,band,1
focus,paper,1
focus,named,1
focus,method,1
focus,methods,1
focus,wide,1
focus,specifically,1
focus,structure,1
focus,input,1
focus,ignore,1
focus,graph,1
focus,low-pass,1
focus,nitride,1
focus,present,1
focus,literature,1
focus,rarely,1
focus,published,1
focus,generally,1
focus,increasing,1
focus,reduced,1
focus,gap,1
focus,obtained,1
focus,generated,1
focus,systems,1
focus,network,1
focus,networks,1
focus,noise,1
focus,proposes,1
focus,models,1
focus,result,1
focus,problem,1
focus,node,1
focus,performance,1
focus,limited,1
focus,real-world,1
focus,thousands,1
focus,owing,1
focus,propose,1
focus,tasks,1
focus,utilized,1
focus,process,1
focus,proteins,1
focus,time-consuming,1
focus,work,1
focus,graphitic,1
focus,gcn,1
focus,nodes,1
focus,similar,1
focus,smoothing,1
focus,perform,1
focus,study,1
focus,strategy,1
focus,presents,1
focus,outperform,1
focus,sgc,1
focus,samples,1
focus,research,1
focus,graphs,1
focus,numerous,1
focus,separation,1
focus,sets,1
focus,simultaneously,1
focus,resulting,1
focus,plant,1
focus,transformers,1
focus,videos,1
focus,years,1
focus,language,1
focus,theory,1
focus,leading,1
focus,rely,1
focus,material,1
focus,gcns,1
focus,relation,1
focus,relations,1
focus,typically,1
focus,understanding,1
focus,kitti,1
focus,mscoco,1
focus,heterogeneous,1
focus,model,1
focus,sites,1
focus,points,1
focus,improve,1
focus,lstm,1
focus,knn,1
focus,softmax,1
focus,formed,1
focus,patients,1
focus,patient,1
focus,similarity,1
focus,recently,1
focus,molecules,1
focus,ntu,1
focus,unsupervised,1
focus,nlp,1
focus,words,1
focus,transformer,1
focus,system,1
focus,water,1
focus,wiki,1
focus,surge,1
focus,skeleton,1
focus,framework,1
focus,vehicle,1
focus,guided,1
focus,layer,1
focus,results,1
focus,learning,1
focus,subgraph,1
focus,pose,1
focus,skeleton-based,1
focus,graph-based,1
focus,informative,1
focus,proposed,1
focus,meaningful,1
focus,revealed,1
focus,probability,1
focus,methodology,1
focus,spatial,1
focus,sentiments,1
focus,information,1
focus,role,1
focus,optimization,1
focus,relationships,1
focus,representation,1
focus,represent,1
focus,generative,1
focus,topic,1
focus,updated,1
focus,global,1
focus,local,1
focus,training,1
focus,supervised,1
focus,works,1
focus,generate,1
focus,showed,1
focus,optimal,1
focus,presentation,1
focus,pooling,1
focus,key,1
focus,human,1
focus,technique,1
focus,prediction,1
focus,propagation,1
focus,time,1
focus,learn,1
focus,neighbor,1
focus,optical,1
focus,modalities,1
focus,high,1
focus,module,1
focus,representations,1
focus,introduce,1
focus,neural,1
focus,user,1
focus,management,1
focus,predict,1
focus,set,1
focus,fully,1
focus,tumor,1
focus,target,1
focus,studies,1
focus,recognition,1
focus,identify,1
focus,multiple,1
focus,trend,1
focus,sparsity,1
focus,recent,1
focus,static,1
focus,gene,1
focus,surface,1
focus,significant,1
focus,knowledge,1
focus,temporal,1
focus,identification,1
focus,predicting,1
focus,number,1
focus,validate,1
focus,gat,1
focus,spatial-temporal,1
focus,single,1
focus,interaction,1
focus,layers,1
focus,task,1
focus,step,1
focus,machine,1
focus,traffic,1
focus,synthetic,1
focus,real,1
focus,visual,1
focus,remote,1
focus,splitting,1
focus,parameters,1
focus,rgb,1
focus,improved,1
focus,show,1
focus,large,1
focus,processing,1
focus,previous,1
focus,include,1
focus,learns,1
focus,structural,1
focus,success,1
focus,identifying,1
focus,important,1
focus,reactions,1
focus,memory,1
focus,unit,1
focus,gated,1
focus,patterns,1
focus,great,1
focus,light,1
focus,functions,1
focus,targets,1
focus,multi-scale,1
focus,utilization,1
focus,structures,1
focus,neighbors,1
focus,part,1
focus,progress,1
focus,video,1
focus,focuses,1
focus,traditional,1
focus,stability,1
focus,sample,1
focus,pollutants,1
focus,tree,1
focus,motion,1
focus,types,1
focus,protein,1
focus,point,1
focus,reported,1
focus,remarkable,1
desirable,paper,1
desirable,named,1
desirable,method,1
desirable,methods,1
desirable,specifically,1
desirable,dual,1
desirable,structure,1
desirable,existing,1
desirable,graph,1
desirable,metal,1
desirable,water-splitting,1
desirable,nitride,1
desirable,present,1
desirable,extract,1
desirable,generally,1
desirable,reduced,1
desirable,generated,1
desirable,systems,1
desirable,network,1
desirable,networks,1
desirable,noise,1
desirable,efficient,1
desirable,three-dimensional,1
desirable,problem,1
desirable,performance,1
desirable,fast,1
desirable,real-world,1
desirable,owing,1
desirable,propose,1
desirable,tasks,1
desirable,utilized,1
desirable,process,1
desirable,experimental,1
desirable,work,1
desirable,graphitic,1
desirable,gcn,1
desirable,excellent,1
desirable,similar,1
desirable,study,1
desirable,samples,1
desirable,graphs,1
desirable,separation,1
desirable,topologically,1
desirable,wavelengths,1
desirable,sets,1
desirable,simultaneously,1
desirable,photocatalyst,1
desirable,features,1
desirable,years,1
desirable,material,1
desirable,gcns,1
desirable,relations,1
desirable,typically,1
desirable,model,1
desirable,due,1
desirable,sites,1
desirable,points,1
desirable,efficiency,1
desirable,technologies,1
desirable,similarity,1
desirable,transformer,1
desirable,system,1
desirable,framework,1
desirable,results,1
desirable,learning,1
desirable,proposed,1
desirable,spatial,1
desirable,electron,1
desirable,information,1
desirable,evaluation,1
desirable,optimization,1
desirable,relationships,1
desirable,global,1
desirable,training,1
desirable,supervised,1
desirable,showed,1
desirable,human,1
desirable,factors,1
desirable,propagation,1
desirable,time,1
desirable,evolution,1
desirable,optical,1
desirable,high,1
desirable,module,1
desirable,introduce,1
desirable,set,1
desirable,fully,1
desirable,target,1
desirable,studies,1
desirable,multiple,1
desirable,trend,1
desirable,recent,1
desirable,gene,1
desirable,surface,1
desirable,significant,1
desirable,immune,1
desirable,single,1
desirable,interaction,1
desirable,task,1
desirable,energy,1
desirable,step,1
desirable,real,1
desirable,remote,1
desirable,improved,1
desirable,effective,1
desirable,photocatalytic,1
desirable,patterns,1
desirable,light,1
desirable,functions,1
desirable,structures,1
desirable,part,1
desirable,stability,1
desirable,pollutants,1
modalities,paper,1
modalities,named,1
modalities,specifically,1
modalities,structure,1
modalities,present,1
modalities,rarely,1
modalities,published,1
modalities,reduced,1
modalities,systems,1
modalities,network,1
modalities,networks,1
modalities,tcga,1
modalities,proposes,1
modalities,models,1
modalities,result,1
modalities,problem,1
modalities,node,1
modalities,performance,1
modalities,real-world,1
modalities,owing,1
modalities,propose,1
modalities,tasks,1
modalities,utilized,1
modalities,process,1
modalities,time-consuming,1
modalities,psycholinguistic,1
modalities,work,1
modalities,nodes,1
modalities,similar,1
modalities,perform,1
modalities,study,1
modalities,strategy,1
modalities,presents,1
modalities,outperform,1
modalities,samples,1
modalities,research,1
modalities,requirement,1
modalities,simultaneously,1
modalities,resulting,1
modalities,transformers,1
modalities,years,1
modalities,theory,1
modalities,rely,1
modalities,relation,1
modalities,relations,1
modalities,typically,1
modalities,understanding,1
modalities,mscoco,1
modalities,model,1
modalities,patients,1
modalities,patient,1
modalities,similarity,1
modalities,pca,1
modalities,recently,1
modalities,unsupervised,1
modalities,nlp,1
modalities,words,1
modalities,transformer,1
modalities,system,1
modalities,surge,1
modalities,skeleton,1
modalities,vehicle,1
modalities,results,1
modalities,pose,1
modalities,skeleton-based,1
modalities,proposed,1
modalities,spatial,1
modalities,sentiments,1
modalities,role,1
modalities,optimization,1
modalities,relationships,1
modalities,representation,1
modalities,represent,1
modalities,topic,1
modalities,training,1
modalities,supervised,1
modalities,works,1
modalities,showed,1
modalities,pooling,1
modalities,prediction,1
modalities,propagation,1
modalities,time,1
modalities,module,1
modalities,representations,1
modalities,neural,1
modalities,user,1
modalities,predict,1
modalities,set,1
modalities,tumor,1
modalities,target,1
modalities,studies,1
modalities,recognition,1
modalities,multiple,1
modalities,recent,1
modalities,static,1
modalities,significant,1
modalities,temporal,1
modalities,predicting,1
modalities,number,1
modalities,validate,1
modalities,spatial-temporal,1
modalities,single,1
modalities,task,1
modalities,real,1
modalities,visual,1
modalities,remote,1
modalities,rgb,1
modalities,show,1
modalities,previous,1
modalities,structural,1
modalities,success,1
modalities,patterns,1
modalities,multi-scale,1
modalities,part,1
modalities,progress,1
modalities,video,1
modalities,traditional,1
modalities,sample,1
modalities,types,1
modalities,reported,1
high,paper,1
high,named,1
high,method,1
high,methods,1
high,intuitively,1
high,inferred,1
high,wide,1
high,specifically,1
high,interacts,1
high,structure,1
high,input,1
high,ignore,1
high,metal,1
high,nitride,1
high,present,1
high,literature,1
high,rarely,1
high,pharmacology,1
high,published,1
high,increasing,1
high,reduced,1
high,independently,1
high,obtained,1
high,systems,1
high,network,1
high,networks,1
high,noise,1
high,rna,1
high,tcga,1
high,pei-gcn,1
high,proposes,1
high,membranes,1
high,models,1
high,result,1
high,pharmacological,1
high,three-dimensional,1
high,problem,1
high,node,1
high,performance,1
high,limited,1
high,recombination,1
high,real-world,1
high,thousands,1
high,hours,1
high,owing,1
high,propose,1
high,roads,1
high,tasks,1
high,utilized,1
high,process,1
high,proteins,1
high,time-consuming,1
high,liquid,1
high,work,1
high,nodes,1
high,mixed,1
high,similar,1
high,smoothing,1
high,perform,1
high,study,1
high,strategy,1
high,presents,1
high,viable,1
high,outperform,1
high,sgc,1
high,samples,1
high,research,1
high,pressure,1
high,requirement,1
high,numerous,1
high,separation,1
high,sets,1
high,simultaneously,1
high,markers,1
high,holes,1
high,resulting,1
high,photocatalyst,1
high,investigations,1
high,plant,1
high,videos,1
high,years,1
high,language,1
high,theory,1
high,leading,1
high,rely,1
high,material,1
high,relation,1
high,relations,1
high,typically,1
high,understanding,1
high,kitti,1
high,model,1
high,sites,1
high,points,1
high,improve,1
high,lstm,1
high,technologies,1
high,svm,1
high,knn,1
high,patients,1
high,patient,1
high,similarity,1
high,initiative,1
high,recently,1
high,molecules,1
high,molecule,1
high,unsupervised,1
high,nlp,1
high,words,1
high,transformer,1
high,system,1
high,water,1
high,kinetics,1
high,skeleton,1
high,vehicle,1
high,layer,1
high,results,1
high,learning,1
high,xps,1
high,pose,1
high,skeleton-based,1
high,informative,1
high,proposed,1
high,meaningful,1
high,revealed,1
high,probability,1
high,methodology,1
high,spatial,1
high,pubmed,1
high,sentiments,1
high,information,1
high,role,1
high,optimization,1
high,relationships,1
high,representation,1
high,represent,1
high,laplacian,1
high,topic,1
high,updated,1
high,local,1
high,training,1
high,u-net,1
high,supervised,1
high,works,1
high,showed,1
high,optimal,1
high,presentation,1
high,pooling,1
high,key,1
high,human,1
high,technique,1
high,prediction,1
high,propagation,1
high,time,1
high,learn,1
high,neighbor,1
high,optical,1
high,modalities,1
high,module,1
high,representations,1
high,introduce,1
high,neural,1
high,user,1
high,management,1
high,predict,1
high,set,1
high,tumor,1
high,target,1
high,studies,1
high,recognition,1
high,identify,1
high,multiple,1
high,ternary,1
high,trend,1
high,sparsity,1
high,recent,1
high,static,1
high,surface,1
high,significant,1
high,immune,1
high,knowledge,1
high,temporal,1
high,identification,1
high,predicting,1
high,number,1
high,validate,1
high,spatial-temporal,1
high,single,1
high,interaction,1
high,layers,1
high,task,1
high,step,1
high,machine,1
high,traffic,1
high,synthetic,1
high,real,1
high,visual,1
high,remote,1
high,splitting,1
high,parameters,1
high,rgb,1
high,improved,1
high,show,1
high,large,1
high,processing,1
high,previous,1
high,pairs,1
high,include,1
high,learns,1
high,photocatalytic,1
high,structural,1
high,success,1
high,variation,1
high,identifying,1
high,important,1
high,reactions,1
high,memory,1
high,unit,1
high,patterns,1
high,light,1
high,targets,1
high,multi-scale,1
high,utilization,1
high,structures,1
high,neighbors,1
high,part,1
high,progress,1
high,video,1
high,traditional,1
high,stability,1
high,sample,1
high,pollutants,1
high,tree,1
high,motion,1
high,types,1
high,protein,1
high,point,1
high,reported,1
high,remarkable,1
module,paper,1
module,named,1
module,wide,1
module,specifically,1
module,structure,1
module,nitride,1
module,present,1
module,published,1
module,reduced,1
module,obtained,1
module,systems,1
module,network,1
module,networks,1
module,noise,1
module,tcga,1
module,pei-gcn,1
module,proposes,1
module,result,1
module,pharmacological,1
module,three-dimensional,1
module,problem,1
module,node,1
module,performance,1
module,real-world,1
module,thousands,1
module,owing,1
module,propose,1
module,roads,1
module,tasks,1
module,utilized,1
module,process,1
module,proteins,1
module,time-consuming,1
module,work,1
module,nodes,1
module,similar,1
module,smoothing,1
module,perform,1
module,study,1
module,strategy,1
module,presents,1
module,outperform,1
module,sgc,1
module,u-shaped,1
module,samples,1
module,research,1
module,pressure,1
module,requirement,1
module,numerous,1
module,separation,1
module,sets,1
module,simultaneously,1
module,resulting,1
module,plant,1
module,videos,1
module,years,1
module,theory,1
module,rely,1
module,relation,1
module,relations,1
module,typically,1
module,understanding,1
module,sites,1
module,points,1
module,patients,1
module,patient,1
module,similarity,1
module,recently,1
module,molecules,1
module,ntu,1
module,unsupervised,1
module,secure,1
module,nlp,1
module,words,1
module,transformer,1
module,system,1
module,water,1
module,wiki,1
module,surge,1
module,skeleton,1
module,vehicle,1
module,results,1
module,subgraph,1
module,pose,1
module,skeleton-based,1
module,proposed,1
module,revealed,1
module,probability,1
module,spatial,1
module,role,1
module,optimization,1
module,relationships,1
module,representation,1
module,represent,1
module,topic,1
module,updated,1
module,training,1
module,u-net,1
module,supervised,1
module,works,1
module,showed,1
module,optimal,1
module,pooling,1
module,technique,1
module,prediction,1
module,propagation,1
module,time,1
module,neighbor,1
module,optical,1
module,representations,1
module,neural,1
module,user,1
module,predict,1
module,set,1
module,tumor,1
module,target,1
module,studies,1
module,recognition,1
module,multiple,1
module,ternary,1
module,trend,1
module,sparsity,1
module,recent,1
module,static,1
module,surface,1
module,significant,1
module,temporal,1
module,predicting,1
module,number,1
module,validate,1
module,spatial-temporal,1
module,single,1
module,task,1
module,step,1
module,traffic,1
module,synthetic,1
module,real,1
module,visual,1
module,remote,1
module,parameters,1
module,rgb,1
module,show,1
module,processing,1
module,previous,1
module,pairs,1
module,photocatalytic,1
module,structural,1
module,success,1
module,variation,1
module,reactions,1
module,unit,1
module,patterns,1
module,targets,1
module,multi-scale,1
module,utilization,1
module,structures,1
module,neighbors,1
module,part,1
module,progress,1
module,video,1
module,traditional,1
module,stability,1
module,sample,1
module,pollutants,1
module,tree,1
module,motion,1
module,types,1
module,protein,1
module,point,1
module,reported,1
module,remarkable,1
representations,wide,1
representations,specifically,1
representations,structure,1
representations,systems,1
representations,tcga,1
representations,result,1
representations,thousands,1
representations,tasks,1
representations,utilized,1
representations,time-consuming,1
representations,work,1
representations,similar,1
representations,smoothing,1
representations,study,1
representations,strategy,1
representations,string,1
representations,sgc,1
representations,samples,1
representations,research,1
representations,requirement,1
representations,separation,1
representations,sets,1
representations,simultaneously,1
representations,resulting,1
representations,transformers,1
representations,videos,1
representations,years,1
representations,theory,1
representations,typically,1
representations,understanding,1
representations,sites,1
representations,smiles,1
representations,technologies,1
representations,svm,1
representations,softmax,1
representations,similarity,1
representations,rnas,1
representations,unsupervised,1
representations,secure,1
representations,words,1
representations,transformer,1
representations,system,1
representations,water,1
representations,surge,1
representations,skeleton,1
representations,vehicle,1
representations,results,1
representations,subgraph,1
representations,skeleton-based,1
representations,revealed,1
representations,spatial,1
representations,sentiments,1
representations,role,1
representations,unifying,1
representations,topic,1
representations,updated,1
representations,training,1
representations,supervised,1
representations,works,1
representations,showed,1
representations,technique,1
representations,time,1
representations,user,1
representations,set,1
representations,tumor,1
representations,target,1
representations,studies,1
representations,trend,1
representations,sparsity,1
representations,static,1
representations,surface,1
representations,significant,1
representations,temporal,1
representations,validate,1
representations,spatial-temporal,1
representations,single,1
representations,task,1
representations,step,1
representations,traffic,1
representations,synthetic,1
representations,visual,1
representations,rgb,1
representations,show,1
representations,structural,1
representations,success,1
representations,variation,1
representations,unit,1
representations,targets,1
representations,utilization,1
representations,structures,1
representations,video,1
representations,traditional,1
representations,stability,1
representations,sample,1
representations,tree,1
representations,types,1
introduce,paper,1
introduce,named,1
introduce,method,1
introduce,methods,1
introduce,wide,1
introduce,specifically,1
introduce,structure,1
introduce,metal,1
introduce,water-splitting,1
introduce,nitride,1
introduce,present,1
introduce,literature,1
introduce,rarely,1
introduce,published,1
introduce,reduced,1
introduce,obtained,1
introduce,systems,1
introduce,network,1
introduce,networks,1
introduce,noise,1
introduce,rna,1
introduce,proposes,1
introduce,models,1
introduce,result,1
introduce,problem,1
introduce,node,1
introduce,performance,1
introduce,limited,1
introduce,real-world,1
introduce,thousands,1
introduce,owing,1
introduce,propose,1
introduce,tasks,1
introduce,utilized,1
introduce,process,1
introduce,proteins,1
introduce,time-consuming,1
introduce,work,1
introduce,nodes,1
introduce,similar,1
introduce,smoothing,1
introduce,perform,1
introduce,study,1
introduce,strategy,1
introduce,presents,1
introduce,outperform,1
introduce,samples,1
introduce,research,1
introduce,numerous,1
introduce,separation,1
introduce,topologically,1
introduce,wavelengths,1
introduce,sets,1
introduce,simultaneously,1
introduce,resulting,1
introduce,photocatalyst,1
introduce,transformers,1
introduce,videos,1
introduce,years,1
introduce,language,1
introduce,theory,1
introduce,leading,1
introduce,rely,1
introduce,relation,1
introduce,relations,1
introduce,typically,1
introduce,understanding,1
introduce,kitti,1
introduce,model,1
introduce,sites,1
introduce,points,1
introduce,lstm,1
introduce,technologies,1
introduce,softmax,1
introduce,patients,1
introduce,patient,1
introduce,similarity,1
introduce,recently,1
introduce,molecules,1
introduce,unsupervised,1
introduce,nlp,1
introduce,words,1
introduce,transformer,1
introduce,system,1
introduce,water,1
introduce,surge,1
introduce,skeleton,1
introduce,vehicle,1
introduce,layer,1
introduce,results,1
introduce,learning,1
introduce,subgraph,1
introduce,pose,1
introduce,skeleton-based,1
introduce,proposed,1
introduce,meaningful,1
introduce,revealed,1
introduce,methodology,1
introduce,spatial,1
introduce,pubmed,1
introduce,sentiments,1
introduce,role,1
introduce,optimization,1
introduce,relationships,1
introduce,representation,1
introduce,represent,1
introduce,topic,1
introduce,updated,1
introduce,local,1
introduce,training,1
introduce,supervised,1
introduce,works,1
introduce,showed,1
introduce,optimal,1
introduce,pooling,1
introduce,key,1
introduce,technique,1
introduce,prediction,1
introduce,propagation,1
introduce,time,1
introduce,learn,1
introduce,neighbor,1
introduce,optical,1
introduce,modalities,1
introduce,module,1
introduce,representations,1
introduce,neural,1
introduce,user,1
introduce,management,1
introduce,predict,1
introduce,set,1
introduce,tumor,1
introduce,target,1
introduce,studies,1
introduce,recognition,1
introduce,multiple,1
introduce,trend,1
introduce,sparsity,1
introduce,recent,1
introduce,static,1
introduce,surface,1
introduce,significant,1
introduce,knowledge,1
introduce,temporal,1
introduce,predicting,1
introduce,number,1
introduce,validate,1
introduce,spatial-temporal,1
introduce,single,1
introduce,layers,1
introduce,task,1
introduce,step,1
introduce,machine,1
introduce,traffic,1
introduce,synthetic,1
introduce,real,1
introduce,visual,1
introduce,parameters,1
introduce,rgb,1
introduce,show,1
introduce,large,1
introduce,processing,1
introduce,previous,1
introduce,pairs,1
introduce,learns,1
introduce,structural,1
introduce,success,1
introduce,variation,1
introduce,memory,1
introduce,unit,1
introduce,patterns,1
introduce,light,1
introduce,targets,1
introduce,multi-scale,1
introduce,utilization,1
introduce,structures,1
introduce,neighbors,1
introduce,progress,1
introduce,video,1
introduce,traditional,1
introduce,stability,1
introduce,sample,1
introduce,pollutants,1
introduce,tree,1
introduce,motion,1
introduce,types,1
introduce,protein,1
introduce,point,1
introduce,reported,1
introduce,remarkable,1
neural,paper,1
neural,wide,1
neural,specifically,1
neural,structure,1
neural,present,1
neural,rarely,1
neural,published,1
neural,reduced,1
neural,obtained,1
neural,systems,1
neural,standards,1
neural,noise,1
neural,rna,1
neural,tcga,1
neural,proposes,1
neural,result,1
neural,pharmacological,1
neural,three-dimensional,1
neural,problem,1
neural,node,1
neural,performance,1
neural,recombination,1
neural,real-world,1
neural,thousands,1
neural,owing,1
neural,propose,1
neural,roads,1
neural,tasks,1
neural,utilized,1
neural,process,1
neural,proteins,1
neural,time-consuming,1
neural,work,1
neural,nodes,1
neural,similar,1
neural,smoothing,1
neural,perform,1
neural,study,1
neural,strategy,1
neural,presents,1
neural,viable,1
neural,outperform,1
neural,u-shaped,1
neural,samples,1
neural,research,1
neural,pressure,1
neural,requirement,1
neural,numerous,1
neural,separation,1
neural,sets,1
neural,simultaneously,1
neural,resulting,1
neural,sciences,1
neural,transformers,1
neural,videos,1
neural,years,1
neural,theory,1
neural,rely,1
neural,obu,1
neural,relation,1
neural,relations,1
neural,typically,1
neural,understanding,1
neural,sites,1
neural,points,1
neural,smiles,1
neural,technologies,1
neural,svm,1
neural,softmax,1
neural,patients,1
neural,patient,1
neural,similarity,1
neural,rnas,1
neural,pca,1
neural,recently,1
neural,ntu,1
neural,unsupervised,1
neural,secure,1
neural,nlp,1
neural,words,1
neural,transformer,1
neural,system,1
neural,water,1
neural,wiki,1
neural,surge,1
neural,skeleton,1
neural,vehicle,1
neural,results,1
neural,subgraph,1
neural,pose,1
neural,skeleton-based,1
neural,proposed,1
neural,revealed,1
neural,probability,1
neural,spatial,1
neural,pubmed,1
neural,sentiments,1
neural,role,1
neural,optimization,1
neural,relationships,1
neural,representation,1
neural,represent,1
neural,unifying,1
neural,topic,1
neural,updated,1
neural,training,1
neural,u-net,1
neural,supervised,1
neural,works,1
neural,showed,1
neural,optimal,1
neural,presentation,1
neural,pooling,1
neural,technique,1
neural,prediction,1
neural,propagation,1
neural,time,1
neural,optical,1
neural,representations,1
neural,user,1
neural,predict,1
neural,set,1
neural,tumor,1
neural,target,1
neural,studies,1
neural,recognition,1
neural,ternary,1
neural,trend,1
neural,sparsity,1
neural,recent,1
neural,static,1
neural,surface,1
neural,significant,1
neural,temporal,1
neural,predicting,1
neural,number,1
neural,validate,1
neural,spatial-temporal,1
neural,single,1
neural,task,1
neural,step,1
neural,traffic,1
neural,synthetic,1
neural,real,1
neural,visual,1
neural,remote,1
neural,parameters,1
neural,rgb,1
neural,show,1
neural,processing,1
neural,previous,1
neural,pairs,1
neural,structural,1
neural,success,1
neural,variation,1
neural,unit,1
neural,patterns,1
neural,targets,1
neural,utilization,1
neural,structures,1
neural,part,1
neural,progress,1
neural,video,1
neural,traditional,1
neural,stability,1
neural,sample,1
neural,pollutants,1
neural,tree,1
neural,types,1
neural,protein,1
neural,point,1
neural,reported,1
neural,remarkable,1
expression,paper,1
expression,named,1
expression,method,1
expression,methods,1
expression,inferred,1
expression,wide,1
expression,specifically,1
expression,interacts,1
expression,structure,1
expression,input,1
expression,ignore,1
expression,graph,1
expression,present,1
expression,literature,1
expression,extract,1
expression,published,1
expression,generally,1
expression,increasing,1
expression,reduced,1
expression,independently,1
expression,obtained,1
expression,generated,1
expression,network,1
expression,networks,1
expression,noise,1
expression,extracting,1
expression,rna,1
expression,tcga,1
expression,proposes,1
expression,membranes,1
expression,models,1
expression,result,1
expression,pharmacological,1
expression,problem,1
expression,node,1
expression,performance,1
expression,limited,1
expression,recombination,1
expression,real-world,1
expression,thousands,1
expression,hours,1
expression,propose,1
expression,tasks,1
expression,utilized,1
expression,process,1
expression,proteins,1
expression,time-consuming,1
expression,liquid,1
expression,work,1
expression,gcn,1
expression,nodes,1
expression,similar,1
expression,perform,1
expression,study,1
expression,strategy,1
expression,presents,1
expression,outperform,1
expression,string,1
expression,samples,1
expression,research,1
expression,pressure,1
expression,f-score,1
expression,graphs,1
expression,requirement,1
expression,numerous,1
expression,sets,1
expression,simultaneously,1
expression,markers,1
expression,resulting,1
expression,plant,1
expression,transformers,1
expression,videos,1
expression,features,1
expression,years,1
expression,language,1
expression,theory,1
expression,leading,1
expression,gcns,1
expression,relation,1
expression,relations,1
expression,firstly,1
expression,understanding,1
expression,heterogeneous,1
expression,model,1
expression,sites,1
expression,points,1
expression,improve,1
expression,lstm,1
expression,technologies,1
expression,svm,1
expression,softmax,1
expression,patients,1
expression,patient,1
expression,similarity,1
expression,rnas,1
expression,recently,1
expression,molecules,1
expression,molecule,1
expression,unsupervised,1
expression,words,1
expression,transformer,1
expression,system,1
expression,water,1
expression,skeleton,1
expression,framework,1
expression,guided,1
expression,layer,1
expression,results,1
expression,learning,1
expression,pose,1
expression,graph-based,1
expression,informative,1
expression,proposed,1
expression,meaningful,1
expression,revealed,1
expression,probability,1
expression,methodology,1
expression,spatial,1
expression,pubmed,1
expression,information,1
expression,role,1
expression,relationships,1
expression,representation,1
expression,represent,1
expression,laplacian,1
expression,global,1
expression,local,1
expression,training,1
expression,supervised,1
expression,works,1
expression,generate,1
expression,showed,1
expression,optimal,1
expression,key,1
expression,human,1
expression,prediction,1
expression,factors,1
expression,propagation,1
expression,time,1
expression,learn,1
expression,neighbor,1
expression,focus,1
expression,high,1
expression,module,1
expression,representations,1
expression,introduce,1
expression,neural,1
expression,predict,1
expression,feature,1
expression,set,1
expression,fully,1
expression,tumor,1
expression,target,1
expression,studies,1
expression,recognition,1
expression,identify,1
expression,multiple,1
expression,trend,1
expression,sparsity,1
expression,recent,1
expression,gene,1
expression,significant,1
expression,immune,1
expression,knowledge,1
expression,temporal,1
expression,identification,1
expression,predicting,1
expression,number,1
expression,validate,1
expression,gat,1
expression,spatial-temporal,1
expression,single,1
expression,interaction,1
expression,layers,1
expression,task,1
expression,step,1
expression,machine,1
expression,synthetic,1
expression,real,1
expression,visual,1
expression,parameters,1
expression,improved,1
expression,show,1
expression,large,1
expression,processing,1
expression,previous,1
expression,pairs,1
expression,include,1
expression,learns,1
expression,structural,1
expression,success,1
expression,variation,1
expression,identifying,1
expression,important,1
expression,memory,1
expression,gated,1
expression,patterns,1
expression,field,1
expression,great,1
expression,light,1
expression,functions,1
expression,targets,1
expression,utilization,1
expression,structures,1
expression,neighbors,1
expression,part,1
expression,progress,1
expression,video,1
expression,traditional,1
expression,stability,1
expression,sample,1
expression,tree,1
expression,types,1
expression,protein,1
expression,point,1
expression,reported,1
user,wide,1
user,utilized,1
user,work,1
user,years,1
user,words,1
user,vehicle,1
user,works,1
user,validate,1
user,visual,1
user,utilization,1
user,video,1
management,paper,1
management,named,1
management,method,1
management,methods,1
management,wide,1
management,specifically,1
management,structure,1
management,present,1
management,reduced,1
management,obtained,1
management,systems,1
management,network,1
management,networks,1
management,noise,1
management,rna,1
management,proposes,1
management,models,1
management,result,1
management,three-dimensional,1
management,problem,1
management,node,1
management,performance,1
management,real-world,1
management,owing,1
management,propose,1
management,roads,1
management,tasks,1
management,utilized,1
management,process,1
management,proteins,1
management,work,1
management,nodes,1
management,mixed,1
management,similar,1
management,perform,1
management,study,1
management,strategy,1
management,presents,1
management,outperform,1
management,samples,1
management,research,1
management,numerous,1
management,sets,1
management,simultaneously,1
management,resulting,1
management,sciences,1
management,transformers,1
management,years,1
management,theory,1
management,material,1
management,relation,1
management,relations,1
management,typically,1
management,understanding,1
management,model,1
management,sites,1
management,points,1
management,softmax,1
management,patients,1
management,similarity,1
management,recently,1
management,unsupervised,1
management,words,1
management,transformer,1
management,system,1
management,water,1
management,vehicle,1
management,results,1
management,pose,1
management,proposed,1
management,probability,1
management,methodology,1
management,spatial,1
management,role,1
management,optimization,1
management,relationships,1
management,representation,1
management,represent,1
management,topic,1
management,training,1
management,u-net,1
management,works,1
management,showed,1
management,optimal,1
management,technique,1
management,prediction,1
management,propagation,1
management,time,1
management,neighbor,1
management,module,1
management,representations,1
management,neural,1
management,user,1
management,predict,1
management,set,1
management,target,1
management,studies,1
management,recognition,1
management,multiple,1
management,trend,1
management,sparsity,1
management,recent,1
management,static,1
management,significant,1
management,temporal,1
management,predicting,1
management,number,1
management,validate,1
management,spatial-temporal,1
management,single,1
management,task,1
management,step,1
management,traffic,1
management,real,1
management,remote,1
management,parameters,1
management,show,1
management,processing,1
management,previous,1
management,structural,1
management,success,1
management,memory,1
management,unit,1
management,patterns,1
management,multi-scale,1
management,utilization,1
management,structures,1
management,part,1
management,traditional,1
management,stability,1
management,pollutants,1
management,types,1
management,protein,1
management,point,1
predict,wide,1
predict,specifically,1
predict,structure,1
predict,present,1
predict,rarely,1
predict,published,1
predict,reduced,1
predict,systems,1
predict,standards,1
predict,rna,1
predict,tcga,1
predict,proposes,1
predict,result,1
predict,three-dimensional,1
predict,problem,1
predict,real-world,1
predict,thousands,1
predict,propose,1
predict,roads,1
predict,tasks,1
predict,utilized,1
predict,process,1
predict,proteins,1
predict,time-consuming,1
predict,work,1
predict,similar,1
predict,study,1
predict,strategy,1
predict,presents,1
predict,viable,1
predict,string,1
predict,samples,1
predict,research,1
predict,pressure,1
predict,requirement,1
predict,sets,1
predict,simultaneously,1
predict,resulting,1
predict,sciences,1
predict,videos,1
predict,years,1
predict,theory,1
predict,rely,1
predict,relation,1
predict,relations,1
predict,typically,1
predict,understanding,1
predict,sites,1
predict,smiles,1
predict,svm,1
predict,softmax,1
predict,similarity,1
predict,rnas,1
predict,recently,1
predict,unsupervised,1
predict,words,1
predict,transformer,1
predict,system,1
predict,water,1
predict,surge,1
predict,skeleton,1
predict,vehicle,1
predict,results,1
predict,subgraph,1
predict,skeleton-based,1
predict,proposed,1
predict,revealed,1
predict,probability,1
predict,spatial,1
predict,pubmed,1
predict,sentiments,1
predict,role,1
predict,relationships,1
predict,representation,1
predict,represent,1
predict,topic,1
predict,training,1
predict,supervised,1
predict,works,1
predict,showed,1
predict,technique,1
predict,prediction,1
predict,propagation,1
predict,time,1
predict,representations,1
predict,user,1
predict,set,1
predict,tumor,1
predict,target,1
predict,studies,1
predict,recognition,1
predict,trend,1
predict,sparsity,1
predict,recent,1
predict,static,1
predict,surface,1
predict,significant,1
predict,temporal,1
predict,predicting,1
predict,validate,1
predict,spatial-temporal,1
predict,single,1
predict,task,1
predict,step,1
predict,traffic,1
predict,real,1
predict,visual,1
predict,remote,1
predict,rgb,1
predict,show,1
predict,processing,1
predict,previous,1
predict,structural,1
predict,success,1
predict,variation,1
predict,reactions,1
predict,unit,1
predict,targets,1
predict,structures,1
predict,progress,1
predict,video,1
predict,traditional,1
predict,stability,1
predict,sample,1
predict,tree,1
predict,types,1
predict,protein,1
predict,reported,1
feature,paper,1
feature,named,1
feature,method,1
feature,methods,1
feature,intuitively,1
feature,inferred,1
feature,wide,1
feature,specifically,1
feature,structure,1
feature,input,1
feature,ignore,1
feature,graph,1
feature,low-pass,1
feature,metal,1
feature,nitride,1
feature,present,1
feature,literature,1
feature,rarely,1
feature,published,1
feature,generally,1
feature,increasing,1
feature,reduced,1
feature,gap,1
feature,independently,1
feature,obtained,1
feature,generated,1
feature,systems,1
feature,network,1
feature,standards,1
feature,networks,1
feature,noise,1
feature,rna,1
feature,tcga,1
feature,proposes,1
feature,models,1
feature,result,1
feature,pharmacological,1
feature,three-dimensional,1
feature,problem,1
feature,node,1
feature,performance,1
feature,limited,1
feature,recombination,1
feature,real-world,1
feature,thousands,1
feature,owing,1
feature,propose,1
feature,roads,1
feature,tasks,1
feature,utilized,1
feature,process,1
feature,proteins,1
feature,time-consuming,1
feature,work,1
feature,gcn,1
feature,nodes,1
feature,mixed,1
feature,similar,1
feature,smoothing,1
feature,perform,1
feature,study,1
feature,strategy,1
feature,presents,1
feature,outperform,1
feature,sgc,1
feature,u-shaped,1
feature,samples,1
feature,research,1
feature,graphs,1
feature,requirement,1
feature,numerous,1
feature,separation,1
feature,sets,1
feature,simultaneously,1
feature,resulting,1
feature,investigations,1
feature,plant,1
feature,transformers,1
feature,videos,1
feature,features,1
feature,years,1
feature,language,1
feature,theory,1
feature,leading,1
feature,rely,1
feature,heavily,1
feature,hemisphere,1
feature,gps,1
feature,material,1
feature,gcns,1
feature,relation,1
feature,relations,1
feature,typically,1
feature,firstly,1
feature,understanding,1
feature,kitti,1
feature,mscoco,1
feature,heterogeneous,1
feature,model,1
feature,sites,1
feature,points,1
feature,improve,1
feature,lstm,1
feature,smiles,1
feature,technologies,1
feature,svm,1
feature,knn,1
feature,softmax,1
feature,formed,1
feature,patients,1
feature,patient,1
feature,similarity,1
feature,rnas,1
feature,initiative,1
feature,pca,1
feature,recently,1
feature,molecules,1
feature,molecule,1
feature,ntu,1
feature,unsupervised,1
feature,matthews,1
feature,secure,1
feature,nlp,1
feature,words,1
feature,transformer,1
feature,system,1
feature,water,1
feature,surge,1
feature,kinetics,1
feature,skeleton,1
feature,framework,1
feature,vehicle,1
feature,guided,1
feature,layer,1
feature,results,1
feature,learning,1
feature,subgraph,1
feature,pose,1
feature,skeleton-based,1
feature,graph-based,1
feature,informative,1
feature,proposed,1
feature,meaningful,1
feature,revealed,1
feature,probability,1
feature,methodology,1
feature,spatial,1
feature,pubmed,1
feature,information,1
feature,role,1
feature,mcc,1
feature,optimization,1
feature,relationships,1
feature,representation,1
feature,represent,1
feature,generative,1
feature,laplacian,1
feature,topic,1
feature,updated,1
feature,global,1
feature,local,1
feature,training,1
feature,u-net,1
feature,supervised,1
feature,works,1
feature,generate,1
feature,showed,1
feature,psf,1
feature,optimal,1
feature,presentation,1
feature,pooling,1
feature,key,1
feature,human,1
feature,technique,1
feature,prediction,1
feature,propagation,1
feature,time,1
feature,learn,1
feature,neighbor,1
feature,optical,1
feature,focus,1
feature,modalities,1
feature,high,1
feature,module,1
feature,representations,1
feature,introduce,1
feature,neural,1
feature,user,1
feature,management,1
feature,predict,1
feature,set,1
feature,fully,1
feature,tumor,1
feature,target,1
feature,studies,1
feature,recognition,1
feature,identify,1
feature,multiple,1
feature,ternary,1
feature,trend,1
feature,sparsity,1
feature,recent,1
feature,static,1
feature,gene,1
feature,surface,1
feature,significant,1
feature,knowledge,1
feature,temporal,1
feature,identification,1
feature,predicting,1
feature,number,1
feature,validate,1
feature,gat,1
feature,spatial-temporal,1
feature,single,1
feature,interaction,1
feature,layers,1
feature,task,1
feature,step,1
feature,machine,1
feature,traffic,1
feature,synthetic,1
feature,real,1
feature,visual,1
feature,remote,1
feature,parameters,1
feature,rgb,1
feature,improved,1
feature,show,1
feature,large,1
feature,processing,1
feature,previous,1
feature,pairs,1
feature,include,1
feature,learns,1
feature,photocatalytic,1
feature,structural,1
feature,success,1
feature,variation,1
feature,identifying,1
feature,important,1
feature,memory,1
feature,unit,1
feature,gated,1
feature,patterns,1
feature,field,1
feature,great,1
feature,light,1
feature,functions,1
feature,targets,1
feature,multi-scale,1
feature,utilization,1
feature,structures,1
feature,neighbors,1
feature,part,1
feature,progress,1
feature,video,1
feature,focuses,1
feature,traditional,1
feature,stability,1
feature,sample,1
feature,pollutants,1
feature,tree,1
feature,motion,1
feature,types,1
feature,protein,1
feature,point,1
feature,reported,1
feature,remarkable,1
set,wide,1
set,specifically,1
set,structure,1
set,systems,1
set,tcga,1
set,three-dimensional,1
set,thousands,1
set,tasks,1
set,utilized,1
set,time-consuming,1
set,work,1
set,similar,1
set,study,1
set,strategy,1
set,viable,1
set,string,1
set,sets,1
set,simultaneously,1
set,transformers,1
set,videos,1
set,years,1
set,theory,1
set,typically,1
set,understanding,1
set,sites,1
set,smiles,1
set,technologies,1
set,svm,1
set,softmax,1
set,similarity,1
set,unsupervised,1
set,words,1
set,system,1
set,water,1
set,skeleton,1
set,vehicle,1
set,subgraph,1
set,spatial,1
set,topic,1
set,training,1
set,u-net,1
set,supervised,1
set,works,1
set,showed,1
set,technique,1
set,time,1
set,user,1
set,tumor,1
set,target,1
set,studies,1
set,trend,1
set,sparsity,1
set,static,1
set,significant,1
set,temporal,1
set,validate,1
set,spatial-temporal,1
set,single,1
set,task,1
set,step,1
set,traffic,1
set,synthetic,1
set,visual,1
set,show,1
set,structural,1
set,success,1
set,variation,1
set,unit,1
set,targets,1
set,utilization,1
set,structures,1
set,video,1
set,traditional,1
set,stability,1
set,tree,1
set,types,1
fully,paper,1
fully,named,1
fully,method,1
fully,methods,1
fully,intuitively,1
fully,inferred,1
fully,wide,1
fully,specifically,1
fully,structure,1
fully,input,1
fully,ignore,1
fully,graph,1
fully,metal,1
fully,present,1
fully,literature,1
fully,published,1
fully,generally,1
fully,increasing,1
fully,gap,1
fully,obtained,1
fully,generated,1
fully,systems,1
fully,network,1
fully,networks,1
fully,noise,1
fully,rna,1
fully,proposes,1
fully,models,1
fully,result,1
fully,pharmacological,1
fully,problem,1
fully,node,1
fully,performance,1
fully,limited,1
fully,real-world,1
fully,hours,1
fully,propose,1
fully,roads,1
fully,tasks,1
fully,utilized,1
fully,process,1
fully,proteins,1
fully,time-consuming,1
fully,work,1
fully,gcn,1
fully,nodes,1
fully,mixed,1
fully,similar,1
fully,smoothing,1
fully,perform,1
fully,study,1
fully,strategy,1
fully,presents,1
fully,outperform,1
fully,string,1
fully,samples,1
fully,research,1
fully,graphs,1
fully,requirement,1
fully,numerous,1
fully,sets,1
fully,simultaneously,1
fully,resulting,1
fully,investigations,1
fully,transformers,1
fully,videos,1
fully,years,1
fully,language,1
fully,theory,1
fully,leading,1
fully,rely,1
fully,heavily,1
fully,material,1
fully,gcns,1
fully,relation,1
fully,relations,1
fully,typically,1
fully,understanding,1
fully,heterogeneous,1
fully,model,1
fully,sites,1
fully,points,1
fully,improve,1
fully,lstm,1
fully,smiles,1
fully,technologies,1
fully,knn,1
fully,softmax,1
fully,patients,1
fully,patient,1
fully,similarity,1
fully,rnas,1
fully,initiative,1
fully,recently,1
fully,molecules,1
fully,molecule,1
fully,ntu,1
fully,unsupervised,1
fully,matthews,1
fully,secure,1
fully,nlp,1
fully,words,1
fully,transformer,1
fully,system,1
fully,water,1
fully,kinetics,1
fully,skeleton,1
fully,vehicle,1
fully,guided,1
fully,layer,1
fully,results,1
fully,learning,1
fully,subgraph,1
fully,pose,1
fully,skeleton-based,1
fully,graph-based,1
fully,informative,1
fully,proposed,1
fully,meaningful,1
fully,methodology,1
fully,spatial,1
fully,information,1
fully,role,1
fully,mcc,1
fully,optimization,1
fully,relationships,1
fully,representation,1
fully,represent,1
fully,generative,1
fully,unifying,1
fully,laplacian,1
fully,topic,1
fully,global,1
fully,local,1
fully,training,1
fully,supervised,1
fully,works,1
fully,generate,1
fully,showed,1
fully,optimal,1
fully,presentation,1
fully,pooling,1
fully,key,1
fully,human,1
fully,technique,1
fully,prediction,1
fully,propagation,1
fully,time,1
fully,learn,1
fully,neighbor,1
fully,optical,1
fully,modalities,1
fully,high,1
fully,module,1
fully,representations,1
fully,introduce,1
fully,neural,1
fully,user,1
fully,management,1
fully,predict,1
fully,set,1
fully,tumor,1
fully,target,1
fully,studies,1
fully,recognition,1
fully,identify,1
fully,multiple,1
fully,trend,1
fully,sparsity,1
fully,recent,1
fully,static,1
fully,gene,1
fully,surface,1
fully,significant,1
fully,immune,1
fully,knowledge,1
fully,temporal,1
fully,identification,1
fully,predicting,1
fully,number,1
fully,validate,1
fully,gat,1
fully,spatial-temporal,1
fully,single,1
fully,interaction,1
fully,layers,1
fully,task,1
fully,step,1
fully,machine,1
fully,traffic,1
fully,synthetic,1
fully,real,1
fully,visual,1
fully,layouts,1
fully,remote,1
fully,splitting,1
fully,parameters,1
fully,rgb,1
fully,improved,1
fully,show,1
fully,large,1
fully,processing,1
fully,previous,1
fully,pairs,1
fully,include,1
fully,learns,1
fully,structural,1
fully,success,1
fully,variation,1
fully,identifying,1
fully,important,1
fully,memory,1
fully,unit,1
fully,gated,1
fully,patterns,1
fully,great,1
fully,functions,1
fully,targets,1
fully,multi-scale,1
fully,utilization,1
fully,structures,1
fully,neighbors,1
fully,part,1
fully,progress,1
fully,video,1
fully,traditional,1
fully,stability,1
fully,sample,1
fully,tree,1
fully,motion,1
fully,types,1
fully,protein,1
fully,point,1
fully,reported,1
fully,remarkable,1
complex,drug-drug,1
complex,paper,1
complex,named,1
complex,method,1
complex,methods,1
complex,inferred,1
complex,wide,1
complex,specifically,1
complex,demonstrates,1
complex,dual,1
complex,interacts,1
complex,structure,1
complex,input,1
complex,existing,1
complex,ignore,1
complex,graph,1
complex,connecting,1
complex,considered,1
complex,metal,1
complex,nitride,1
complex,present,1
complex,literature,1
complex,concentrated,1
complex,extract,1
complex,published,1
complex,curated,1
complex,generally,1
complex,meiosis,1
complex,increasing,1
complex,reduced,1
complex,gap,1
complex,developed,1
complex,independently,1
complex,differently,1
complex,explicitly,1
complex,obtained,1
complex,generated,1
complex,systems,1
complex,network,1
complex,networks,1
complex,noise,1
complex,extracting,1
complex,rna,1
complex,tcga,1
complex,proposes,1
complex,critical,1
complex,models,1
complex,result,1
complex,pharmacological,1
complex,efficient,1
complex,three-dimensional,1
complex,problem,1
complex,node,1
complex,performance,1
complex,limited,1
complex,fast,1
complex,recombination,1
complex,real-world,1
complex,dempster-shafer,1
complex,thousands,1
complex,owing,1
complex,propose,1
complex,roads,1
complex,tasks,1
complex,utilized,1
complex,process,1
complex,proteins,1
complex,encoded,1
complex,time-consuming,1
complex,experimental,1
complex,elsevier,1
complex,heterojunction,1
complex,work,1
complex,graphitic,1
complex,gcn,1
complex,granger,1
complex,nodes,1
complex,established,1
complex,mixed,1
complex,excellent,1
complex,similar,1
complex,smoothing,1
complex,perform,1
complex,households,1
complex,study,1
complex,strategy,1
complex,presents,1
complex,viable,1
complex,trna,1
complex,outperform,1
complex,descriptor,1
complex,explore,1
complex,u-shaped,1
complex,samples,1
complex,research,1
complex,graphs,1
complex,requirement,1
complex,numerous,1
complex,separation,1
complex,sets,1
complex,simultaneously,1
complex,markers,1
complex,n-acetyltransferase,1
complex,holes,1
complex,resulting,1
complex,photocatalyst,1
complex,trypanosoma,1
complex,plant,1
complex,transformers,1
complex,videos,1
complex,features,1
complex,years,1
complex,language,1
complex,theory,1
complex,leading,1
complex,rely,1
complex,decisions,1
complex,gps,1
complex,obu,1
complex,material,1
complex,gcns,1
complex,relation,1
complex,relations,1
complex,typically,1
complex,firstly,1
complex,understanding,1
complex,convolutional,1
complex,heterogeneous,1
complex,model,1
complex,due,1
complex,sites,1
complex,points,1
complex,efficiency,1
complex,improve,1
complex,photoreduction,1
complex,ethereum,1
complex,lstm,1
complex,smiles,1
complex,technologies,1
complex,svm,1
complex,softmax,1
complex,formed,1
complex,escherichia,1
complex,euclidean,1
complex,patients,1
complex,patient,1
complex,similarity,1
complex,rnas,1
complex,fourier,1
complex,initiative,1
complex,pca,1
complex,decades,1
complex,copy,1
complex,recently,1
complex,molecules,1
complex,molecule,1
complex,ntu,1
complex,edges,1
complex,unsupervised,1
complex,matthews,1
complex,nlp,1
complex,words,1
complex,transformer,1
complex,system,1
complex,water,1
complex,datasets,1
complex,data,1
complex,effectively,1
complex,surge,1
complex,data-driven,1
complex,kinetics,1
complex,dft,1
complex,skeleton,1
complex,framework,1
complex,vehicle,1
complex,guided,1
complex,end,1
complex,layer,1
complex,results,1
complex,learning,1
complex,subgraph,1
complex,ftir,1
complex,xps,1
complex,pose,1
complex,skeleton-based,1
complex,graph-based,1
complex,informative,1
complex,dependencies,1
complex,proposed,1
complex,conduct,1
complex,meaningful,1
complex,revealed,1
complex,gcaru,1
complex,probability,1
complex,methodology,1
complex,spatial,1
complex,pubmed,1
complex,sentiments,1
complex,electron,1
complex,information,1
complex,evaluation,1
complex,role,1
complex,kinetoplastid,1
complex,unconventional,1
complex,optimization,1
complex,relationships,1
complex,representation,1
complex,represent,1
complex,fenton,1
complex,generative,1
complex,embeddings,1
complex,laplacian,1
complex,topic,1
complex,global,1
complex,local,1
complex,deep,1
complex,training,1
complex,correlations,1
complex,u-net,1
complex,supervised,1
complex,error,1
complex,works,1
complex,generate,1
complex,showed,1
complex,optimal,1
complex,presentation,1
complex,pooling,1
complex,dataset,1
complex,key,1
complex,human,1
complex,technique,1
complex,prediction,1
complex,factors,1
complex,propagation,1
complex,time,1
complex,daily,1
complex,learn,1
complex,neighbor,1
complex,evolution,1
complex,optical,1
complex,focus,1
complex,desirable,1
complex,modalities,1
complex,high,1
complex,module,1
complex,representations,1
complex,introduce,1
complex,neural,1
complex,expression,1
complex,user,1
complex,management,1
complex,predict,1
complex,feature,1
complex,set,1
complex,fully,1
complex,tumor,1
complex,target,1
complex,studies,1
complex,dense,1
complex,recognition,1
complex,identify,1
complex,convolution,1
complex,multiple,1
complex,ternary,1
complex,trend,1
complex,sparsity,1
complex,faces,1
complex,recent,1
complex,static,1
complex,gene,1
complex,surface,1
complex,significant,1
complex,immune,1
complex,knowledge,1
complex,temporal,1
complex,identification,1
complex,predicting,1
complex,number,1
complex,validate,1
complex,gat,1
complex,spatial-temporal,1
complex,single,1
complex,interaction,1
complex,layers,1
complex,task,1
complex,energy,1
complex,step,1
complex,machine,1
complex,traffic,1
complex,synthetic,1
complex,real,1
complex,visual,1
complex,layouts,1
complex,remote,1
complex,parameters,1
complex,rgb,1
complex,improved,1
complex,show,1
complex,large,1
complex,processing,1
complex,conditions,1
complex,previous,1
complex,pairs,1
complex,employed,1
complex,learns,1
complex,embedding,1
complex,effective,1
complex,photocatalytic,1
complex,structural,1
complex,success,1
complex,variation,1
complex,identifying,1
complex,important,1
complex,reactions,1
complex,memory,1
complex,unit,1
complex,gated,1
complex,patterns,1
complex,field,1
complex,constructing,1
complex,comprehensive,1
complex,great,1
complex,light,1
complex,functions,1
complex,targets,1
complex,multi-scale,1
complex,utilization,1
complex,structures,1
complex,neighbors,1
complex,part,1
complex,progress,1
complex,video,1
complex,focuses,1
complex,traditional,1
complex,stability,1
complex,sample,1
complex,designed,1
complex,pollutants,1
complex,diffusion,1
complex,tree,1
complex,motion,1
complex,types,1
complex,protein,1
complex,point,1
complex,reported,1
complex,remarkable,1
tumor,wide,1
tumor,work,1
tumor,years,1
tumor,understanding,1
tumor,validate,1
tumor,visual,1
tumor,unit,1
tumor,types,1
target,wide,1
target,tcga,1
target,thousands,1
target,tasks,1
target,utilized,1
target,time-consuming,1
target,work,1
target,viable,1
target,trna,1
target,transformers,1
target,videos,1
target,years,1
target,theory,1
target,typically,1
target,understanding,1
target,unsupervised,1
target,words,1
target,transformer,1
target,vehicle,1
target,topic,1
target,training,1
target,works,1
target,technique,1
target,time,1
target,user,1
target,tumor,1
target,trend,1
target,temporal,1
target,validate,1
target,task,1
target,traffic,1
target,visual,1
target,unit,1
target,targets,1
target,utilization,1
target,video,1
target,traditional,1
target,tree,1
target,types,1
studies,wide,1
studies,systems,1
studies,tcga,1
studies,thousands,1
studies,tasks,1
studies,utilized,1
studies,time-consuming,1
studies,work,1
studies,study,1
studies,viable,1
studies,transformers,1
studies,videos,1
studies,years,1
studies,typically,1
studies,understanding,1
studies,technologies,1
studies,svm,1
studies,unsupervised,1
studies,words,1
studies,transformer,1
studies,system,1
studies,water,1
studies,vehicle,1
studies,xps,1
studies,topic,1
studies,training,1
studies,supervised,1
studies,works,1
studies,technique,1
studies,time,1
studies,user,1
studies,tumor,1
studies,target,1
studies,ternary,1
studies,trend,1
studies,surface,1
studies,temporal,1
studies,validate,1
studies,task,1
studies,traffic,1
studies,synthetic,1
studies,visual,1
studies,success,1
studies,variation,1
studies,unit,1
studies,utilization,1
studies,video,1
studies,traditional,1
studies,tree,1
studies,types,1
dense,paper,1
dense,named,1
dense,method,1
dense,methods,1
dense,inferred,1
dense,specifically,1
dense,structure,1
dense,input,1
dense,existing,1
dense,ignore,1
dense,graph,1
dense,metal,1
dense,nitride,1
dense,present,1
dense,extract,1
dense,reduced,1
dense,developed,1
dense,explicitly,1
dense,obtained,1
dense,generated,1
dense,systems,1
dense,network,1
dense,networks,1
dense,noise,1
dense,models,1
dense,result,1
dense,efficient,1
dense,three-dimensional,1
dense,problem,1
dense,node,1
dense,performance,1
dense,limited,1
dense,real-world,1
dense,owing,1
dense,propose,1
dense,tasks,1
dense,utilized,1
dense,process,1
dense,proteins,1
dense,encoded,1
dense,time-consuming,1
dense,experimental,1
dense,elsevier,1
dense,work,1
dense,graphitic,1
dense,gcn,1
dense,nodes,1
dense,similar,1
dense,perform,1
dense,study,1
dense,strategy,1
dense,presents,1
dense,outperform,1
dense,samples,1
dense,research,1
dense,graphs,1
dense,numerous,1
dense,sets,1
dense,simultaneously,1
dense,features,1
dense,years,1
dense,language,1
dense,theory,1
dense,leading,1
dense,heavily,1
dense,material,1
dense,gcns,1
dense,relation,1
dense,typically,1
dense,understanding,1
dense,heterogeneous,1
dense,model,1
dense,due,1
dense,sites,1
dense,points,1
dense,efficiency,1
dense,improve,1
dense,softmax,1
dense,similarity,1
dense,recently,1
dense,edges,1
dense,unsupervised,1
dense,system,1
dense,effectively,1
dense,skeleton,1
dense,framework,1
dense,end,1
dense,layer,1
dense,results,1
dense,learning,1
dense,xps,1
dense,pose,1
dense,skeleton-based,1
dense,graph-based,1
dense,informative,1
dense,proposed,1
dense,probability,1
dense,spatial,1
dense,electron,1
dense,information,1
dense,evaluation,1
dense,role,1
dense,optimization,1
dense,relationships,1
dense,representation,1
dense,represent,1
dense,embeddings,1
dense,topic,1
dense,updated,1
dense,global,1
dense,local,1
dense,training,1
dense,u-net,1
dense,supervised,1
dense,error,1
dense,works,1
dense,generate,1
dense,pooling,1
dense,key,1
dense,human,1
dense,prediction,1
dense,propagation,1
dense,time,1
dense,learn,1
dense,neighbor,1
dense,optical,1
dense,focus,1
dense,modalities,1
dense,high,1
dense,module,1
dense,representations,1
dense,introduce,1
dense,neural,1
dense,user,1
dense,management,1
dense,feature,1
dense,set,1
dense,fully,1
dense,studies,1
dense,recognition,1
dense,identify,1
dense,multiple,1
dense,trend,1
dense,recent,1
dense,gene,1
dense,surface,1
dense,significant,1
dense,immune,1
dense,knowledge,1
dense,temporal,1
dense,predicting,1
dense,number,1
dense,validate,1
dense,gat,1
dense,spatial-temporal,1
dense,single,1
dense,interaction,1
dense,layers,1
dense,task,1
dense,step,1
dense,machine,1
dense,synthetic,1
dense,real,1
dense,visual,1
dense,remote,1
dense,parameters,1
dense,improved,1
dense,show,1
dense,large,1
dense,processing,1
dense,previous,1
dense,employed,1
dense,embedding,1
dense,effective,1
dense,structural,1
dense,success,1
dense,variation,1
dense,identifying,1
dense,important,1
dense,unit,1
dense,patterns,1
dense,field,1
dense,great,1
dense,functions,1
dense,multi-scale,1
dense,neighbors,1
dense,part,1
dense,progress,1
dense,video,1
dense,traditional,1
dense,sample,1
dense,designed,1
dense,types,1
dense,protein,1
dense,point,1
recognition,wide,1
recognition,specifically,1
recognition,structure,1
recognition,reduced,1
recognition,systems,1
recognition,result,1
recognition,three-dimensional,1
recognition,recombination,1
recognition,thousands,1
recognition,tasks,1
recognition,utilized,1
recognition,time-consuming,1
recognition,work,1
recognition,similar,1
recognition,smoothing,1
recognition,study,1
recognition,strategy,1
recognition,samples,1
recognition,research,1
recognition,requirement,1
recognition,separation,1
recognition,sets,1
recognition,simultaneously,1
recognition,resulting,1
recognition,transformers,1
recognition,videos,1
recognition,years,1
recognition,theory,1
recognition,rely,1
recognition,relation,1
recognition,relations,1
recognition,typically,1
recognition,understanding,1
recognition,sites,1
recognition,technologies,1
recognition,softmax,1
recognition,similarity,1
recognition,rnas,1
recognition,unsupervised,1
recognition,words,1
recognition,transformer,1
recognition,system,1
recognition,surge,1
recognition,skeleton,1
recognition,vehicle,1
recognition,results,1
recognition,subgraph,1
recognition,skeleton-based,1
recognition,skeletongait,1
recognition,revealed,1
recognition,spatial,1
recognition,role,1
recognition,relationships,1
recognition,representation,1
recognition,represent,1
recognition,topic,1
recognition,updated,1
recognition,training,1
recognition,supervised,1
recognition,works,1
recognition,showed,1
recognition,technique,1
recognition,time,1
recognition,representations,1
recognition,user,1
recognition,set,1
recognition,target,1
recognition,studies,1
recognition,ternary,1
recognition,trend,1
recognition,static,1
recognition,surface,1
recognition,significant,1
recognition,temporal,1
recognition,validate,1
recognition,spatial-temporal,1
recognition,single,1
recognition,task,1
recognition,step,1
recognition,traffic,1
recognition,synthetic,1
recognition,visual,1
recognition,remote,1
recognition,splitting,1
recognition,rgb,1
recognition,show,1
recognition,structural,1
recognition,success,1
recognition,variation,1
recognition,unit,1
recognition,targets,1
recognition,utilization,1
recognition,structures,1
recognition,video,1
recognition,traditional,1
recognition,sample,1
recognition,tree,1
recognition,types,1
recognition,remarkable,1
identify,paper,1
identify,named,1
identify,method,1
identify,methods,1
identify,inferred,1
identify,specifically,1
identify,structure,1
identify,input,1
identify,ignore,1
identify,metal,1
identify,nitride,1
identify,present,1
identify,literature,1
identify,published,1
identify,increasing,1
identify,reduced,1
identify,independently,1
identify,obtained,1
identify,systems,1
identify,network,1
identify,networks,1
identify,noise,1
identify,rna,1
identify,tcga,1
identify,proposes,1
identify,membranes,1
identify,models,1
identify,result,1
identify,pharmacological,1
identify,problem,1
identify,node,1
identify,performance,1
identify,limited,1
identify,real-world,1
identify,owing,1
identify,propose,1
identify,tasks,1
identify,utilized,1
identify,process,1
identify,proteins,1
identify,time-consuming,1
identify,work,1
identify,nodes,1
identify,mixed,1
identify,similar,1
identify,perform,1
identify,study,1
identify,strategy,1
identify,presents,1
identify,outperform,1
identify,string,1
identify,samples,1
identify,research,1
identify,requirement,1
identify,numerous,1
identify,separation,1
identify,sets,1
identify,simultaneously,1
identify,resulting,1
identify,investigations,1
identify,plant,1
identify,transformers,1
identify,videos,1
identify,years,1
identify,language,1
identify,theory,1
identify,leading,1
identify,rely,1
identify,material,1
identify,relation,1
identify,relations,1
identify,typically,1
identify,understanding,1
identify,model,1
identify,sites,1
identify,points,1
identify,improve,1
identify,lstm,1
identify,smiles,1
identify,technologies,1
identify,svm,1
identify,softmax,1
identify,patients,1
identify,patient,1
identify,similarity,1
identify,rnas,1
identify,initiative,1
identify,pca,1
identify,recently,1
identify,molecules,1
identify,molecule,1
identify,unsupervised,1
identify,nlp,1
identify,words,1
identify,transformer,1
identify,system,1
identify,water,1
identify,kinetics,1
identify,skeleton,1
identify,layer,1
identify,results,1
identify,learning,1
identify,subgraph,1
identify,pose,1
identify,skeleton-based,1
identify,skeletongait,1
identify,informative,1
identify,proposed,1
identify,meaningful,1
identify,revealed,1
identify,probability,1
identify,methodology,1
identify,spatial,1
identify,sentiments,1
identify,information,1
identify,role,1
identify,optimization,1
identify,relationships,1
identify,representation,1
identify,represent,1
identify,laplacian,1
identify,topic,1
identify,local,1
identify,training,1
identify,supervised,1
identify,works,1
identify,showed,1
identify,optimal,1
identify,pooling,1
identify,key,1
identify,technique,1
identify,prediction,1
identify,propagation,1
identify,time,1
identify,learn,1
identify,neighbor,1
identify,modalities,1
identify,module,1
identify,representations,1
identify,introduce,1
identify,neural,1
identify,user,1
identify,management,1
identify,predict,1
identify,set,1
identify,tumor,1
identify,target,1
identify,studies,1
identify,recognition,1
identify,multiple,1
identify,trend,1
identify,recent,1
identify,surface,1
identify,significant,1
identify,immune,1
identify,knowledge,1
identify,temporal,1
identify,predicting,1
identify,number,1
identify,validate,1
identify,spatial-temporal,1
identify,single,1
identify,interaction,1
identify,layers,1
identify,task,1
identify,step,1
identify,machine,1
identify,traffic,1
identify,synthetic,1
identify,real,1
identify,visual,1
identify,remote,1
identify,parameters,1
identify,rgb,1
identify,improved,1
identify,show,1
identify,large,1
identify,processing,1
identify,previous,1
identify,pairs,1
identify,include,1
identify,learns,1
identify,structural,1
identify,variation,1
identify,identifying,1
identify,important,1
identify,memory,1
identify,patterns,1
identify,targets,1
identify,multi-scale,1
identify,utilization,1
identify,structures,1
identify,neighbors,1
identify,part,1
identify,progress,1
identify,video,1
identify,traditional,1
identify,stability,1
identify,sample,1
identify,tree,1
identify,motion,1
identify,types,1
identify,protein,1
identify,point,1
identify,reported,1
identify,remarkable,1
convolution,drug-drug,1
convolution,paper,1
convolution,named,1
convolution,method,1
convolution,methods,1
convolution,wide,1
convolution,specifically,1
convolution,demonstrates,1
convolution,dual,1
convolution,structure,1
convolution,input,1
convolution,existing,1
convolution,ignore,1
convolution,graph,1
convolution,present,1
convolution,literature,1
convolution,rarely,1
convolution,extract,1
convolution,published,1
convolution,generally,1
convolution,increasing,1
convolution,reduced,1
convolution,gap,1
convolution,developed,1
convolution,independently,1
convolution,explicitly,1
convolution,obtained,1
convolution,generated,1
convolution,systems,1
convolution,network,1
convolution,networks,1
convolution,noise,1
convolution,extracting,1
convolution,rna,1
convolution,tcga,1
convolution,gqa,1
convolution,proposes,1
convolution,critical,1
convolution,models,1
convolution,result,1
convolution,efficient,1
convolution,three-dimensional,1
convolution,problem,1
convolution,node,1
convolution,performance,1
convolution,limited,1
convolution,fast,1
convolution,real-world,1
convolution,hours,1
convolution,owing,1
convolution,propose,1
convolution,roads,1
convolution,tasks,1
convolution,utilized,1
convolution,process,1
convolution,proteins,1
convolution,encoded,1
convolution,time-consuming,1
convolution,experimental,1
convolution,elsevier,1
convolution,psycholinguistic,1
convolution,work,1
convolution,gcn,1
convolution,nodes,1
convolution,established,1
convolution,mixed,1
convolution,excellent,1
convolution,similar,1
convolution,smoothing,1
convolution,perform,1
convolution,study,1
convolution,strategy,1
convolution,presents,1
convolution,outperform,1
convolution,descriptor,1
convolution,explore,1
convolution,sgc,1
convolution,u-shaped,1
convolution,samples,1
convolution,research,1
convolution,pressure,1
convolution,f-score,1
convolution,graphs,1
convolution,requirement,1
convolution,numerous,1
convolution,separation,1
convolution,sets,1
convolution,simultaneously,1
convolution,resulting,1
convolution,investigations,1
convolution,sciences,1
convolution,transformers,1
convolution,videos,1
convolution,features,1
convolution,years,1
convolution,language,1
convolution,theory,1
convolution,leading,1
convolution,rely,1
convolution,decisions,1
convolution,heavily,1
convolution,gps,1
convolution,gcns,1
convolution,relation,1
convolution,relations,1
convolution,typically,1
convolution,firstly,1
convolution,understanding,1
convolution,kitti,1
convolution,convolutional,1
convolution,heterogeneous,1
convolution,model,1
convolution,due,1
convolution,sites,1
convolution,points,1
convolution,efficiency,1
convolution,improve,1
convolution,ethereum,1
convolution,lstm,1
convolution,smiles,1
convolution,technologies,1
convolution,knn,1
convolution,softmax,1
convolution,formed,1
convolution,euclidean,1
convolution,patients,1
convolution,patient,1
convolution,similarity,1
convolution,initiative,1
convolution,pca,1
convolution,decades,1
convolution,copy,1
convolution,recently,1
convolution,molecules,1
convolution,molecule,1
convolution,ntu,1
convolution,edges,1
convolution,unsupervised,1
convolution,matthews,1
convolution,secure,1
convolution,nlp,1
convolution,words,1
convolution,transformer,1
convolution,system,1
convolution,datasets,1
convolution,data,1
convolution,effectively,1
convolution,surge,1
convolution,data-driven,1
convolution,kinetics,1
convolution,skeleton,1
convolution,framework,1
convolution,vehicle,1
convolution,guided,1
convolution,end,1
convolution,layer,1
convolution,results,1
convolution,learning,1
convolution,subgraph,1
convolution,pose,1
convolution,skeleton-based,1
convolution,graph-based,1
convolution,informative,1
convolution,dependencies,1
convolution,proposed,1
convolution,meaningful,1
convolution,revealed,1
convolution,gcaru,1
convolution,probability,1
convolution,methodology,1
convolution,spatial,1
convolution,information,1
convolution,evaluation,1
convolution,role,1
convolution,mcc,1
convolution,optimization,1
convolution,relationships,1
convolution,representation,1
convolution,represent,1
convolution,generative,1
convolution,embeddings,1
convolution,laplacian,1
convolution,topic,1
convolution,global,1
convolution,local,1
convolution,deep,1
convolution,training,1
convolution,correlations,1
convolution,u-net,1
convolution,supervised,1
convolution,error,1
convolution,works,1
convolution,generate,1
convolution,showed,1
convolution,optimal,1
convolution,pooling,1
convolution,dataset,1
convolution,key,1
convolution,human,1
convolution,technique,1
convolution,prediction,1
convolution,factors,1
convolution,propagation,1
convolution,time,1
convolution,daily,1
convolution,learn,1
convolution,neighbor,1
convolution,evolution,1
convolution,optical,1
convolution,focus,1
convolution,desirable,1
convolution,modalities,1
convolution,high,1
convolution,module,1
convolution,representations,1
convolution,introduce,1
convolution,neural,1
convolution,expression,1
convolution,user,1
convolution,management,1
convolution,predict,1
convolution,feature,1
convolution,set,1
convolution,fully,1
convolution,target,1
convolution,studies,1
convolution,dense,1
convolution,recognition,1
convolution,identify,1
convolution,multiple,1
convolution,ternary,1
convolution,trend,1
convolution,sparsity,1
convolution,faces,1
convolution,recent,1
convolution,static,1
convolution,gene,1
convolution,surface,1
convolution,significant,1
convolution,immune,1
convolution,knowledge,1
convolution,temporal,1
convolution,identification,1
convolution,predicting,1
convolution,number,1
convolution,validate,1
convolution,gat,1
convolution,spatial-temporal,1
convolution,single,1
convolution,interaction,1
convolution,layers,1
convolution,task,1
convolution,energy,1
convolution,step,1
convolution,machine,1
convolution,traffic,1
convolution,synthetic,1
convolution,real,1
convolution,visual,1
convolution,layouts,1
convolution,remote,1
convolution,splitting,1
convolution,parameters,1
convolution,rgb,1
convolution,improved,1
convolution,show,1
convolution,large,1
convolution,processing,1
convolution,previous,1
convolution,pairs,1
convolution,employed,1
convolution,include,1
convolution,learns,1
convolution,embedding,1
convolution,effective,1
convolution,structural,1
convolution,success,1
convolution,variation,1
convolution,identifying,1
convolution,important,1
convolution,memory,1
convolution,unit,1
convolution,gated,1
convolution,patterns,1
convolution,field,1
convolution,great,1
convolution,light,1
convolution,functions,1
convolution,targets,1
convolution,multi-scale,1
convolution,utilization,1
convolution,structures,1
convolution,neighbors,1
convolution,part,1
convolution,progress,1
convolution,video,1
convolution,focuses,1
convolution,traditional,1
convolution,stability,1
convolution,sample,1
convolution,designed,1
convolution,pollutants,1
convolution,diffusion,1
convolution,tree,1
convolution,motion,1
convolution,types,1
convolution,protein,1
convolution,point,1
convolution,reported,1
convolution,remarkable,1
challenges,paper,1
challenges,named,1
challenges,method,1
challenges,methods,1
challenges,wide,1
challenges,specifically,1
challenges,demonstrates,1
challenges,dual,1
challenges,structure,1
challenges,input,1
challenges,existing,1
challenges,ignore,1
challenges,graph,1
challenges,connecting,1
challenges,considered,1
challenges,metal,1
challenges,nitride,1
challenges,present,1
challenges,literature,1
challenges,rarely,1
challenges,extract,1
challenges,published,1
challenges,curated,1
challenges,generally,1
challenges,common,1
challenges,increasing,1
challenges,reduced,1
challenges,gap,1
challenges,developed,1
challenges,explicitly,1
challenges,obtained,1
challenges,generated,1
challenges,systems,1
challenges,network,1
challenges,standards,1
challenges,networks,1
challenges,noise,1
challenges,extracting,1
challenges,rna,1
challenges,tcga,1
challenges,proposes,1
challenges,critical,1
challenges,models,1
challenges,result,1
challenges,efficient,1
challenges,three-dimensional,1
challenges,classification,1
challenges,problem,1
challenges,node,1
challenges,performance,1
challenges,limited,1
challenges,fast,1
challenges,real-world,1
challenges,owing,1
challenges,propose,1
challenges,tasks,1
challenges,utilized,1
challenges,determination,1
challenges,process,1
challenges,proteins,1
challenges,encoded,1
challenges,time-consuming,1
challenges,experimental,1
challenges,elsevier,1
challenges,work,1
challenges,graphitic,1
challenges,gcn,1
challenges,nodes,1
challenges,established,1
challenges,mixed,1
challenges,excellent,1
challenges,similar,1
challenges,perform,1
challenges,study,1
challenges,strategy,1
challenges,presents,1
challenges,outperform,1
challenges,descriptor,1
challenges,explore,1
challenges,u-shaped,1
challenges,samples,1
challenges,research,1
challenges,graphs,1
challenges,requirement,1
challenges,numerous,1
challenges,sets,1
challenges,simultaneously,1
challenges,resulting,1
challenges,investigations,1
challenges,transformers,1
challenges,videos,1
challenges,features,1
challenges,years,1
challenges,language,1
challenges,theory,1
challenges,leading,1
challenges,rely,1
challenges,heavily,1
challenges,gcns,1
challenges,relation,1
challenges,relations,1
challenges,typically,1
challenges,firstly,1
challenges,understanding,1
challenges,convolutional,1
challenges,mscoco,1
challenges,heterogeneous,1
challenges,model,1
challenges,cnn,1
challenges,due,1
challenges,sites,1
challenges,cloud,1
challenges,points,1
challenges,efficiency,1
challenges,improve,1
challenges,ethereum,1
challenges,lstm,1
challenges,smiles,1
challenges,technologies,1
challenges,svm,1
challenges,knn,1
challenges,euclidean,1
challenges,patients,1
challenges,patient,1
challenges,similarity,1
challenges,rnas,1
challenges,copy,1
challenges,recently,1
challenges,ntu,1
challenges,edges,1
challenges,unsupervised,1
challenges,nlp,1
challenges,words,1
challenges,transformer,1
challenges,system,1
challenges,water,1
challenges,wiki,1
challenges,datasets,1
challenges,data,1
challenges,effectively,1
challenges,surge,1
challenges,data-driven,1
challenges,skeleton,1
challenges,framework,1
challenges,vehicle,1
challenges,end,1
challenges,layer,1
challenges,results,1
challenges,learning,1
challenges,subgraph,1
challenges,pose,1
challenges,skeleton-based,1
challenges,graph-based,1
challenges,informative,1
challenges,dependencies,1
challenges,proposed,1
challenges,conduct,1
challenges,meaningful,1
challenges,revealed,1
challenges,probability,1
challenges,methodology,1
challenges,spatial,1
challenges,pubmed,1
challenges,sentiments,1
challenges,information,1
challenges,evaluation,1
challenges,role,1
challenges,optimization,1
challenges,relationships,1
challenges,representation,1
challenges,represent,1
challenges,generative,1
challenges,embeddings,1
challenges,topic,1
challenges,global,1
challenges,local,1
challenges,deep,1
challenges,training,1
challenges,correlations,1
challenges,u-net,1
challenges,error,1
challenges,works,1
challenges,generate,1
challenges,showed,1
challenges,optimal,1
challenges,presentation,1
challenges,dataset,1
challenges,key,1
challenges,human,1
challenges,technique,1
challenges,prediction,1
challenges,factors,1
challenges,propagation,1
challenges,time,1
challenges,daily,1
challenges,learn,1
challenges,neighbor,1
challenges,evolution,1
challenges,optical,1
challenges,focus,1
challenges,modalities,1
challenges,high,1
challenges,module,1
challenges,representations,1
challenges,introduce,1
challenges,neural,1
challenges,expression,1
challenges,user,1
challenges,management,1
challenges,predict,1
challenges,feature,1
challenges,set,1
challenges,fully,1
challenges,complex,1
challenges,tumor,1
challenges,target,1
challenges,studies,1
challenges,dense,1
challenges,recognition,1
challenges,identify,1
challenges,convolution,1
challenges,multiple,1
challenges,trend,1
challenges,sparsity,1
challenges,faces,1
challenges,recent,1
challenges,static,1
challenges,gene,1
challenges,surface,1
challenges,significant,1
challenges,immune,1
challenges,knowledge,1
challenges,temporal,1
challenges,identification,1
challenges,predicting,1
challenges,number,1
challenges,validate,1
challenges,gat,1
challenges,spatial-temporal,1
challenges,single,1
challenges,interaction,1
challenges,layers,1
challenges,task,1
challenges,challenging,1
challenges,energy,1
challenges,step,1
challenges,machine,1
challenges,traffic,1
challenges,communication,1
challenges,synthetic,1
challenges,real,1
challenges,visual,1
challenges,layouts,1
challenges,parameters,1
challenges,rgb,1
challenges,improved,1
challenges,show,1
challenges,large,1
challenges,processing,1
challenges,conditions,1
challenges,previous,1
challenges,employed,1
challenges,include,1
challenges,learns,1
challenges,embedding,1
challenges,effective,1
challenges,structural,1
challenges,success,1
challenges,variation,1
challenges,identifying,1
challenges,important,1
challenges,reactions,1
challenges,memory,1
challenges,unit,1
challenges,gated,1
challenges,patterns,1
challenges,field,1
challenges,constructing,1
challenges,comprehensive,1
challenges,great,1
challenges,light,1
challenges,functions,1
challenges,targets,1
challenges,multi-scale,1
challenges,utilization,1
challenges,structures,1
challenges,neighbors,1
challenges,part,1
challenges,progress,1
challenges,video,1
challenges,focuses,1
challenges,traditional,1
challenges,stability,1
challenges,sample,1
challenges,designed,1
challenges,diffusion,1
challenges,tree,1
challenges,motion,1
challenges,types,1
challenges,protein,1
challenges,point,1
challenges,reported,1
challenges,remarkable,1
multiple,paper,1
multiple,named,1
multiple,wide,1
multiple,specifically,1
multiple,structure,1
multiple,nitride,1
multiple,present,1
multiple,rarely,1
multiple,published,1
multiple,reduced,1
multiple,obtained,1
multiple,systems,1
multiple,network,1
multiple,standards,1
multiple,networks,1
multiple,noise,1
multiple,tcga,1
multiple,proposes,1
multiple,result,1
multiple,pharmacological,1
multiple,three-dimensional,1
multiple,problem,1
multiple,node,1
multiple,performance,1
multiple,real-world,1
multiple,owing,1
multiple,propose,1
multiple,roads,1
multiple,tasks,1
multiple,utilized,1
multiple,process,1
multiple,proteins,1
multiple,time-consuming,1
multiple,psycholinguistic,1
multiple,work,1
multiple,nodes,1
multiple,similar,1
multiple,smoothing,1
multiple,perform,1
multiple,study,1
multiple,strategy,1
multiple,presents,1
multiple,outperform,1
multiple,string,1
multiple,u-shaped,1
multiple,samples,1
multiple,research,1
multiple,pressure,1
multiple,requirement,1
multiple,numerous,1
multiple,separation,1
multiple,sets,1
multiple,simultaneously,1
multiple,resulting,1
multiple,photocatalyst,1
multiple,transformers,1
multiple,videos,1
multiple,years,1
multiple,theory,1
multiple,rely,1
multiple,relation,1
multiple,relations,1
multiple,typically,1
multiple,understanding,1
multiple,sites,1
multiple,points,1
multiple,smiles,1
multiple,technologies,1
multiple,svm,1
multiple,softmax,1
multiple,patients,1
multiple,patient,1
multiple,similarity,1
multiple,pca,1
multiple,recently,1
multiple,ntu,1
multiple,unsupervised,1
multiple,nlp,1
multiple,words,1
multiple,transformer,1
multiple,system,1
multiple,water,1
multiple,surge,1
multiple,skeleton,1
multiple,vehicle,1
multiple,results,1
multiple,subgraph,1
multiple,xps,1
multiple,pose,1
multiple,skeleton-based,1
multiple,skeletongait,1
multiple,proposed,1
multiple,revealed,1
multiple,probability,1
multiple,spatial,1
multiple,sentiments,1
multiple,role,1
multiple,optimization,1
multiple,relationships,1
multiple,representation,1
multiple,represent,1
multiple,topic,1
multiple,updated,1
multiple,training,1
multiple,u-net,1
multiple,supervised,1
multiple,works,1
multiple,showed,1
multiple,optimal,1
multiple,pooling,1
multiple,technique,1
multiple,prediction,1
multiple,propagation,1
multiple,time,1
multiple,neighbor,1
multiple,optical,1
multiple,representations,1
multiple,neural,1
multiple,user,1
multiple,predict,1
multiple,set,1
multiple,target,1
multiple,studies,1
multiple,recognition,1
multiple,ternary,1
multiple,trend,1
multiple,sparsity,1
multiple,recent,1
multiple,static,1
multiple,surface,1
multiple,significant,1
multiple,temporal,1
multiple,predicting,1
multiple,number,1
multiple,validate,1
multiple,spatial-temporal,1
multiple,single,1
multiple,task,1
multiple,step,1
multiple,traffic,1
multiple,synthetic,1
multiple,real,1
multiple,visual,1
multiple,remote,1
multiple,parameters,1
multiple,rgb,1
multiple,show,1
multiple,processing,1
multiple,previous,1
multiple,pairs,1
multiple,photocatalytic,1
multiple,structural,1
multiple,success,1
multiple,unit,1
multiple,patterns,1
multiple,targets,1
multiple,utilization,1
multiple,structures,1
multiple,neighbors,1
multiple,part,1
multiple,progress,1
multiple,video,1
multiple,traditional,1
multiple,stability,1
multiple,sample,1
multiple,pollutants,1
multiple,tree,1
multiple,types,1
multiple,protein,1
multiple,point,1
multiple,reported,1
multiple,remarkable,1
ternary,wide,1
ternary,work,1
ternary,water,1
ternary,xps,1
ternary,time,1
ternary,utilization,1
trend,utilized,1
trend,videos,1
trend,years,1
trend,water,1
trend,vehicle,1
trend,works,1
trend,visual,1
trend,variation,1
trend,unit,1
trend,utilization,1
trend,video,1
trend,types,1
sparsity,specifically,1
sparsity,structure,1
sparsity,systems,1
sparsity,standards,1
sparsity,tasks,1
sparsity,utilized,1
sparsity,time-consuming,1
sparsity,work,1
sparsity,study,1
sparsity,strategy,1
sparsity,u-shaped,1
sparsity,transformers,1
sparsity,typically,1
sparsity,words,1
sparsity,system,1
sparsity,spatial,1
sparsity,topic,1
sparsity,updated,1
sparsity,training,1
sparsity,u-net,1
sparsity,supervised,1
sparsity,works,1
sparsity,technique,1
sparsity,time,1
sparsity,user,1
sparsity,tumor,1
sparsity,target,1
sparsity,studies,1
sparsity,static,1
sparsity,temporal,1
sparsity,validate,1
sparsity,task,1
sparsity,traffic,1
sparsity,structural,1
sparsity,success,1
sparsity,variation,1
sparsity,targets,1
sparsity,structures,1
sparsity,traditional,1
sparsity,tree,1
sparsity,types,1
faces,paper,1
faces,named,1
faces,method,1
faces,methods,1
faces,specifically,1
faces,structure,1
faces,input,1
faces,ignore,1
faces,graph,1
faces,present,1
faces,published,1
faces,generated,1
faces,systems,1
faces,network,1
faces,networks,1
faces,noise,1
faces,proposes,1
faces,models,1
faces,result,1
faces,three-dimensional,1
faces,problem,1
faces,node,1
faces,performance,1
faces,limited,1
faces,fast,1
faces,real-world,1
faces,propose,1
faces,tasks,1
faces,utilized,1
faces,process,1
faces,work,1
faces,gcn,1
faces,nodes,1
faces,similar,1
faces,study,1
faces,strategy,1
faces,presents,1
faces,samples,1
faces,research,1
faces,graphs,1
faces,simultaneously,1
faces,videos,1
faces,features,1
faces,years,1
faces,leading,1
faces,rely,1
faces,gcns,1
faces,relation,1
faces,relations,1
faces,firstly,1
faces,model,1
faces,improve,1
faces,similarity,1
faces,unsupervised,1
faces,words,1
faces,transformer,1
faces,system,1
faces,framework,1
faces,results,1
faces,learning,1
faces,pose,1
faces,proposed,1
faces,methodology,1
faces,spatial,1
faces,information,1
faces,role,1
faces,optimization,1
faces,relationships,1
faces,representation,1
faces,represent,1
faces,topic,1
faces,local,1
faces,training,1
faces,works,1
faces,showed,1
faces,key,1
faces,technique,1
faces,prediction,1
faces,time,1
faces,learn,1
faces,neighbor,1
faces,focus,1
faces,modalities,1
faces,high,1
faces,module,1
faces,representations,1
faces,introduce,1
faces,neural,1
faces,user,1
faces,management,1
faces,feature,1
faces,set,1
faces,fully,1
faces,tumor,1
faces,target,1
faces,studies,1
faces,recognition,1
faces,identify,1
faces,multiple,1
faces,sparsity,1
faces,recent,1
faces,significant,1
faces,knowledge,1
faces,temporal,1
faces,identification,1
faces,predicting,1
faces,number,1
faces,validate,1
faces,spatial-temporal,1
faces,single,1
faces,task,1
faces,visual,1
faces,parameters,1
faces,improved,1
faces,show,1
faces,large,1
faces,processing,1
faces,pairs,1
faces,structural,1
faces,success,1
faces,important,1
faces,memory,1
faces,unit,1
faces,patterns,1
faces,field,1
faces,great,1
faces,utilization,1
faces,video,1
faces,focuses,1
faces,traditional,1
faces,stability,1
faces,types,1
faces,reported,1
faces,remarkable,1
recent,wide,1
recent,specifically,1
recent,structure,1
recent,reduced,1
recent,systems,1
recent,rna,1
recent,tcga,1
recent,result,1
recent,thousands,1
recent,tasks,1
recent,utilized,1
recent,time-consuming,1
recent,work,1
recent,similar,1
recent,smoothing,1
recent,study,1
recent,strategy,1
recent,viable,1
recent,samples,1
recent,research,1
recent,requirement,1
recent,sets,1
recent,simultaneously,1
recent,resulting,1
recent,transformers,1
recent,videos,1
recent,years,1
recent,theory,1
recent,rely,1
recent,relation,1
recent,relations,1
recent,typically,1
recent,understanding,1
recent,technologies,1
recent,svm,1
recent,softmax,1
recent,similarity,1
recent,recently,1
recent,unsupervised,1
recent,secure,1
recent,words,1
recent,transformer,1
recent,system,1
recent,water,1
recent,surge,1
recent,skeleton,1
recent,vehicle,1
recent,results,1
recent,xps,1
recent,skeleton-based,1
recent,revealed,1
recent,spatial,1
recent,sentiments,1
recent,role,1
recent,relationships,1
recent,representation,1
recent,represent,1
recent,unifying,1
recent,topic,1
recent,updated,1
recent,training,1
recent,supervised,1
recent,works,1
recent,showed,1
recent,technique,1
recent,time,1
recent,representations,1
recent,user,1
recent,set,1
recent,tumor,1
recent,target,1
recent,studies,1
recent,recognition,1
recent,trend,1
recent,sparsity,1
recent,static,1
recent,surface,1
recent,significant,1
recent,temporal,1
recent,validate,1
recent,spatial-temporal,1
recent,single,1
recent,task,1
recent,step,1
recent,traffic,1
recent,synthetic,1
recent,visual,1
recent,remote,1
recent,rgb,1
recent,show,1
recent,structural,1
recent,success,1
recent,variation,1
recent,unit,1
recent,targets,1
recent,utilization,1
recent,structures,1
recent,video,1
recent,traditional,1
recent,stability,1
recent,sample,1
recent,tree,1
recent,types,1
recent,reported,1
recent,remarkable,1
static,structure,1
static,systems,1
static,thousands,1
static,tasks,1
static,utilized,1
static,time-consuming,1
static,work,1
static,study,1
static,strategy,1
static,transformers,1
static,videos,1
static,years,1
static,typically,1
static,understanding,1
static,svm,1
static,words,1
static,transformer,1
static,system,1
static,surge,1
static,subgraph,1
static,updated,1
static,training,1
static,supervised,1
static,works,1
static,technique,1
static,time,1
static,user,1
static,studies,1
static,trend,1
static,temporal,1
static,validate,1
static,task,1
static,step,1
static,traffic,1
static,visual,1
static,structural,1
static,unit,1
static,utilization,1
static,structures,1
static,traditional,1
gene,paper,1
gene,named,1
gene,method,1
gene,methods,1
gene,inferred,1
gene,wide,1
gene,specifically,1
gene,interacts,1
gene,structure,1
gene,input,1
gene,ignore,1
gene,graph,1
gene,present,1
gene,literature,1
gene,published,1
gene,generally,1
gene,increasing,1
gene,reduced,1
gene,independently,1
gene,obtained,1
gene,generated,1
gene,network,1
gene,networks,1
gene,noise,1
gene,rna,1
gene,tcga,1
gene,proposes,1
gene,membranes,1
gene,models,1
gene,result,1
gene,problem,1
gene,node,1
gene,performance,1
gene,limited,1
gene,thousands,1
gene,hours,1
gene,propose,1
gene,tasks,1
gene,utilized,1
gene,process,1
gene,proteins,1
gene,time-consuming,1
gene,liquid,1
gene,work,1
gene,nodes,1
gene,similar,1
gene,study,1
gene,strategy,1
gene,presents,1
gene,outperform,1
gene,samples,1
gene,research,1
gene,pressure,1
gene,graphs,1
gene,numerous,1
gene,sets,1
gene,simultaneously,1
gene,markers,1
gene,resulting,1
gene,trypanosoma,1
gene,plant,1
gene,years,1
gene,language,1
gene,theory,1
gene,leading,1
gene,material,1
gene,relations,1
gene,understanding,1
gene,heterogeneous,1
gene,model,1
gene,sites,1
gene,points,1
gene,improve,1
gene,technologies,1
gene,svm,1
gene,softmax,1
gene,patients,1
gene,patient,1
gene,similarity,1
gene,rnas,1
gene,initiative,1
gene,pca,1
gene,recently,1
gene,molecules,1
gene,molecule,1
gene,unsupervised,1
gene,nlp,1
gene,system,1
gene,water,1
gene,skeleton,1
gene,layer,1
gene,results,1
gene,learning,1
gene,graph-based,1
gene,informative,1
gene,proposed,1
gene,meaningful,1
gene,revealed,1
gene,probability,1
gene,methodology,1
gene,spatial,1
gene,information,1
gene,role,1
gene,optimization,1
gene,relationships,1
gene,representation,1
gene,represent,1
gene,updated,1
gene,global,1
gene,local,1
gene,training,1
gene,works,1
gene,generate,1
gene,showed,1
gene,optimal,1
gene,key,1
gene,human,1
gene,prediction,1
gene,propagation,1
gene,time,1
gene,learn,1
gene,neighbor,1
gene,high,1
gene,module,1
gene,representations,1
gene,introduce,1
gene,neural,1
gene,management,1
gene,predict,1
gene,set,1
gene,tumor,1
gene,target,1
gene,studies,1
gene,identify,1
gene,multiple,1
gene,trend,1
gene,sparsity,1
gene,recent,1
gene,surface,1
gene,significant,1
gene,immune,1
gene,knowledge,1
gene,identification,1
gene,predicting,1
gene,number,1
gene,validate,1
gene,single,1
gene,interaction,1
gene,task,1
gene,step,1
gene,machine,1
gene,synthetic,1
gene,real,1
gene,parameters,1
gene,improved,1
gene,show,1
gene,large,1
gene,processing,1
gene,previous,1
gene,pairs,1
gene,include,1
gene,learns,1
gene,structural,1
gene,success,1
gene,identifying,1
gene,important,1
gene,patterns,1
gene,great,1
gene,light,1
gene,targets,1
gene,utilization,1
gene,structures,1
gene,neighbors,1
gene,part,1
gene,progress,1
gene,traditional,1
gene,stability,1
gene,sample,1
gene,tree,1
gene,types,1
gene,protein,1
gene,point,1
gene,reported,1
surface,wide,1
surface,systems,1
surface,three-dimensional,1
surface,utilized,1
surface,work,1
surface,viable,1
surface,videos,1
surface,years,1
surface,theory,1
surface,understanding,1
surface,technologies,1
surface,svm,1
surface,system,1
surface,water,1
surface,xps,1
surface,topic,1
surface,training,1
surface,technique,1
surface,time,1
surface,tumor,1
surface,target,1
surface,ternary,1
surface,temporal,1
surface,validate,1
surface,task,1
surface,synthetic,1
surface,variation,1
surface,unit,1
surface,targets,1
surface,utilization,1
surface,traditional,1
surface,types,1
significant,wide,1
significant,specifically,1
significant,structure,1
significant,systems,1
significant,standards,1
significant,tcga,1
significant,three-dimensional,1
significant,thousands,1
significant,tasks,1
significant,utilized,1
significant,time-consuming,1
significant,work,1
significant,similar,1
significant,study,1
significant,strategy,1
significant,u-shaped,1
significant,simultaneously,1
significant,transformers,1
significant,videos,1
significant,years,1
significant,theory,1
significant,typically,1
significant,understanding,1
significant,sites,1
significant,technologies,1
significant,svm,1
significant,softmax,1
significant,similarity,1
significant,unsupervised,1
significant,words,1
significant,transformer,1
significant,system,1
significant,water,1
significant,surge,1
significant,skeleton,1
significant,vehicle,1
significant,subgraph,1
significant,xps,1
significant,skeleton-based,1
significant,spatial,1
significant,unifying,1
significant,topic,1
significant,updated,1
significant,training,1
significant,supervised,1
significant,works,1
significant,technique,1
significant,time,1
significant,user,1
significant,tumor,1
significant,target,1
significant,studies,1
significant,ternary,1
significant,trend,1
significant,sparsity,1
significant,static,1
significant,surface,1
significant,temporal,1
significant,validate,1
significant,spatial-temporal,1
significant,single,1
significant,task,1
significant,step,1
significant,traffic,1
significant,synthetic,1
significant,visual,1
significant,splitting,1
significant,structural,1
significant,success,1
significant,variation,1
significant,unit,1
significant,targets,1
significant,utilization,1
significant,structures,1
significant,video,1
significant,traditional,1
significant,stability,1
significant,tree,1
significant,types,1
immune,paper,1
immune,named,1
immune,method,1
immune,methods,1
immune,interacts,1
immune,structure,1
immune,present,1
immune,rarely,1
immune,published,1
immune,obtained,1
immune,network,1
immune,networks,1
immune,tcga,1
immune,proposes,1
immune,models,1
immune,performance,1
immune,propose,1
immune,utilized,1
immune,process,1
immune,proteins,1
immune,work,1
immune,perform,1
immune,study,1
immune,research,1
immune,numerous,1
immune,simultaneously,1
immune,markers,1
immune,leading,1
immune,material,1
immune,understanding,1
immune,model,1
immune,sites,1
immune,technologies,1
immune,patients,1
immune,patient,1
immune,similarity,1
immune,system,1
immune,layer,1
immune,results,1
immune,learning,1
immune,proposed,1
immune,revealed,1
immune,methodology,1
immune,spatial,1
immune,information,1
immune,role,1
immune,represent,1
immune,local,1
immune,showed,1
immune,presentation,1
immune,key,1
immune,prediction,1
immune,time,1
immune,module,1
immune,neural,1
immune,predict,1
immune,set,1
immune,tumor,1
immune,target,1
immune,studies,1
immune,recognition,1
immune,multiple,1
immune,surface,1
immune,significant,1
immune,number,1
immune,validate,1
immune,single,1
immune,interaction,1
immune,step,1
immune,machine,1
immune,show,1
immune,large,1
immune,previous,1
immune,structural,1
immune,important,1
immune,patterns,1
immune,neighbors,1
immune,traditional,1
immune,stability,1
immune,types,1
immune,protein,1
immune,point,1
immune,reported,1
immune,remarkable,1
knowledge,paper,1
knowledge,named,1
knowledge,method,1
knowledge,methods,1
knowledge,wide,1
knowledge,specifically,1
knowledge,structure,1
knowledge,metal,1
knowledge,nitride,1
knowledge,present,1
knowledge,literature,1
knowledge,rarely,1
knowledge,pharmacology,1
knowledge,published,1
knowledge,reduced,1
knowledge,obtained,1
knowledge,systems,1
knowledge,network,1
knowledge,networks,1
knowledge,noise,1
knowledge,rna,1
knowledge,tcga,1
knowledge,proposes,1
knowledge,models,1
knowledge,result,1
knowledge,pharmacological,1
knowledge,problem,1
knowledge,node,1
knowledge,performance,1
knowledge,limited,1
knowledge,recombination,1
knowledge,real-world,1
knowledge,thousands,1
knowledge,owing,1
knowledge,propose,1
knowledge,tasks,1
knowledge,utilized,1
knowledge,process,1
knowledge,proteins,1
knowledge,time-consuming,1
knowledge,liquid,1
knowledge,work,1
knowledge,nodes,1
knowledge,mixed,1
knowledge,similar,1
knowledge,smoothing,1
knowledge,perform,1
knowledge,study,1
knowledge,strategy,1
knowledge,presents,1
knowledge,outperform,1
knowledge,string,1
knowledge,sgc,1
knowledge,samples,1
knowledge,research,1
knowledge,pressure,1
knowledge,numerous,1
knowledge,separation,1
knowledge,sets,1
knowledge,simultaneously,1
knowledge,resulting,1
knowledge,photocatalyst,1
knowledge,transformers,1
knowledge,videos,1
knowledge,years,1
knowledge,language,1
knowledge,theory,1
knowledge,leading,1
knowledge,rely,1
knowledge,material,1
knowledge,relation,1
knowledge,relations,1
knowledge,typically,1
knowledge,understanding,1
knowledge,mscoco,1
knowledge,model,1
knowledge,sites,1
knowledge,points,1
knowledge,lstm,1
knowledge,smiles,1
knowledge,technologies,1
knowledge,patients,1
knowledge,patient,1
knowledge,similarity,1
knowledge,rnas,1
knowledge,pca,1
knowledge,recently,1
knowledge,molecules,1
knowledge,unsupervised,1
knowledge,secure,1
knowledge,nlp,1
knowledge,words,1
knowledge,transformer,1
knowledge,system,1
knowledge,water,1
knowledge,wiki,1
knowledge,skeleton,1
knowledge,vehicle,1
knowledge,layer,1
knowledge,results,1
knowledge,learning,1
knowledge,subgraph,1
knowledge,pose,1
knowledge,skeleton-based,1
knowledge,proposed,1
knowledge,meaningful,1
knowledge,revealed,1
knowledge,probability,1
knowledge,methodology,1
knowledge,spatial,1
knowledge,pubmed,1
knowledge,sentiments,1
knowledge,role,1
knowledge,optimization,1
knowledge,relationships,1
knowledge,representation,1
knowledge,represent,1
knowledge,unifying,1
knowledge,laplacian,1
knowledge,topic,1
knowledge,updated,1
knowledge,local,1
knowledge,training,1
knowledge,u-net,1
knowledge,supervised,1
knowledge,works,1
knowledge,showed,1
knowledge,optimal,1
knowledge,pooling,1
knowledge,technique,1
knowledge,prediction,1
knowledge,propagation,1
knowledge,time,1
knowledge,learn,1
knowledge,neighbor,1
knowledge,optical,1
knowledge,modalities,1
knowledge,module,1
knowledge,representations,1
knowledge,neural,1
knowledge,user,1
knowledge,management,1
knowledge,predict,1
knowledge,set,1
knowledge,tumor,1
knowledge,target,1
knowledge,studies,1
knowledge,recognition,1
knowledge,multiple,1
knowledge,trend,1
knowledge,sparsity,1
knowledge,recent,1
knowledge,static,1
knowledge,surface,1
knowledge,significant,1
knowledge,temporal,1
knowledge,predicting,1
knowledge,number,1
knowledge,validate,1
knowledge,spatial-temporal,1
knowledge,single,1
knowledge,layers,1
knowledge,task,1
knowledge,step,1
knowledge,machine,1
knowledge,traffic,1
knowledge,synthetic,1
knowledge,real,1
knowledge,visual,1
knowledge,remote,1
knowledge,parameters,1
knowledge,rgb,1
knowledge,show,1
knowledge,large,1
knowledge,processing,1
knowledge,previous,1
knowledge,pairs,1
knowledge,learns,1
knowledge,photocatalytic,1
knowledge,structural,1
knowledge,success,1
knowledge,variation,1
knowledge,memory,1
knowledge,unit,1
knowledge,patterns,1
knowledge,light,1
knowledge,targets,1
knowledge,multi-scale,1
knowledge,utilization,1
knowledge,structures,1
knowledge,neighbors,1
knowledge,part,1
knowledge,progress,1
knowledge,video,1
knowledge,traditional,1
knowledge,stability,1
knowledge,sample,1
knowledge,pollutants,1
knowledge,tree,1
knowledge,motion,1
knowledge,types,1
knowledge,protein,1
knowledge,point,1
knowledge,reported,1
knowledge,remarkable,1
temporal,wide,1
temporal,three-dimensional,1
temporal,utilized,1
temporal,time-consuming,1
temporal,work,1
temporal,viable,1
temporal,u-shaped,1
temporal,transformers,1
temporal,videos,1
temporal,years,1
temporal,theory,1
temporal,typically,1
temporal,understanding,1
temporal,unsupervised,1
temporal,words,1
temporal,transformer,1
temporal,water,1
temporal,vehicle,1
temporal,topic,1
temporal,updated,1
temporal,training,1
temporal,u-net,1
temporal,works,1
temporal,time,1
temporal,user,1
temporal,ternary,1
temporal,trend,1
temporal,validate,1
temporal,traffic,1
temporal,visual,1
temporal,variation,1
temporal,unit,1
temporal,utilization,1
temporal,video,1
temporal,traditional,1
temporal,tree,1
temporal,types,1
identification,paper,1
identification,named,1
identification,method,1
identification,methods,1
identification,intuitively,1
identification,wide,1
identification,specifically,1
identification,interacts,1
identification,structure,1
identification,input,1
identification,ignore,1
identification,metal,1
identification,present,1
identification,literature,1
identification,rarely,1
identification,published,1
identification,meiosis,1
identification,increasing,1
identification,independently,1
identification,obtained,1
identification,systems,1
identification,network,1
identification,networks,1
identification,noise,1
identification,rna,1
identification,proposes,1
identification,models,1
identification,result,1
identification,pharmacological,1
identification,three-dimensional,1
identification,problem,1
identification,node,1
identification,performance,1
identification,limited,1
identification,real-world,1
identification,owing,1
identification,propose,1
identification,tasks,1
identification,utilized,1
identification,process,1
identification,proteins,1
identification,time-consuming,1
identification,prohibitively,1
identification,work,1
identification,nodes,1
identification,similar,1
identification,perform,1
identification,study,1
identification,strategy,1
identification,presents,1
identification,outperform,1
identification,samples,1
identification,research,1
identification,requirement,1
identification,numerous,1
identification,sets,1
identification,simultaneously,1
identification,markers,1
identification,n-acetyltransferase,1
identification,resulting,1
identification,trypanosoma,1
identification,plant,1
identification,transformers,1
identification,videos,1
identification,years,1
identification,leading,1
identification,material,1
identification,relations,1
identification,typically,1
identification,understanding,1
identification,model,1
identification,sites,1
identification,improve,1
identification,lstm,1
identification,technologies,1
identification,svm,1
identification,softmax,1
identification,patients,1
identification,similarity,1
identification,rnas,1
identification,recently,1
identification,molecules,1
identification,unsupervised,1
identification,words,1
identification,transformer,1
identification,system,1
identification,water,1
identification,vehicle,1
identification,layer,1
identification,results,1
identification,learning,1
identification,informative,1
identification,proposed,1
identification,probability,1
identification,spatial,1
identification,sentiments,1
identification,information,1
identification,role,1
identification,kinetoplastid,1
identification,unconventional,1
identification,mcc,1
identification,relationships,1
identification,representation,1
identification,represent,1
identification,topic,1
identification,local,1
identification,training,1
identification,supervised,1
identification,showed,1
identification,optimal,1
identification,presentation,1
identification,pooling,1
identification,key,1
identification,technique,1
identification,prediction,1
identification,propagation,1
identification,time,1
identification,learn,1
identification,neighbor,1
identification,modalities,1
identification,module,1
identification,representations,1
identification,introduce,1
identification,neural,1
identification,management,1
identification,predict,1
identification,set,1
identification,target,1
identification,studies,1
identification,recognition,1
identification,identify,1
identification,multiple,1
identification,recent,1
identification,significant,1
identification,knowledge,1
identification,temporal,1
identification,predicting,1
identification,number,1
identification,validate,1
identification,single,1
identification,interaction,1
identification,layers,1
identification,task,1
identification,step,1
identification,machine,1
identification,traffic,1
identification,real,1
identification,visual,1
identification,parameters,1
identification,rgb,1
identification,improved,1
identification,show,1
identification,large,1
identification,processing,1
identification,previous,1
identification,pairs,1
identification,include,1
identification,learns,1
identification,structural,1
identification,success,1
identification,variation,1
identification,identifying,1
identification,important,1
identification,memory,1
identification,unit,1
identification,patterns,1
identification,light,1
identification,targets,1
identification,utilization,1
identification,structures,1
identification,neighbors,1
identification,progress,1
identification,video,1
identification,traditional,1
identification,stability,1
identification,sample,1
identification,tree,1
identification,motion,1
identification,types,1
identification,protein,1
identification,point,1
identification,reported,1
predicting,wide,1
predicting,specifically,1
predicting,structure,1
predicting,present,1
predicting,rarely,1
predicting,published,1
predicting,systems,1
predicting,standards,1
predicting,rna,1
predicting,tcga,1
predicting,proposes,1
predicting,result,1
predicting,problem,1
predicting,real-world,1
predicting,thousands,1
predicting,propose,1
predicting,tasks,1
predicting,utilized,1
predicting,process,1
predicting,proteins,1
predicting,time-consuming,1
predicting,work,1
predicting,similar,1
predicting,study,1
predicting,strategy,1
predicting,presents,1
predicting,viable,1
predicting,samples,1
predicting,research,1
predicting,requirement,1
predicting,sets,1
predicting,simultaneously,1
predicting,resulting,1
predicting,sciences,1
predicting,transformers,1
predicting,videos,1
predicting,years,1
predicting,theory,1
predicting,rely,1
predicting,relation,1
predicting,relations,1
predicting,understanding,1
predicting,sites,1
predicting,smiles,1
predicting,technologies,1
predicting,svm,1
predicting,softmax,1
predicting,similarity,1
predicting,rnas,1
predicting,recently,1
predicting,unsupervised,1
predicting,words,1
predicting,system,1
predicting,water,1
predicting,skeleton,1
predicting,vehicle,1
predicting,results,1
predicting,proposed,1
predicting,probability,1
predicting,spatial,1
predicting,sentiments,1
predicting,role,1
predicting,relationships,1
predicting,representation,1
predicting,represent,1
predicting,topic,1
predicting,updated,1
predicting,training,1
predicting,supervised,1
predicting,works,1
predicting,showed,1
predicting,technique,1
predicting,prediction,1
predicting,propagation,1
predicting,time,1
predicting,representations,1
predicting,user,1
predicting,set,1
predicting,tumor,1
predicting,target,1
predicting,studies,1
predicting,recognition,1
predicting,trend,1
predicting,recent,1
predicting,static,1
predicting,significant,1
predicting,temporal,1
predicting,validate,1
predicting,spatial-temporal,1
predicting,single,1
predicting,task,1
predicting,step,1
predicting,traffic,1
predicting,real,1
predicting,visual,1
predicting,rgb,1
predicting,show,1
predicting,processing,1
predicting,previous,1
predicting,structural,1
predicting,success,1
predicting,unit,1
predicting,targets,1
predicting,utilization,1
predicting,structures,1
predicting,progress,1
predicting,video,1
predicting,traditional,1
predicting,stability,1
predicting,sample,1
predicting,types,1
predicting,protein,1
predicting,reported,1
predicting,remarkable,1
number,paper,1
number,wide,1
number,specifically,1
number,structure,1
number,present,1
number,rarely,1
number,published,1
number,reduced,1
number,obtained,1
number,systems,1
number,rna,1
number,tcga,1
number,proposes,1
number,result,1
number,pharmacological,1
number,problem,1
number,performance,1
number,real-world,1
number,thousands,1
number,owing,1
number,propose,1
number,roads,1
number,tasks,1
number,utilized,1
number,process,1
number,proteins,1
number,time-consuming,1
number,prohibitively,1
number,work,1
number,similar,1
number,smoothing,1
number,perform,1
number,study,1
number,strategy,1
number,presents,1
number,outperform,1
number,samples,1
number,research,1
number,pressure,1
number,requirement,1
number,numerous,1
number,separation,1
number,sets,1
number,simultaneously,1
number,resulting,1
number,photocatalyst,1
number,trypanosoma,1
number,sciences,1
number,plant,1
number,years,1
number,rely,1
number,relation,1
number,relations,1
number,typically,1
number,understanding,1
number,s-triazine,1
number,sites,1
number,points,1
number,photoreduction,1
number,technologies,1
number,svm,1
number,softmax,1
number,patients,1
number,patient,1
number,similarity,1
number,rnas,1
number,pca,1
number,recently,1
number,unsupervised,1
number,words,1
number,transformer,1
number,system,1
number,water,1
number,skeleton,1
number,vehicle,1
number,results,1
number,xps,1
number,pose,1
number,skeleton-based,1
number,proposed,1
number,revealed,1
number,spatial,1
number,role,1
number,unconventional,1
number,optimization,1
number,relationships,1
number,representation,1
number,represent,1
number,unifying,1
number,topic,1
number,updated,1
number,training,1
number,supervised,1
number,works,1
number,showed,1
number,optimal,1
number,presentation,1
number,pooling,1
number,technique,1
number,prediction,1
number,propagation,1
number,time,1
number,optical,1
number,representations,1
number,user,1
number,predict,1
number,set,1
number,tumor,1
number,target,1
number,studies,1
number,recognition,1
number,ternary,1
number,trend,1
number,sparsity,1
number,recent,1
number,surface,1
number,significant,1
number,temporal,1
number,predicting,1
number,validate,1
number,spatial-temporal,1
number,single,1
number,task,1
number,step,1
number,traffic,1
number,synthetic,1
number,real,1
number,visual,1
number,remote,1
number,parameters,1
number,rgb,1
number,show,1
number,processing,1
number,previous,1
number,pairs,1
number,photocatalytic,1
number,structural,1
number,success,1
number,variation,1
number,reactions,1
number,unit,1
number,patterns,1
number,targets,1
number,structures,1
number,part,1
number,progress,1
number,video,1
number,traditional,1
number,stability,1
number,sample,1
number,tree,1
number,types,1
number,protein,1
number,point,1
number,reported,1
number,remarkable,1
validate,wide,1
validate,work,1
validate,videos,1
validate,years,1
validate,words,1
validate,vehicle,1
validate,works,1
validate,visual,1
validate,video,1
gat,paper,1
gat,named,1
gat,method,1
gat,methods,1
gat,wide,1
gat,specifically,1
gat,structure,1
gat,input,1
gat,ignore,1
gat,graph,1
gat,present,1
gat,literature,1
gat,rarely,1
gat,published,1
gat,generally,1
gat,increasing,1
gat,reduced,1
gat,obtained,1
gat,generated,1
gat,network,1
gat,networks,1
gat,noise,1
gat,rna,1
gat,proposes,1
gat,models,1
gat,result,1
gat,problem,1
gat,node,1
gat,performance,1
gat,limited,1
gat,real-world,1
gat,propose,1
gat,tasks,1
gat,utilized,1
gat,process,1
gat,proteins,1
gat,time-consuming,1
gat,work,1
gat,gcn,1
gat,nodes,1
gat,mixed,1
gat,similar,1
gat,perform,1
gat,study,1
gat,strategy,1
gat,presents,1
gat,viable,1
gat,outperform,1
gat,samples,1
gat,research,1
gat,graphs,1
gat,numerous,1
gat,sets,1
gat,simultaneously,1
gat,resulting,1
gat,years,1
gat,language,1
gat,leading,1
gat,rely,1
gat,heavily,1
gat,gcns,1
gat,relation,1
gat,relations,1
gat,understanding,1
gat,imdb,1
gat,heterogeneous,1
gat,model,1
gat,points,1
gat,improve,1
gat,lstm,1
gat,smiles,1
gat,svm,1
gat,softmax,1
gat,patients,1
gat,patient,1
gat,similarity,1
gat,rnas,1
gat,recently,1
gat,molecules,1
gat,molecule,1
gat,unsupervised,1
gat,system,1
gat,water,1
gat,wiki,1
gat,surge,1
gat,skeleton,1
gat,vehicle,1
gat,guided,1
gat,layer,1
gat,results,1
gat,learning,1
gat,graph-based,1
gat,proposed,1
gat,meaningful,1
gat,methodology,1
gat,spatial,1
gat,pubmed,1
gat,information,1
gat,role,1
gat,optimization,1
gat,relationships,1
gat,representation,1
gat,represent,1
gat,unifying,1
gat,updated,1
gat,global,1
gat,local,1
gat,training,1
gat,supervised,1
gat,works,1
gat,generate,1
gat,showed,1
gat,optimal,1
gat,key,1
gat,human,1
gat,technique,1
gat,prediction,1
gat,propagation,1
gat,time,1
gat,learn,1
gat,neighbor,1
gat,high,1
gat,module,1
gat,representations,1
gat,introduce,1
gat,neural,1
gat,user,1
gat,management,1
gat,predict,1
gat,set,1
gat,tumor,1
gat,target,1
gat,studies,1
gat,recognition,1
gat,identify,1
gat,multiple,1
gat,recent,1
gat,static,1
gat,significant,1
gat,immune,1
gat,knowledge,1
gat,temporal,1
gat,identification,1
gat,predicting,1
gat,number,1
gat,validate,1
gat,spatial-temporal,1
gat,single,1
gat,interaction,1
gat,layers,1
gat,task,1
gat,step,1
gat,machine,1
gat,traffic,1
gat,real,1
gat,visual,1
gat,remote,1
gat,parameters,1
gat,improved,1
gat,show,1
gat,large,1
gat,processing,1
gat,previous,1
gat,pairs,1
gat,include,1
gat,structural,1
gat,success,1
gat,identifying,1
gat,important,1
gat,memory,1
gat,unit,1
gat,gated,1
gat,great,1
gat,targets,1
gat,multi-scale,1
gat,structures,1
gat,neighbors,1
gat,part,1
gat,traditional,1
gat,stability,1
gat,sample,1
gat,types,1
gat,protein,1
gat,point,1
gat,reported,1
spatial-temporal,wide,1
spatial-temporal,specifically,1
spatial-temporal,structure,1
spatial-temporal,systems,1
spatial-temporal,three-dimensional,1
spatial-temporal,tasks,1
spatial-temporal,utilized,1
spatial-temporal,work,1
spatial-temporal,study,1
spatial-temporal,strategy,1
spatial-temporal,transformers,1
spatial-temporal,videos,1
spatial-temporal,years,1
spatial-temporal,theory,1
spatial-temporal,typically,1
spatial-temporal,unsupervised,1
spatial-temporal,transformer,1
spatial-temporal,system,1
spatial-temporal,water,1
spatial-temporal,surge,1
spatial-temporal,vehicle,1
spatial-temporal,topic,1
spatial-temporal,training,1
spatial-temporal,supervised,1
spatial-temporal,works,1
spatial-temporal,technique,1
spatial-temporal,time,1
spatial-temporal,user,1
spatial-temporal,target,1
spatial-temporal,studies,1
spatial-temporal,trend,1
spatial-temporal,static,1
spatial-temporal,temporal,1
spatial-temporal,validate,1
spatial-temporal,task,1
spatial-temporal,step,1
spatial-temporal,traffic,1
spatial-temporal,visual,1
spatial-temporal,structural,1
spatial-temporal,unit,1
spatial-temporal,targets,1
spatial-temporal,utilization,1
spatial-temporal,structures,1
spatial-temporal,video,1
spatial-temporal,traditional,1
spatial-temporal,stability,1
spatial-temporal,tree,1
spatial-temporal,types,1
single,wide,1
single,specifically,1
single,structure,1
single,systems,1
single,three-dimensional,1
single,thousands,1
single,tasks,1
single,utilized,1
single,time-consuming,1
single,work,1
single,smoothing,1
single,study,1
single,strategy,1
single,string,1
single,videos,1
single,years,1
single,typically,1
single,understanding,1
single,sites,1
single,technologies,1
single,unsupervised,1
single,words,1
single,transformer,1
single,system,1
single,water,1
single,surge,1
single,skeleton,1
single,vehicle,1
single,skeleton-based,1
single,spatial,1
single,unifying,1
single,topic,1
single,training,1
single,supervised,1
single,works,1
single,technique,1
single,time,1
single,user,1
single,tumor,1
single,target,1
single,studies,1
single,trend,1
single,sparsity,1
single,static,1
single,surface,1
single,temporal,1
single,validate,1
single,spatial-temporal,1
single,task,1
single,step,1
single,traffic,1
single,synthetic,1
single,visual,1
single,structural,1
single,success,1
single,variation,1
single,unit,1
single,targets,1
single,utilization,1
single,structures,1
single,video,1
single,traditional,1
single,stability,1
single,tree,1
single,types,1
interaction,paper,1
interaction,named,1
interaction,method,1
interaction,methods,1
interaction,intuitively,1
interaction,wide,1
interaction,specifically,1
interaction,interacts,1
interaction,structure,1
interaction,metal,1
interaction,nitride,1
interaction,present,1
interaction,literature,1
interaction,rarely,1
interaction,published,1
interaction,meiosis,1
interaction,reduced,1
interaction,obtained,1
interaction,systems,1
interaction,network,1
interaction,networks,1
interaction,noise,1
interaction,rna,1
interaction,tcga,1
interaction,proposes,1
interaction,models,1
interaction,result,1
interaction,pharmacological,1
interaction,three-dimensional,1
interaction,problem,1
interaction,node,1
interaction,performance,1
interaction,limited,1
interaction,real-world,1
interaction,thousands,1
interaction,propose,1
interaction,tasks,1
interaction,utilized,1
interaction,process,1
interaction,proteins,1
interaction,time-consuming,1
interaction,work,1
interaction,nodes,1
interaction,mixed,1
interaction,similar,1
interaction,smoothing,1
interaction,perform,1
interaction,study,1
interaction,strategy,1
interaction,presents,1
interaction,viable,1
interaction,outperform,1
interaction,samples,1
interaction,research,1
interaction,numerous,1
interaction,separation,1
interaction,sets,1
interaction,simultaneously,1
interaction,n-acetyltransferase,1
interaction,resulting,1
interaction,photocatalyst,1
interaction,investigations,1
interaction,trypanosoma,1
interaction,transformers,1
interaction,videos,1
interaction,years,1
interaction,language,1
interaction,theory,1
interaction,leading,1
interaction,rely,1
interaction,material,1
interaction,relation,1
interaction,relations,1
interaction,typically,1
interaction,understanding,1
interaction,mscoco,1
interaction,model,1
interaction,sites,1
interaction,points,1
interaction,lstm,1
interaction,technologies,1
interaction,svm,1
interaction,softmax,1
interaction,patients,1
interaction,patient,1
interaction,similarity,1
interaction,rnas,1
interaction,recently,1
interaction,molecules,1
interaction,ntu,1
interaction,unsupervised,1
interaction,matthews,1
interaction,secure,1
interaction,nlp,1
interaction,words,1
interaction,transformer,1
interaction,system,1
interaction,water,1
interaction,kinetics,1
interaction,skeleton,1
interaction,vehicle,1
interaction,layer,1
interaction,results,1
interaction,learning,1
interaction,subgraph,1
interaction,xps,1
interaction,pose,1
interaction,skeleton-based,1
interaction,proposed,1
interaction,revealed,1
interaction,probability,1
interaction,methodology,1
interaction,spatial,1
interaction,pubmed,1
interaction,role,1
interaction,kinetoplastid,1
interaction,unconventional,1
interaction,mcc,1
interaction,optimization,1
interaction,relationships,1
interaction,representation,1
interaction,represent,1
interaction,topic,1
interaction,updated,1
interaction,local,1
interaction,training,1
interaction,supervised,1
interaction,works,1
interaction,showed,1
interaction,optimal,1
interaction,pooling,1
interaction,key,1
interaction,technique,1
interaction,prediction,1
interaction,propagation,1
interaction,time,1
interaction,learn,1
interaction,neighbor,1
interaction,optical,1
interaction,modalities,1
interaction,module,1
interaction,representations,1
interaction,introduce,1
interaction,neural,1
interaction,user,1
interaction,management,1
interaction,predict,1
interaction,set,1
interaction,tumor,1
interaction,target,1
interaction,studies,1
interaction,recognition,1
interaction,multiple,1
interaction,ternary,1
interaction,trend,1
interaction,sparsity,1
interaction,recent,1
interaction,static,1
interaction,surface,1
interaction,significant,1
interaction,knowledge,1
interaction,temporal,1
interaction,predicting,1
interaction,number,1
interaction,validate,1
interaction,spatial-temporal,1
interaction,single,1
interaction,layers,1
interaction,task,1
interaction,step,1
interaction,machine,1
interaction,traffic,1
interaction,real,1
interaction,visual,1
interaction,remote,1
interaction,parameters,1
interaction,rgb,1
interaction,show,1
interaction,large,1
interaction,processing,1
interaction,previous,1
interaction,pairs,1
interaction,learns,1
interaction,photocatalytic,1
interaction,structural,1
interaction,success,1
interaction,variation,1
interaction,memory,1
interaction,unit,1
interaction,patterns,1
interaction,light,1
interaction,targets,1
interaction,multi-scale,1
interaction,utilization,1
interaction,structures,1
interaction,neighbors,1
interaction,part,1
interaction,progress,1
interaction,video,1
interaction,traditional,1
interaction,stability,1
interaction,sample,1
interaction,pollutants,1
interaction,tree,1
interaction,motion,1
interaction,types,1
interaction,protein,1
interaction,point,1
interaction,reported,1
interaction,remarkable,1
layers,paper,1
layers,named,1
layers,method,1
layers,methods,1
layers,wide,1
layers,specifically,1
layers,structure,1
layers,nitride,1
layers,present,1
layers,literature,1
layers,rarely,1
layers,published,1
layers,reduced,1
layers,obtained,1
layers,systems,1
layers,network,1
layers,networks,1
layers,noise,1
layers,proposes,1
layers,models,1
layers,result,1
layers,three-dimensional,1
layers,problem,1
layers,node,1
layers,performance,1
layers,limited,1
layers,real-world,1
layers,thousands,1
layers,owing,1
layers,propose,1
layers,tasks,1
layers,utilized,1
layers,process,1
layers,proteins,1
layers,time-consuming,1
layers,work,1
layers,nodes,1
layers,mixed,1
layers,similar,1
layers,smoothing,1
layers,perform,1
layers,study,1
layers,strategy,1
layers,presents,1
layers,outperform,1
layers,sgc,1
layers,u-shaped,1
layers,samples,1
layers,research,1
layers,requirement,1
layers,numerous,1
layers,sets,1
layers,simultaneously,1
layers,resulting,1
layers,transformers,1
layers,videos,1
layers,years,1
layers,leading,1
layers,rely,1
layers,material,1
layers,relation,1
layers,relations,1
layers,typically,1
layers,model,1
layers,sites,1
layers,lstm,1
layers,smiles,1
layers,svm,1
layers,softmax,1
layers,patients,1
layers,similarity,1
layers,recently,1
layers,molecules,1
layers,molecule,1
layers,unsupervised,1
layers,matthews,1
layers,nlp,1
layers,words,1
layers,transformer,1
layers,system,1
layers,skeleton,1
layers,results,1
layers,learning,1
layers,pose,1
layers,skeleton-based,1
layers,proposed,1
layers,meaningful,1
layers,revealed,1
layers,methodology,1
layers,spatial,1
layers,pubmed,1
layers,role,1
layers,optimization,1
layers,relationships,1
layers,representation,1
layers,represent,1
layers,topic,1
layers,local,1
layers,training,1
layers,u-net,1
layers,supervised,1
layers,works,1
layers,showed,1
layers,optimal,1
layers,pooling,1
layers,technique,1
layers,prediction,1
layers,propagation,1
layers,time,1
layers,learn,1
layers,neighbor,1
layers,optical,1
layers,modalities,1
layers,module,1
layers,representations,1
layers,neural,1
layers,user,1
layers,management,1
layers,predict,1
layers,set,1
layers,target,1
layers,studies,1
layers,recognition,1
layers,multiple,1
layers,sparsity,1
layers,recent,1
layers,static,1
layers,surface,1
layers,significant,1
layers,temporal,1
layers,predicting,1
layers,number,1
layers,validate,1
layers,spatial-temporal,1
layers,single,1
layers,task,1
layers,step,1
layers,machine,1
layers,traffic,1
layers,synthetic,1
layers,real,1
layers,visual,1
layers,remote,1
layers,parameters,1
layers,show,1
layers,processing,1
layers,previous,1
layers,pairs,1
layers,learns,1
layers,structural,1
layers,success,1
layers,variation,1
layers,memory,1
layers,unit,1
layers,patterns,1
layers,light,1
layers,targets,1
layers,multi-scale,1
layers,structures,1
layers,neighbors,1
layers,progress,1
layers,video,1
layers,traditional,1
layers,stability,1
layers,sample,1
layers,pollutants,1
layers,tree,1
layers,motion,1
layers,types,1
layers,protein,1
layers,point,1
layers,reported,1
layers,remarkable,1
task,wide,1
task,tcga,1
task,three-dimensional,1
task,thousands,1
task,tasks,1
task,utilized,1
task,time-consuming,1
task,work,1
task,transformers,1
task,videos,1
task,years,1
task,theory,1
task,typically,1
task,understanding,1
task,technologies,1
task,unsupervised,1
task,words,1
task,transformer,1
task,water,1
task,vehicle,1
task,unifying,1
task,topic,1
task,updated,1
task,training,1
task,u-net,1
task,works,1
task,technique,1
task,time,1
task,user,1
task,tumor,1
task,trend,1
task,temporal,1
task,validate,1
task,traffic,1
task,visual,1
task,variation,1
task,unit,1
task,utilization,1
task,video,1
task,traditional,1
task,tree,1
task,types,1
challenging,drug-drug,1
challenging,paper,1
challenging,named,1
challenging,method,1
challenging,methods,1
challenging,intuitively,1
challenging,inferred,1
challenging,wide,1
challenging,specifically,1
challenging,demonstrates,1
challenging,dual,1
challenging,structure,1
challenging,input,1
challenging,existing,1
challenging,ignore,1
challenging,graph,1
challenging,connecting,1
challenging,considered,1
challenging,nitride,1
challenging,present,1
challenging,literature,1
challenging,rarely,1
challenging,extract,1
challenging,pharmacology,1
challenging,published,1
challenging,generally,1
challenging,common,1
challenging,increasing,1
challenging,reduced,1
challenging,gap,1
challenging,developed,1
challenging,independently,1
challenging,differently,1
challenging,explicitly,1
challenging,obtained,1
challenging,generated,1
challenging,systems,1
challenging,network,1
challenging,networks,1
challenging,noise,1
challenging,extracting,1
challenging,tcga,1
challenging,proposes,1
challenging,critical,1
challenging,models,1
challenging,result,1
challenging,pharmacological,1
challenging,efficient,1
challenging,three-dimensional,1
challenging,classification,1
challenging,problem,1
challenging,node,1
challenging,performance,1
challenging,limited,1
challenging,fast,1
challenging,recombination,1
challenging,real-world,1
challenging,thousands,1
challenging,hours,1
challenging,owing,1
challenging,propose,1
challenging,roads,1
challenging,tasks,1
challenging,utilized,1
challenging,process,1
challenging,encoded,1
challenging,time-consuming,1
challenging,experimental,1
challenging,elsevier,1
challenging,chemical,1
challenging,work,1
challenging,graphitic,1
challenging,gcn,1
challenging,nodes,1
challenging,established,1
challenging,mixed,1
challenging,excellent,1
challenging,similar,1
challenging,smoothing,1
challenging,perform,1
challenging,study,1
challenging,strategy,1
challenging,presents,1
challenging,outperform,1
challenging,string,1
challenging,descriptor,1
challenging,explore,1
challenging,samples,1
challenging,research,1
challenging,f-score,1
challenging,graphs,1
challenging,requirement,1
challenging,numerous,1
challenging,separation,1
challenging,sets,1
challenging,simultaneously,1
challenging,resulting,1
challenging,photocatalyst,1
challenging,sciences,1
challenging,plant,1
challenging,transformers,1
challenging,harmful,1
challenging,videos,1
challenging,features,1
challenging,years,1
challenging,language,1
challenging,leading,1
challenging,rely,1
challenging,decisions,1
challenging,heavily,1
challenging,gps,1
challenging,obu,1
challenging,gcns,1
challenging,relation,1
challenging,relations,1
challenging,typically,1
challenging,firstly,1
challenging,understanding,1
challenging,convolutional,1
challenging,heterogeneous,1
challenging,model,1
challenging,cnn,1
challenging,due,1
challenging,sites,1
challenging,cloud,1
challenging,points,1
challenging,efficiency,1
challenging,improve,1
challenging,ethereum,1
challenging,lstm,1
challenging,technologies,1
challenging,svm,1
challenging,knn,1
challenging,softmax,1
challenging,formed,1
challenging,euclidean,1
challenging,patients,1
challenging,patient,1
challenging,similarity,1
challenging,copy,1
challenging,recently,1
challenging,ntu,1
challenging,edges,1
challenging,unsupervised,1
challenging,secure,1
challenging,nlp,1
challenging,words,1
challenging,transformer,1
challenging,system,1
challenging,water,1
challenging,datasets,1
challenging,data,1
challenging,effectively,1
challenging,surge,1
challenging,data-driven,1
challenging,kinetics,1
challenging,skeleton,1
challenging,framework,1
challenging,vehicle,1
challenging,guided,1
challenging,end,1
challenging,layer,1
challenging,results,1
challenging,learning,1
challenging,subgraph,1
challenging,pose,1
challenging,skeleton-based,1
challenging,graph-based,1
challenging,dependencies,1
challenging,proposed,1
challenging,conduct,1
challenging,meaningful,1
challenging,probability,1
challenging,methodology,1
challenging,spatial,1
challenging,electron,1
challenging,information,1
challenging,evaluation,1
challenging,role,1
challenging,optimization,1
challenging,relationships,1
challenging,representation,1
challenging,represent,1
challenging,generative,1
challenging,embeddings,1
challenging,topic,1
challenging,global,1
challenging,local,1
challenging,deep,1
challenging,training,1
challenging,correlations,1
challenging,supervised,1
challenging,error,1
challenging,works,1
challenging,generate,1
challenging,showed,1
challenging,optimal,1
challenging,presentation,1
challenging,pooling,1
challenging,dataset,1
challenging,key,1
challenging,human,1
challenging,technique,1
challenging,prediction,1
challenging,factors,1
challenging,propagation,1
challenging,time,1
challenging,daily,1
challenging,learn,1
challenging,neighbor,1
challenging,evolution,1
challenging,focus,1
challenging,desirable,1
challenging,modalities,1
challenging,high,1
challenging,module,1
challenging,representations,1
challenging,introduce,1
challenging,neural,1
challenging,expression,1
challenging,user,1
challenging,management,1
challenging,predict,1
challenging,feature,1
challenging,set,1
challenging,fully,1
challenging,complex,1
challenging,tumor,1
challenging,target,1
challenging,studies,1
challenging,dense,1
challenging,recognition,1
challenging,identify,1
challenging,convolution,1
challenging,multiple,1
challenging,ternary,1
challenging,trend,1
challenging,sparsity,1
challenging,faces,1
challenging,recent,1
challenging,static,1
challenging,gene,1
challenging,surface,1
challenging,significant,1
challenging,knowledge,1
challenging,temporal,1
challenging,identification,1
challenging,predicting,1
challenging,number,1
challenging,validate,1
challenging,gat,1
challenging,spatial-temporal,1
challenging,single,1
challenging,interaction,1
challenging,layers,1
challenging,task,1
challenging,energy,1
challenging,step,1
challenging,machine,1
challenging,traffic,1
challenging,communication,1
challenging,synthetic,1
challenging,real,1
challenging,visual,1
challenging,layouts,1
challenging,remote,1
challenging,splitting,1
challenging,parameters,1
challenging,rgb,1
challenging,improved,1
challenging,show,1
challenging,large,1
challenging,processing,1
challenging,conditions,1
challenging,previous,1
challenging,pairs,1
challenging,employed,1
challenging,include,1
challenging,learns,1
challenging,embedding,1
challenging,effective,1
challenging,photocatalytic,1
challenging,structural,1
challenging,success,1
challenging,variation,1
challenging,identifying,1
challenging,important,1
challenging,memory,1
challenging,unit,1
challenging,gated,1
challenging,patterns,1
challenging,field,1
challenging,constructing,1
challenging,comprehensive,1
challenging,great,1
challenging,light,1
challenging,functions,1
challenging,targets,1
challenging,multi-scale,1
challenging,utilization,1
challenging,structures,1
challenging,neighbors,1
challenging,part,1
challenging,progress,1
challenging,video,1
challenging,focuses,1
challenging,traditional,1
challenging,stability,1
challenging,sample,1
challenging,designed,1
challenging,pollutants,1
challenging,diffusion,1
challenging,motion,1
challenging,types,1
challenging,protein,1
challenging,point,1
challenging,reported,1
challenging,remarkable,1
energy,paper,1
energy,named,1
energy,method,1
energy,methods,1
energy,wide,1
energy,specifically,1
energy,structure,1
energy,input,1
energy,existing,1
energy,graph,1
energy,metal,1
energy,nitride,1
energy,present,1
energy,extract,1
energy,published,1
energy,increasing,1
energy,reduced,1
energy,gap,1
energy,obtained,1
energy,generated,1
energy,systems,1
energy,network,1
energy,networks,1
energy,noise,1
energy,proposes,1
energy,models,1
energy,result,1
energy,three-dimensional,1
energy,problem,1
energy,node,1
energy,performance,1
energy,limited,1
energy,fast,1
energy,recombination,1
energy,real-world,1
energy,thousands,1
energy,owing,1
energy,propose,1
energy,tasks,1
energy,utilized,1
energy,process,1
energy,time-consuming,1
energy,experimental,1
energy,heterojunction,1
energy,work,1
energy,graphitic,1
energy,gcn,1
energy,nodes,1
energy,established,1
energy,mixed,1
energy,excellent,1
energy,similar,1
energy,perform,1
energy,study,1
energy,strategy,1
energy,presents,1
energy,viable,1
energy,explore,1
energy,samples,1
energy,research,1
energy,graphs,1
energy,separation,1
energy,sets,1
energy,simultaneously,1
energy,holes,1
energy,resulting,1
energy,photocatalyst,1
energy,sciences,1
energy,videos,1
energy,features,1
energy,years,1
energy,language,1
energy,theory,1
energy,leading,1
energy,rely,1
energy,material,1
energy,gcns,1
energy,firstly,1
energy,understanding,1
energy,heterogeneous,1
energy,model,1
energy,sites,1
energy,points,1
energy,improve,1
energy,photoreduction,1
energy,lstm,1
energy,svm,1
energy,similarity,1
energy,fourier,1
energy,recently,1
energy,molecules,1
energy,molecule,1
energy,system,1
energy,water,1
energy,kinetics,1
energy,skeleton,1
energy,framework,1
energy,vehicle,1
energy,results,1
energy,learning,1
energy,ftir,1
energy,xps,1
energy,skeleton-based,1
energy,graph-based,1
energy,proposed,1
energy,meaningful,1
energy,revealed,1
energy,probability,1
energy,methodology,1
energy,spatial,1
energy,information,1
energy,evaluation,1
energy,role,1
energy,optimization,1
energy,relationships,1
energy,representation,1
energy,represent,1
energy,generative,1
energy,topic,1
energy,global,1
energy,local,1
energy,training,1
energy,error,1
energy,works,1
energy,generate,1
energy,showed,1
energy,optimal,1
energy,pooling,1
energy,key,1
energy,human,1
energy,technique,1
energy,prediction,1
energy,factors,1
energy,time,1
energy,learn,1
energy,neighbor,1
energy,evolution,1
energy,optical,1
energy,focus,1
energy,high,1
energy,module,1
energy,representations,1
energy,introduce,1
energy,neural,1
energy,user,1
energy,management,1
energy,predict,1
energy,feature,1
energy,set,1
energy,fully,1
energy,target,1
energy,studies,1
energy,recognition,1
energy,identify,1
energy,multiple,1
energy,ternary,1
energy,trend,1
energy,faces,1
energy,recent,1
energy,surface,1
energy,significant,1
energy,knowledge,1
energy,temporal,1
energy,identification,1
energy,predicting,1
energy,number,1
energy,validate,1
energy,gat,1
energy,spatial-temporal,1
energy,single,1
energy,interaction,1
energy,layers,1
energy,task,1
energy,step,1
energy,machine,1
energy,traffic,1
energy,real,1
energy,visual,1
energy,remote,1
energy,splitting,1
energy,parameters,1
energy,improved,1
energy,show,1
energy,large,1
energy,processing,1
energy,previous,1
energy,pairs,1
energy,photocatalytic,1
energy,structural,1
energy,success,1
energy,variation,1
energy,important,1
energy,reactions,1
energy,memory,1
energy,unit,1
energy,gated,1
energy,patterns,1
energy,field,1
energy,great,1
energy,light,1
energy,functions,1
energy,targets,1
energy,utilization,1
energy,structures,1
energy,part,1
energy,video,1
energy,focuses,1
energy,traditional,1
energy,stability,1
energy,sample,1
energy,pollutants,1
energy,tree,1
energy,motion,1
energy,types,1
energy,protein,1
energy,point,1
energy,reported,1
energy,remarkable,1
step,wide,1
step,structure,1
step,systems,1
step,three-dimensional,1
step,tasks,1
step,utilized,1
step,time-consuming,1
step,work,1
step,study,1
step,strategy,1
step,viable,1
step,videos,1
step,years,1
step,typically,1
step,understanding,1
step,technologies,1
step,svm,1
step,transformer,1
step,system,1
step,water,1
step,vehicle,1
step,xps,1
step,training,1
step,u-net,1
step,supervised,1
step,works,1
step,technique,1
step,time,1
step,user,1
step,target,1
step,studies,1
step,ternary,1
step,trend,1
step,surface,1
step,temporal,1
step,validate,1
step,task,1
step,traffic,1
step,synthetic,1
step,structural,1
step,success,1
step,variation,1
step,unit,1
step,targets,1
step,structures,1
step,video,1
step,traditional,1
step,types,1
machine,paper,1
machine,named,1
machine,method,1
machine,methods,1
machine,wide,1
machine,specifically,1
machine,structure,1
machine,metal,1
machine,present,1
machine,rarely,1
machine,published,1
machine,reduced,1
machine,roofs,1
machine,obtained,1
machine,systems,1
machine,network,1
machine,standards,1
machine,networks,1
machine,noise,1
machine,rna,1
machine,proposes,1
machine,models,1
machine,result,1
machine,three-dimensional,1
machine,problem,1
machine,node,1
machine,performance,1
machine,real-world,1
machine,owing,1
machine,propose,1
machine,tasks,1
machine,utilized,1
machine,process,1
machine,proteins,1
machine,time-consuming,1
machine,work,1
machine,nodes,1
machine,similar,1
machine,perform,1
machine,study,1
machine,strategy,1
machine,presents,1
machine,viable,1
machine,outperform,1
machine,sgc,1
machine,u-shaped,1
machine,samples,1
machine,research,1
machine,pressure,1
machine,requirement,1
machine,numerous,1
machine,separation,1
machine,sets,1
machine,simultaneously,1
machine,resulting,1
machine,transformers,1
machine,videos,1
machine,years,1
machine,theory,1
machine,rely,1
machine,material,1
machine,relation,1
machine,relations,1
machine,typically,1
machine,understanding,1
machine,model,1
machine,sites,1
machine,points,1
machine,technologies,1
machine,svm,1
machine,patients,1
machine,patient,1
machine,similarity,1
machine,rnas,1
machine,pca,1
machine,recently,1
machine,molecules,1
machine,molecule,1
machine,unsupervised,1
machine,words,1
machine,system,1
machine,water,1
machine,skeleton,1
machine,vehicle,1
machine,results,1
machine,skeleton-based,1
machine,proposed,1
machine,meaningful,1
machine,revealed,1
machine,probability,1
machine,methodology,1
machine,spatial,1
machine,pubmed,1
machine,sentiments,1
machine,role,1
machine,optimization,1
machine,relationships,1
machine,representation,1
machine,represent,1
machine,unifying,1
machine,topic,1
machine,training,1
machine,u-net,1
machine,supervised,1
machine,works,1
machine,showed,1
machine,optimal,1
machine,pooling,1
machine,technique,1
machine,prediction,1
machine,propagation,1
machine,time,1
machine,neighbor,1
machine,modalities,1
machine,module,1
machine,representations,1
machine,neural,1
machine,user,1
machine,management,1
machine,predict,1
machine,set,1
machine,tumor,1
machine,target,1
machine,studies,1
machine,recognition,1
machine,multiple,1
machine,sparsity,1
machine,recent,1
machine,static,1
machine,surface,1
machine,significant,1
machine,temporal,1
machine,predicting,1
machine,number,1
machine,validate,1
machine,single,1
machine,task,1
machine,step,1
machine,traffic,1
machine,synthetic,1
machine,real,1
machine,visual,1
machine,remote,1
machine,parameters,1
machine,show,1
machine,processing,1
machine,previous,1
machine,pairs,1
machine,structural,1
machine,success,1
machine,memory,1
machine,unit,1
machine,patterns,1
machine,targets,1
machine,utilization,1
machine,structures,1
machine,part,1
machine,progress,1
machine,video,1
machine,traditional,1
machine,stability,1
machine,sample,1
machine,tree,1
machine,motion,1
machine,types,1
machine,protein,1
machine,point,1
machine,reported,1
machine,remarkable,1
traffic,wide,1
traffic,utilized,1
traffic,work,1
traffic,u-shaped,1
traffic,videos,1
traffic,years,1
traffic,typically,1
traffic,understanding,1
traffic,unsupervised,1
traffic,transformer,1
traffic,vehicle,1
traffic,training,1
traffic,works,1
traffic,user,1
traffic,trend,1
traffic,validate,1
traffic,variation,1
traffic,unit,1
traffic,utilization,1
traffic,video,1
traffic,types,1
communication,paper,1
communication,named,1
communication,method,1
communication,methods,1
communication,inferred,1
communication,wide,1
communication,specifically,1
communication,structure,1
communication,input,1
communication,existing,1
communication,ignore,1
communication,graph,1
communication,considered,1
communication,present,1
communication,extract,1
communication,generally,1
communication,increasing,1
communication,reduced,1
communication,gap,1
communication,developed,1
communication,hyperlinks,1
communication,independently,1
communication,generated,1
communication,systems,1
communication,network,1
communication,networks,1
communication,proposes,1
communication,critical,1
communication,membranes,1
communication,models,1
communication,result,1
communication,efficient,1
communication,problem,1
communication,node,1
communication,performance,1
communication,limited,1
communication,real-world,1
communication,propose,1
communication,tasks,1
communication,utilized,1
communication,proteins,1
communication,experimental,1
communication,gcn,1
communication,nodes,1
communication,similar,1
communication,smoothing,1
communication,perform,1
communication,study,1
communication,strategy,1
communication,presents,1
communication,explore,1
communication,samples,1
communication,research,1
communication,graphs,1
communication,requirement,1
communication,separation,1
communication,sets,1
communication,videos,1
communication,features,1
communication,language,1
communication,leading,1
communication,decisions,1
communication,gcns,1
communication,relations,1
communication,firstly,1
communication,understanding,1
communication,convolutional,1
communication,heterogeneous,1
communication,model,1
communication,due,1
communication,efficiency,1
communication,improve,1
communication,lstm,1
communication,technologies,1
communication,softmax,1
communication,patients,1
communication,words,1
communication,system,1
communication,datasets,1
communication,data,1
communication,effectively,1
communication,skeleton,1
communication,framework,1
communication,vehicle,1
communication,layer,1
communication,results,1
communication,learning,1
communication,graph-based,1
communication,dependencies,1
communication,proposed,1
communication,conduct,1
communication,spatial,1
communication,information,1
communication,evaluation,1
communication,role,1
communication,optimization,1
communication,relationships,1
communication,laplacian,1
communication,global,1
communication,local,1
communication,deep,1
communication,training,1
communication,correlations,1
communication,error,1
communication,generate,1
communication,showed,1
communication,optimal,1
communication,dataset,1
communication,key,1
communication,human,1
communication,technique,1
communication,prediction,1
communication,propagation,1
communication,time,1
communication,learn,1
communication,focus,1
communication,high,1
communication,module,1
communication,representations,1
communication,introduce,1
communication,neural,1
communication,expression,1
communication,user,1
communication,management,1
communication,predict,1
communication,feature,1
communication,set,1
communication,fully,1
communication,complex,1
communication,tumor,1
communication,target,1
communication,studies,1
communication,recognition,1
communication,identify,1
communication,convolution,1
communication,multiple,1
communication,trend,1
communication,gene,1
communication,significant,1
communication,temporal,1
communication,number,1
communication,validate,1
communication,single,1
communication,interaction,1
communication,task,1
communication,energy,1
communication,step,1
communication,machine,1
communication,traffic,1
communication,synthetic,1
communication,real,1
communication,remote,1
communication,parameters,1
communication,improved,1
communication,show,1
communication,large,1
communication,processing,1
communication,previous,1
communication,employed,1
communication,embedding,1
communication,effective,1
communication,structural,1
communication,important,1
communication,memory,1
communication,unit,1
communication,gated,1
communication,patterns,1
communication,field,1
communication,comprehensive,1
communication,great,1
communication,multi-scale,1
communication,structures,1
communication,part,1
communication,focuses,1
communication,traditional,1
communication,stability,1
communication,designed,1
communication,motion,1
communication,types,1
communication,point,1
synthetic,tasks,1
synthetic,utilized,1
synthetic,work,1
synthetic,understanding,1
synthetic,unsupervised,1
synthetic,transformer,1
synthetic,system,1
synthetic,water,1
synthetic,vehicle,1
synthetic,unifying,1
synthetic,training,1
synthetic,works,1
synthetic,technique,1
synthetic,time,1
synthetic,target,1
synthetic,ternary,1
synthetic,validate,1
synthetic,task,1
synthetic,traffic,1
synthetic,traditional,1
synthetic,types,1
real,variously,1
real,wide,1
real,specifically,1
real,structure,1
real,reduced,1
real,systems,1
real,rna,1
real,result,1
real,three-dimensional,1
real,real-world,1
real,thousands,1
real,roads,1
real,tasks,1
real,utilized,1
real,time-consuming,1
real,work,1
real,similar,1
real,smoothing,1
real,study,1
real,strategy,1
real,string,1
real,samples,1
real,research,1
real,requirement,1
real,separation,1
real,sets,1
real,simultaneously,1
real,resulting,1
real,videos,1
real,years,1
real,theory,1
real,rely,1
real,relation,1
real,relations,1
real,typically,1
real,understanding,1
real,sites,1
real,technologies,1
real,similarity,1
real,recently,1
real,unsupervised,1
real,secure,1
real,words,1
real,transformer,1
real,system,1
real,water,1
real,skeleton,1
real,vehicle,1
real,results,1
real,subgraph,1
real,skeleton-based,1
real,revealed,1
real,spatial,1
real,sentiments,1
real,role,1
real,relationships,1
real,representation,1
real,represent,1
real,topic,1
real,updated,1
real,training,1
real,supervised,1
real,works,1
real,showed,1
real,technique,1
real,time,1
real,representations,1
real,user,1
real,set,1
real,target,1
real,studies,1
real,recognition,1
real,trend,1
real,sparsity,1
real,recent,1
real,static,1
real,surface,1
real,significant,1
real,temporal,1
real,validate,1
real,spatial-temporal,1
real,single,1
real,task,1
real,step,1
real,traffic,1
real,synthetic,1
real,visual,1
real,remote,1
real,rgb,1
real,show,1
real,structural,1
real,success,1
real,variation,1
real,unit,1
real,utilization,1
real,structures,1
real,video,1
real,traditional,1
real,stability,1
real,sample,1
real,tree,1
real,types,1
real,reported,1
real,remarkable,1
visual,wide,1
visual,work,1
visual,years,1
visual,words,1
visual,works,1
layouts,paper,1
layouts,method,1
layouts,methods,1
layouts,specifically,1
layouts,structure,1
layouts,present,1
layouts,published,1
layouts,network,1
layouts,networks,1
layouts,models,1
layouts,problem,1
layouts,performance,1
layouts,propose,1
layouts,work,1
layouts,nodes,1
layouts,perform,1
layouts,outperform,1
layouts,research,1
layouts,model,1
layouts,unsupervised,1
layouts,words,1
layouts,transformer,1
layouts,results,1
layouts,learning,1
layouts,proposed,1
layouts,methodology,1
layouts,optimization,1
layouts,relationships,1
layouts,topic,1
layouts,training,1
layouts,optimal,1
layouts,prediction,1
layouts,time,1
layouts,predict,1
layouts,set,1
layouts,studies,1
layouts,multiple,1
layouts,recent,1
layouts,significant,1
layouts,number,1
layouts,single,1
layouts,task,1
layouts,machine,1
layouts,visual,1
layouts,parameters,1
layouts,show,1
layouts,previous,1
layouts,structural,1
layouts,traditional,1
layouts,stability,1
cells,drug-drug,1
cells,paper,1
cells,named,1
cells,method,1
cells,methods,1
cells,inferred,1
cells,specifically,1
cells,dual,1
cells,interacts,1
cells,structure,1
cells,existing,1
cells,graph,1
cells,connecting,1
cells,nitride,1
cells,present,1
cells,rarely,1
cells,extract,1
cells,published,1
cells,generally,1
cells,common,1
cells,increasing,1
cells,reduced,1
cells,gap,1
cells,developed,1
cells,independently,1
cells,obtained,1
cells,generated,1
cells,network,1
cells,networks,1
cells,noise,1
cells,rna,1
cells,tcga,1
cells,proposes,1
cells,critical,1
cells,membranes,1
cells,models,1
cells,result,1
cells,pharmacological,1
cells,efficient,1
cells,classification,1
cells,problem,1
cells,performance,1
cells,limited,1
cells,recombination,1
cells,owing,1
cells,propose,1
cells,tasks,1
cells,utilized,1
cells,determination,1
cells,process,1
cells,proteins,1
cells,time-consuming,1
cells,experimental,1
cells,elsevier,1
cells,chemical,1
cells,work,1
cells,graphitic,1
cells,gcn,1
cells,nodes,1
cells,established,1
cells,mixed,1
cells,excellent,1
cells,similar,1
cells,perform,1
cells,study,1
cells,strategy,1
cells,cutting-thin,1
cells,explore,1
cells,samples,1
cells,research,1
cells,graphs,1
cells,requirement,1
cells,numerous,1
cells,sets,1
cells,simultaneously,1
cells,markers,1
cells,resulting,1
cells,photocatalyst,1
cells,trypanosoma,1
cells,plant,1
cells,features,1
cells,years,1
cells,language,1
cells,material,1
cells,gcns,1
cells,relation,1
cells,firstly,1
cells,understanding,1
cells,convolutional,1
cells,heterogeneous,1
cells,model,1
cells,cnn,1
cells,due,1
cells,points,1
cells,efficiency,1
cells,improve,1
cells,lstm,1
cells,technologies,1
cells,knn,1
cells,softmax,1
cells,patients,1
cells,patient,1
cells,similarity,1
cells,decades,1
cells,copy,1
cells,recently,1
cells,molecule,1
cells,edges,1
cells,unsupervised,1
cells,system,1
cells,water,1
cells,datasets,1
cells,data,1
cells,effectively,1
cells,skeleton,1
cells,framework,1
cells,end,1
cells,layer,1
cells,results,1
cells,learning,1
cells,xps,1
cells,graph-based,1
cells,proposed,1
cells,revealed,1
cells,spatial,1
cells,electron,1
cells,information,1
cells,evaluation,1
cells,role,1
cells,optimization,1
cells,representation,1
cells,represent,1
cells,embeddings,1
cells,global,1
cells,local,1
cells,deep,1
cells,training,1
cells,correlations,1
cells,u-net,1
cells,error,1
cells,generate,1
cells,showed,1
cells,optimal,1
cells,dataset,1
cells,key,1
cells,human,1
cells,technique,1
cells,prediction,1
cells,factors,1
cells,time,1
cells,learn,1
cells,neighbor,1
cells,evolution,1
cells,optical,1
cells,focus,1
cells,desirable,1
cells,high,1
cells,module,1
cells,representations,1
cells,introduce,1
cells,neural,1
cells,expression,1
cells,management,1
cells,predict,1
cells,feature,1
cells,fully,1
cells,complex,1
cells,tumor,1
cells,target,1
cells,studies,1
cells,dense,1
cells,recognition,1
cells,identify,1
cells,convolution,1
cells,challenges,1
cells,multiple,1
cells,ternary,1
cells,trend,1
cells,sparsity,1
cells,recent,1
cells,gene,1
cells,surface,1
cells,significant,1
cells,immune,1
cells,knowledge,1
cells,temporal,1
cells,identification,1
cells,predicting,1
cells,number,1
cells,validate,1
cells,gat,1
cells,single,1
cells,interaction,1
cells,layers,1
cells,task,1
cells,challenging,1
cells,step,1
cells,machine,1
cells,communication,1
cells,real,1
cells,remote,1
cells,parameters,1
cells,improved,1
cells,show,1
cells,large,1
cells,processing,1
cells,conditions,1
cells,previous,1
cells,employed,1
cells,include,1
cells,learns,1
cells,embedding,1
cells,effective,1
cells,photocatalytic,1
cells,structural,1
cells,success,1
cells,identifying,1
cells,important,1
cells,memory,1
cells,patterns,1
cells,comprehensive,1
cells,great,1
cells,light,1
cells,functions,1
cells,targets,1
cells,utilization,1
cells,structures,1
cells,part,1
cells,progress,1
cells,traditional,1
cells,stability,1
cells,sample,1
cells,designed,1
cells,tree,1
cells,types,1
cells,protein,1
cells,reported,1
cells,center,1
remote,wide,1
remote,specifically,1
remote,structure,1
remote,systems,1
remote,result,1
remote,three-dimensional,1
remote,tasks,1
remote,utilized,1
remote,time-consuming,1
remote,work,1
remote,study,1
remote,strategy,1
remote,samples,1
remote,research,1
remote,sets,1
remote,simultaneously,1
remote,resulting,1
remote,videos,1
remote,years,1
remote,theory,1
remote,typically,1
remote,understanding,1
remote,technologies,1
remote,similarity,1
remote,words,1
remote,transformer,1
remote,system,1
remote,skeleton,1
remote,results,1
remote,skeleton-based,1
remote,spatial,1
remote,role,1
remote,representation,1
remote,represent,1
remote,topic,1
remote,updated,1
remote,training,1
remote,u-net,1
remote,supervised,1
remote,works,1
remote,showed,1
remote,time,1
remote,representations,1
remote,set,1
remote,tumor,1
remote,target,1
remote,trend,1
remote,static,1
remote,significant,1
remote,temporal,1
remote,single,1
remote,task,1
remote,traffic,1
remote,synthetic,1
remote,visual,1
remote,rgb,1
remote,show,1
remote,success,1
remote,variation,1
remote,unit,1
remote,targets,1
remote,traditional,1
remote,sample,1
remote,tree,1
remote,types,1
analysis,drug-drug,1
analysis,paper,1
analysis,named,1
analysis,method,1
analysis,methods,1
analysis,wide,1
analysis,specifically,1
analysis,demonstrates,1
analysis,dual,1
analysis,anchored,1
analysis,interacts,1
analysis,structure,1
analysis,input,1
analysis,existing,1
analysis,approaches,1
analysis,ignore,1
analysis,benefit,1
analysis,graph,1
analysis,connecting,1
analysis,considered,1
analysis,attributes,1
analysis,metal,1
analysis,nitride,1
analysis,present,1
analysis,literature,1
analysis,rarely,1
analysis,extract,1
analysis,published,1
analysis,generally,1
analysis,common,1
analysis,increasing,1
analysis,reduced,1
analysis,gap,1
analysis,developed,1
analysis,cancers,1
analysis,independently,1
analysis,differently,1
analysis,explicitly,1
analysis,attention,1
analysis,obtained,1
analysis,generated,1
analysis,systems,1
analysis,network,1
analysis,standards,1
analysis,networks,1
analysis,noise,1
analysis,extracting,1
analysis,rna,1
analysis,tcga,1
analysis,proposes,1
analysis,assist,1
analysis,critical,1
analysis,assessment,1
analysis,membranes,1
analysis,applications,1
analysis,models,1
analysis,result,1
analysis,beneficial,1
analysis,pharmacological,1
analysis,efficient,1
analysis,three-dimensional,1
analysis,classification,1
analysis,problem,1
analysis,node,1
analysis,performance,1
analysis,limited,1
analysis,fast,1
analysis,recombination,1
analysis,real-world,1
analysis,thousands,1
analysis,hours,1
analysis,owing,1
analysis,propose,1
analysis,tasks,1
analysis,utilized,1
analysis,determination,1
analysis,process,1
analysis,proteins,1
analysis,encoded,1
analysis,time-consuming,1
analysis,experimental,1
analysis,elsevier,1
analysis,attack,1
analysis,heterojunction,1
analysis,chemical,1
analysis,liquid,1
analysis,work,1
analysis,graphitic,1
analysis,gcn,1
analysis,granger,1
analysis,nodes,1
analysis,established,1
analysis,mixed,1
analysis,excellent,1
analysis,capability,1
analysis,similar,1
analysis,smoothing,1
analysis,perform,1
analysis,study,1
analysis,strategy,1
analysis,presents,1
analysis,viable,1
analysis,outperform,1
analysis,descriptor,1
analysis,explore,1
analysis,samples,1
analysis,couplings,1
analysis,research,1
analysis,pressure,1
analysis,f-score,1
analysis,auc,1
analysis,graphs,1
analysis,requirement,1
analysis,numerous,1
analysis,separation,1
analysis,sets,1
analysis,simultaneously,1
analysis,markers,1
analysis,n-acetyltransferase,1
analysis,area,1
analysis,holes,1
analysis,resulting,1
analysis,photocatalyst,1
analysis,investigations,1
analysis,plant,1
analysis,harmful,1
analysis,videos,1
analysis,features,1
analysis,years,1
analysis,language,1
analysis,theory,1
analysis,leading,1
analysis,rely,1
analysis,decisions,1
analysis,heavily,1
analysis,gps,1
analysis,material,1
analysis,gcns,1
analysis,relation,1
analysis,relations,1
analysis,typically,1
analysis,firstly,1
analysis,understanding,1
analysis,imdb,1
analysis,kitti,1
analysis,convolutional,1
analysis,heterogeneous,1
analysis,model,1
analysis,cnn,1
analysis,due,1
analysis,sites,1
analysis,cloud,1
analysis,points,1
analysis,efficiency,1
analysis,improve,1
analysis,photoreduction,1
analysis,lstm,1
analysis,bidirectional,1
analysis,catalysts,1
analysis,technologies,1
analysis,capacity,1
analysis,svm,1
analysis,knn,1
analysis,softmax,1
analysis,escherichia,1
analysis,euclidean,1
analysis,patients,1
analysis,patient,1
analysis,similarity,1
analysis,annotations,1
analysis,rnas,1
analysis,fourier,1
analysis,initiative,1
analysis,pca,1
analysis,decades,1
analysis,copy,1
analysis,recently,1
analysis,molecules,1
analysis,molecule,1
analysis,ntu,1
analysis,edges,1
analysis,unsupervised,1
analysis,matthews,1
analysis,nlp,1
analysis,words,1
analysis,transformer,1
analysis,system,1
analysis,water,1
analysis,datasets,1
analysis,data,1
analysis,effectively,1
analysis,surge,1
analysis,data-driven,1
analysis,kinetics,1
analysis,dft,1
analysis,skeleton,1
analysis,framework,1
analysis,vehicle,1
analysis,guided,1
analysis,end,1
analysis,layer,1
analysis,results,1
analysis,learning,1
analysis,subgraph,1
analysis,ftir,1
analysis,xps,1
analysis,pose,1
analysis,skeleton-based,1
analysis,graph-based,1
analysis,informative,1
analysis,dependencies,1
analysis,proposed,1
analysis,based,1
analysis,conduct,1
analysis,meaningful,1
analysis,revealed,1
analysis,probability,1
analysis,methodology,1
analysis,spatial,1
analysis,pubmed,1
analysis,sentiments,1
analysis,electron,1
analysis,information,1
analysis,evaluation,1
analysis,role,1
analysis,cgcnimp,1
analysis,auroc,1
analysis,optimization,1
analysis,relationships,1
analysis,representation,1
analysis,represent,1
analysis,generative,1
analysis,embeddings,1
analysis,laplacian,1
analysis,topic,1
analysis,updated,1
analysis,global,1
analysis,local,1
analysis,deep,1
analysis,training,1
analysis,correlations,1
analysis,supervised,1
analysis,error,1
analysis,works,1
analysis,generate,1
analysis,capture,1
analysis,showed,1
analysis,psf,1
analysis,optimal,1
analysis,pooling,1
analysis,dataset,1
analysis,key,1
analysis,human,1
analysis,technique,1
analysis,prediction,1
analysis,factors,1
analysis,propagation,1
analysis,time,1
analysis,learn,1
analysis,neighbor,1
analysis,evolution,1
analysis,optical,1
analysis,approach,1
analysis,focus,1
analysis,desirable,1
analysis,modalities,1
analysis,high,1
analysis,module,1
analysis,representations,1
analysis,introduce,1
analysis,neural,1
analysis,expression,1
analysis,user,1
analysis,management,1
analysis,predict,1
analysis,feature,1
analysis,set,1
analysis,fully,1
analysis,complex,1
analysis,tumor,1
analysis,target,1
analysis,studies,1
analysis,dense,1
analysis,recognition,1
analysis,identify,1
analysis,convolution,1
analysis,challenges,1
analysis,multiple,1
analysis,ternary,1
analysis,trend,1
analysis,sparsity,1
analysis,faces,1
analysis,recent,1
analysis,static,1
analysis,gene,1
analysis,surface,1
analysis,significant,1
analysis,immune,1
analysis,knowledge,1
analysis,temporal,1
analysis,identification,1
analysis,predicting,1
analysis,number,1
analysis,validate,1
analysis,gat,1
analysis,spatial-temporal,1
analysis,single,1
analysis,interaction,1
analysis,layers,1
analysis,task,1
analysis,challenging,1
analysis,energy,1
analysis,step,1
analysis,machine,1
analysis,traffic,1
analysis,communication,1
analysis,synthetic,1
analysis,real,1
analysis,visual,1
analysis,layouts,1
analysis,cells,1
analysis,remote,1
analysis,parameters,1
analysis,rgb,1
analysis,improved,1
analysis,show,1
analysis,large,1
analysis,processing,1
analysis,conditions,1
analysis,previous,1
analysis,pairs,1
analysis,employed,1
analysis,include,1
analysis,captures,1
analysis,learns,1
analysis,embedding,1
analysis,effective,1
analysis,photocatalytic,1
analysis,structural,1
analysis,success,1
analysis,cases,1
analysis,variation,1
analysis,identifying,1
analysis,important,1
analysis,reactions,1
analysis,memory,1
analysis,unit,1
analysis,gated,1
analysis,patterns,1
analysis,field,1
analysis,correction,1
analysis,constructing,1
analysis,comprehensive,1
analysis,great,1
analysis,light,1
analysis,functions,1
analysis,targets,1
analysis,architecture,1
analysis,multi-scale,1
analysis,annotation,1
analysis,utilization,1
analysis,structures,1
analysis,neighbors,1
analysis,part,1
analysis,progress,1
analysis,video,1
analysis,focuses,1
analysis,capturing,1
analysis,traditional,1
analysis,stability,1
analysis,sample,1
analysis,designed,1
analysis,pollutants,1
analysis,behaviors,1
analysis,diffusion,1
analysis,tree,1
analysis,motion,1
analysis,types,1
analysis,protein,1
analysis,point,1
analysis,reported,1
analysis,remarkable,1
analysis,background,1
analysis,center,1
analysis,bind,1
analysis,band,1
splitting,structure,1
splitting,systems,1
splitting,tubes,1
splitting,work,1
splitting,study,1
splitting,strategy,1
splitting,viable,1
splitting,transformer,1
splitting,water,1
splitting,target,1
splitting,surface,1
splitting,temporal,1
splitting,step,1
splitting,stability,1
parameters,wide,1
parameters,specifically,1
parameters,structure,1
parameters,present,1
parameters,rarely,1
parameters,published,1
parameters,reduced,1
parameters,systems,1
parameters,tcga,1
parameters,proposes,1
parameters,result,1
parameters,pharmacological,1
parameters,three-dimensional,1
parameters,problem,1
parameters,performance,1
parameters,recombination,1
parameters,real-world,1
parameters,propose,1
parameters,tasks,1
parameters,utilized,1
parameters,process,1
parameters,proteins,1
parameters,time-consuming,1
parameters,work,1
parameters,similar,1
parameters,smoothing,1
parameters,perform,1
parameters,study,1
parameters,strategy,1
parameters,presents,1
parameters,sgc,1
parameters,samples,1
parameters,research,1
parameters,pressure,1
parameters,requirement,1
parameters,separation,1
parameters,sets,1
parameters,simultaneously,1
parameters,resulting,1
parameters,photocatalyst,1
parameters,videos,1
parameters,years,1
parameters,theory,1
parameters,rely,1
parameters,relation,1
parameters,relations,1
parameters,typically,1
parameters,understanding,1
parameters,sites,1
parameters,points,1
parameters,smiles,1
parameters,technologies,1
parameters,svm,1
parameters,softmax,1
parameters,patients,1
parameters,patient,1
parameters,similarity,1
parameters,recently,1
parameters,unsupervised,1
parameters,words,1
parameters,transformer,1
parameters,system,1
parameters,water,1
parameters,skeleton,1
parameters,vehicle,1
parameters,results,1
parameters,xps,1
parameters,pose,1
parameters,skeleton-based,1
parameters,proposed,1
parameters,revealed,1
parameters,probability,1
parameters,spatial,1
parameters,role,1
parameters,relationships,1
parameters,representation,1
parameters,represent,1
parameters,topic,1
parameters,updated,1
parameters,training,1
parameters,supervised,1
parameters,works,1
parameters,showed,1
parameters,technique,1
parameters,prediction,1
parameters,propagation,1
parameters,time,1
parameters,representations,1
parameters,user,1
parameters,predict,1
parameters,set,1
parameters,target,1
parameters,studies,1
parameters,recognition,1
parameters,ternary,1
parameters,trend,1
parameters,recent,1
parameters,static,1
parameters,surface,1
parameters,significant,1
parameters,temporal,1
parameters,predicting,1
parameters,validate,1
parameters,spatial-temporal,1
parameters,single,1
parameters,task,1
parameters,step,1
parameters,traffic,1
parameters,synthetic,1
parameters,real,1
parameters,visual,1
parameters,remote,1
parameters,rgb,1
parameters,show,1
parameters,processing,1
parameters,previous,1
parameters,photocatalytic,1
parameters,structural,1
parameters,success,1
parameters,variation,1
parameters,reactions,1
parameters,unit,1
parameters,patterns,1
parameters,targets,1
parameters,utilization,1
parameters,structures,1
parameters,part,1
parameters,video,1
parameters,traditional,1
parameters,stability,1
parameters,sample,1
parameters,pollutants,1
parameters,types,1
parameters,protein,1
parameters,point,1
parameters,reported,1
parameters,remarkable,1
rgb,wide,1
rgb,specifically,1
rgb,structure,1
rgb,systems,1
rgb,tasks,1
rgb,utilized,1
rgb,work,1
rgb,similar,1
rgb,study,1
rgb,strategy,1
rgb,samples,1
rgb,sets,1
rgb,simultaneously,1
rgb,videos,1
rgb,years,1
rgb,understanding,1
rgb,softmax,1
rgb,similarity,1
rgb,transformer,1
rgb,system,1
rgb,skeleton,1
rgb,vehicle,1
rgb,skeleton-based,1
rgb,skeletongait,1
rgb,spatial,1
rgb,role,1
rgb,training,1
rgb,supervised,1
rgb,works,1
rgb,showed,1
rgb,time,1
rgb,set,1
rgb,target,1
rgb,studies,1
rgb,trend,1
rgb,significant,1
rgb,temporal,1
rgb,validate,1
rgb,spatial-temporal,1
rgb,single,1
rgb,task,1
rgb,traffic,1
rgb,visual,1
rgb,show,1
rgb,structural,1
rgb,variation,1
rgb,unit,1
rgb,utilization,1
rgb,structures,1
rgb,video,1
rgb,traditional,1
rgb,types,1
improved,paper,1
improved,named,1
improved,method,1
improved,methods,1
improved,inferred,1
improved,wide,1
improved,specifically,1
improved,structure,1
improved,input,1
improved,metal,1
improved,nitride,1
improved,present,1
improved,literature,1
improved,rarely,1
improved,published,1
improved,increasing,1
improved,reduced,1
improved,obtained,1
improved,systems,1
improved,network,1
improved,networks,1
improved,noise,1
improved,proposes,1
improved,membranes,1
improved,models,1
improved,result,1
improved,three-dimensional,1
improved,problem,1
improved,node,1
improved,performance,1
improved,limited,1
improved,recombination,1
improved,real-world,1
improved,thousands,1
improved,owing,1
improved,propose,1
improved,tasks,1
improved,utilized,1
improved,process,1
improved,proteins,1
improved,work,1
improved,nodes,1
improved,mixed,1
improved,similar,1
improved,perform,1
improved,study,1
improved,strategy,1
improved,presents,1
improved,outperform,1
improved,sgc,1
improved,samples,1
improved,research,1
improved,requirement,1
improved,numerous,1
improved,separation,1
improved,sets,1
improved,simultaneously,1
improved,markers,1
improved,resulting,1
improved,photocatalyst,1
improved,investigations,1
improved,transformers,1
improved,videos,1
improved,years,1
improved,language,1
improved,theory,1
improved,leading,1
improved,rely,1
improved,material,1
improved,relation,1
improved,relations,1
improved,typically,1
improved,understanding,1
improved,mscoco,1
improved,model,1
improved,sites,1
improved,points,1
improved,lstm,1
improved,smiles,1
improved,technologies,1
improved,patients,1
improved,patient,1
improved,similarity,1
improved,recently,1
improved,molecules,1
improved,molecule,1
improved,ntu,1
improved,unsupervised,1
improved,matthews,1
improved,nlp,1
improved,words,1
improved,transformer,1
improved,system,1
improved,water,1
improved,surge,1
improved,kinetics,1
improved,skeleton,1
improved,vehicle,1
improved,layer,1
improved,results,1
improved,learning,1
improved,xps,1
improved,pose,1
improved,skeleton-based,1
improved,informative,1
improved,proposed,1
improved,meaningful,1
improved,revealed,1
improved,probability,1
improved,methodology,1
improved,spatial,1
improved,pubmed,1
improved,sentiments,1
improved,information,1
improved,role,1
improved,mcc,1
improved,optimization,1
improved,relationships,1
improved,representation,1
improved,represent,1
improved,laplacian,1
improved,topic,1
improved,updated,1
improved,local,1
improved,training,1
improved,u-net,1
improved,supervised,1
improved,works,1
improved,showed,1
improved,optimal,1
improved,pooling,1
improved,key,1
improved,technique,1
improved,prediction,1
improved,propagation,1
improved,time,1
improved,learn,1
improved,neighbor,1
improved,optical,1
improved,module,1
improved,representations,1
improved,introduce,1
improved,neural,1
improved,user,1
improved,management,1
improved,predict,1
improved,set,1
improved,target,1
improved,studies,1
improved,recognition,1
improved,multiple,1
improved,ternary,1
improved,trend,1
improved,sparsity,1
improved,recent,1
improved,surface,1
improved,significant,1
improved,knowledge,1
improved,temporal,1
improved,predicting,1
improved,number,1
improved,validate,1
improved,spatial-temporal,1
improved,single,1
improved,interaction,1
improved,layers,1
improved,task,1
improved,step,1
improved,machine,1
improved,traffic,1
improved,synthetic,1
improved,real,1
improved,visual,1
improved,layouts,1
improved,remote,1
improved,parameters,1
improved,rgb,1
improved,show,1
improved,large,1
improved,processing,1
improved,previous,1
improved,pairs,1
improved,include,1
improved,learns,1
improved,photocatalytic,1
improved,structural,1
improved,success,1
improved,variation,1
improved,reactions,1
improved,memory,1
improved,unit,1
improved,patterns,1
improved,light,1
improved,targets,1
improved,multi-scale,1
improved,utilization,1
improved,structures,1
improved,neighbors,1
improved,part,1
improved,progress,1
improved,video,1
improved,traditional,1
improved,stability,1
improved,sample,1
improved,pollutants,1
improved,tree,1
improved,motion,1
improved,types,1
improved,protein,1
improved,point,1
improved,reported,1
improved,remarkable,1
show,wide,1
show,specifically,1
show,structure,1
show,systems,1
show,tcga,1
show,three-dimensional,1
show,thousands,1
show,tasks,1
show,utilized,1
show,time-consuming,1
show,work,1
show,similar,1
show,smoothing,1
show,study,1
show,strategy,1
show,trna,1
show,u-shaped,1
show,simultaneously,1
show,trypanosoma,1
show,transformers,1
show,videos,1
show,years,1
show,theory,1
show,typically,1
show,understanding,1
show,sites,1
show,smiles,1
show,technologies,1
show,svm,1
show,softmax,1
show,similarity,1
show,unsupervised,1
show,words,1
show,transformer,1
show,system,1
show,water,1
show,wiki,1
show,surge,1
show,skeleton,1
show,vehicle,1
show,subgraph,1
show,xps,1
show,skeleton-based,1
show,skeletongait,1
show,spatial,1
show,unconventional,1
show,unifying,1
show,topic,1
show,updated,1
show,training,1
show,u-net,1
show,supervised,1
show,works,1
show,showed,1
show,technique,1
show,time,1
show,user,1
show,tumor,1
show,target,1
show,studies,1
show,trend,1
show,sparsity,1
show,static,1
show,surface,1
show,significant,1
show,temporal,1
show,validate,1
show,spatial-temporal,1
show,single,1
show,task,1
show,step,1
show,traffic,1
show,synthetic,1
show,visual,1
show,splitting,1
show,structural,1
show,success,1
show,variation,1
show,unit,1
show,targets,1
show,utilization,1
show,structures,1
show,video,1
show,traditional,1
show,stability,1
show,tree,1
show,types,1
large,paper,1
large,named,1
large,method,1
large,methods,1
large,wide,1
large,specifically,1
large,structure,1
large,low-pass,1
large,metal,1
large,nitride,1
large,present,1
large,literature,1
large,rarely,1
large,pharmacology,1
large,published,1
large,reduced,1
large,obtained,1
large,systems,1
large,network,1
large,networks,1
large,noise,1
large,rna,1
large,tcga,1
large,proposes,1
large,models,1
large,result,1
large,pharmacological,1
large,problem,1
large,node,1
large,performance,1
large,limited,1
large,recombination,1
large,real-world,1
large,thousands,1
large,owing,1
large,propose,1
large,tasks,1
large,utilized,1
large,process,1
large,proteins,1
large,time-consuming,1
large,work,1
large,nodes,1
large,mixed,1
large,similar,1
large,smoothing,1
large,perform,1
large,study,1
large,strategy,1
large,presents,1
large,viable,1
large,outperform,1
large,string,1
large,samples,1
large,research,1
large,requirement,1
large,numerous,1
large,separation,1
large,sets,1
large,simultaneously,1
large,resulting,1
large,photocatalyst,1
large,plant,1
large,transformers,1
large,years,1
large,theory,1
large,leading,1
large,rely,1
large,material,1
large,relation,1
large,relations,1
large,typically,1
large,understanding,1
large,model,1
large,sites,1
large,points,1
large,photoreduction,1
large,lstm,1
large,technologies,1
large,svm,1
large,softmax,1
large,patients,1
large,patient,1
large,similarity,1
large,rnas,1
large,pca,1
large,recently,1
large,molecules,1
large,molecule,1
large,ntu,1
large,unsupervised,1
large,nlp,1
large,words,1
large,transformer,1
large,system,1
large,water,1
large,skeleton,1
large,vehicle,1
large,layer,1
large,results,1
large,learning,1
large,xps,1
large,pose,1
large,skeleton-based,1
large,proposed,1
large,meaningful,1
large,probability,1
large,methodology,1
large,spatial,1
large,pubmed,1
large,role,1
large,optimization,1
large,relationships,1
large,representation,1
large,represent,1
large,unifying,1
large,topic,1
large,updated,1
large,local,1
large,training,1
large,u-net,1
large,supervised,1
large,works,1
large,showed,1
large,optimal,1
large,pooling,1
large,technique,1
large,prediction,1
large,propagation,1
large,time,1
large,learn,1
large,neighbor,1
large,modalities,1
large,module,1
large,representations,1
large,neural,1
large,user,1
large,predict,1
large,set,1
large,tumor,1
large,target,1
large,studies,1
large,recognition,1
large,multiple,1
large,ternary,1
large,sparsity,1
large,recent,1
large,static,1
large,surface,1
large,significant,1
large,temporal,1
large,predicting,1
large,number,1
large,validate,1
large,spatial-temporal,1
large,single,1
large,layers,1
large,task,1
large,step,1
large,machine,1
large,traffic,1
large,synthetic,1
large,real,1
large,visual,1
large,remote,1
large,parameters,1
large,rgb,1
large,show,1
large,processing,1
large,previous,1
large,pairs,1
large,learns,1
large,photocatalytic,1
large,structural,1
large,success,1
large,variation,1
large,reactions,1
large,memory,1
large,unit,1
large,patterns,1
large,light,1
large,targets,1
large,multi-scale,1
large,utilization,1
large,structures,1
large,neighbors,1
large,part,1
large,progress,1
large,video,1
large,traditional,1
large,stability,1
large,sample,1
large,pollutants,1
large,motion,1
large,types,1
large,protein,1
large,point,1
large,reported,1
large,remarkable,1
processing,wide,1
processing,specifically,1
processing,structure,1
processing,published,1
processing,reduced,1
processing,systems,1
processing,standards,1
processing,rna,1
processing,proposes,1
processing,result,1
processing,three-dimensional,1
processing,real-world,1
processing,propose,1
processing,tasks,1
processing,utilized,1
processing,proteins,1
processing,work,1
processing,similar,1
processing,study,1
processing,strategy,1
processing,u-shaped,1
processing,samples,1
processing,research,1
processing,requirement,1
processing,separation,1
processing,sets,1
processing,simultaneously,1
processing,resulting,1
processing,trypanosoma,1
processing,transformers,1
processing,videos,1
processing,years,1
processing,theory,1
processing,rely,1
processing,relation,1
processing,relations,1
processing,typically,1
processing,understanding,1
processing,sites,1
processing,smiles,1
processing,technologies,1
processing,svm,1
processing,softmax,1
processing,similarity,1
processing,recently,1
processing,unsupervised,1
processing,words,1
processing,transformer,1
processing,system,1
processing,water,1
processing,skeleton,1
processing,vehicle,1
processing,results,1
processing,skeleton-based,1
processing,proposed,1
processing,revealed,1
processing,spatial,1
processing,pubmed,1
processing,sentiments,1
processing,role,1
processing,unconventional,1
processing,relationships,1
processing,representation,1
processing,represent,1
processing,topic,1
processing,updated,1
processing,training,1
processing,u-net,1
processing,supervised,1
processing,works,1
processing,showed,1
processing,technique,1
processing,time,1
processing,representations,1
processing,user,1
processing,set,1
processing,tumor,1
processing,target,1
processing,studies,1
processing,recognition,1
processing,trend,1
processing,sparsity,1
processing,recent,1
processing,static,1
processing,significant,1
processing,temporal,1
processing,validate,1
processing,spatial-temporal,1
processing,single,1
processing,task,1
processing,step,1
processing,traffic,1
processing,synthetic,1
processing,real,1
processing,visual,1
processing,remote,1
processing,splitting,1
processing,rgb,1
processing,show,1
processing,structural,1
processing,success,1
processing,variation,1
processing,unit,1
processing,targets,1
processing,utilization,1
processing,structures,1
processing,video,1
processing,traditional,1
processing,stability,1
processing,sample,1
processing,tree,1
processing,types,1
processing,protein,1
processing,reported,1
processing,remarkable,1
conditions,drug-drug,1
conditions,paper,1
conditions,named,1
conditions,method,1
conditions,methods,1
conditions,wide,1
conditions,specifically,1
conditions,demonstrates,1
conditions,dual,1
conditions,structure,1
conditions,input,1
conditions,existing,1
conditions,ignore,1
conditions,graph,1
conditions,connecting,1
conditions,considered,1
conditions,metal,1
conditions,nitride,1
conditions,present,1
conditions,literature,1
conditions,rarely,1
conditions,extract,1
conditions,published,1
conditions,curated,1
conditions,generally,1
conditions,increasing,1
conditions,reduced,1
conditions,gap,1
conditions,developed,1
conditions,independently,1
conditions,obtained,1
conditions,generated,1
conditions,systems,1
conditions,network,1
conditions,networks,1
conditions,noise,1
conditions,extracting,1
conditions,rna,1
conditions,proposes,1
conditions,critical,1
conditions,membranes,1
conditions,models,1
conditions,result,1
conditions,pharmacological,1
conditions,efficient,1
conditions,problem,1
conditions,node,1
conditions,performance,1
conditions,limited,1
conditions,fast,1
conditions,recombination,1
conditions,real-world,1
conditions,thousands,1
conditions,hours,1
conditions,propose,1
conditions,roads,1
conditions,tasks,1
conditions,utilized,1
conditions,determination,1
conditions,process,1
conditions,proteins,1
conditions,encoded,1
conditions,time-consuming,1
conditions,experimental,1
conditions,elsevier,1
conditions,heterojunction,1
conditions,work,1
conditions,graphitic,1
conditions,gcn,1
conditions,nodes,1
conditions,established,1
conditions,mixed,1
conditions,excellent,1
conditions,similar,1
conditions,perform,1
conditions,study,1
conditions,strategy,1
conditions,trna,1
conditions,outperform,1
conditions,string,1
conditions,descriptor,1
conditions,explore,1
conditions,samples,1
conditions,couplings,1
conditions,research,1
conditions,graphs,1
conditions,numerous,1
conditions,separation,1
conditions,sets,1
conditions,simultaneously,1
conditions,markers,1
conditions,n-acetyltransferase,1
conditions,resulting,1
conditions,photocatalyst,1
conditions,investigations,1
conditions,trypanosoma,1
conditions,plant,1
conditions,transformers,1
conditions,videos,1
conditions,features,1
conditions,years,1
conditions,language,1
conditions,leading,1
conditions,decisions,1
conditions,gps,1
conditions,obu,1
conditions,material,1
conditions,gcns,1
conditions,relation,1
conditions,relations,1
conditions,typically,1
conditions,firstly,1
conditions,convolutional,1
conditions,heterogeneous,1
conditions,model,1
conditions,due,1
conditions,sites,1
conditions,efficiency,1
conditions,improve,1
conditions,lstm,1
conditions,technologies,1
conditions,escherichia,1
conditions,euclidean,1
conditions,patients,1
conditions,patient,1
conditions,similarity,1
conditions,fourier,1
conditions,decades,1
conditions,copy,1
conditions,recently,1
conditions,molecules,1
conditions,molecule,1
conditions,edges,1
conditions,unsupervised,1
conditions,nlp,1
conditions,words,1
conditions,transformer,1
conditions,system,1
conditions,water,1
conditions,datasets,1
conditions,data,1
conditions,effectively,1
conditions,kinetics,1
conditions,skeleton,1
conditions,framework,1
conditions,vehicle,1
conditions,layer,1
conditions,results,1
conditions,learning,1
conditions,ftir,1
conditions,xps,1
conditions,pose,1
conditions,skeletongait,1
conditions,graph-based,1
conditions,informative,1
conditions,dependencies,1
conditions,proposed,1
conditions,conduct,1
conditions,meaningful,1
conditions,revealed,1
conditions,gcaru,1
conditions,probability,1
conditions,methodology,1
conditions,spatial,1
conditions,electron,1
conditions,information,1
conditions,evaluation,1
conditions,role,1
conditions,optimization,1
conditions,relationships,1
conditions,representation,1
conditions,represent,1
conditions,fenton,1
conditions,unifying,1
conditions,embeddings,1
conditions,topic,1
conditions,updated,1
conditions,global,1
conditions,local,1
conditions,deep,1
conditions,training,1
conditions,correlations,1
conditions,supervised,1
conditions,error,1
conditions,works,1
conditions,generate,1
conditions,showed,1
conditions,optimal,1
conditions,presentation,1
conditions,dataset,1
conditions,key,1
conditions,human,1
conditions,technique,1
conditions,prediction,1
conditions,factors,1
conditions,propagation,1
conditions,time,1
conditions,daily,1
conditions,learn,1
conditions,neighbor,1
conditions,evolution,1
conditions,optical,1
conditions,focus,1
conditions,desirable,1
conditions,high,1
conditions,module,1
conditions,representations,1
conditions,introduce,1
conditions,neural,1
conditions,expression,1
conditions,user,1
conditions,management,1
conditions,predict,1
conditions,feature,1
conditions,set,1
conditions,fully,1
conditions,target,1
conditions,studies,1
conditions,recognition,1
conditions,identify,1
conditions,convolution,1
conditions,multiple,1
conditions,ternary,1
conditions,faces,1
conditions,recent,1
conditions,static,1
conditions,gene,1
conditions,surface,1
conditions,significant,1
conditions,immune,1
conditions,knowledge,1
conditions,temporal,1
conditions,identification,1
conditions,predicting,1
conditions,number,1
conditions,validate,1
conditions,spatial-temporal,1
conditions,single,1
conditions,interaction,1
conditions,layers,1
conditions,task,1
conditions,energy,1
conditions,step,1
conditions,machine,1
conditions,traffic,1
conditions,synthetic,1
conditions,real,1
conditions,visual,1
conditions,remote,1
conditions,splitting,1
conditions,parameters,1
conditions,rgb,1
conditions,improved,1
conditions,show,1
conditions,large,1
conditions,processing,1
conditions,previous,1
conditions,pairs,1
conditions,employed,1
conditions,include,1
conditions,learns,1
conditions,embedding,1
conditions,effective,1
conditions,photocatalytic,1
conditions,structural,1
conditions,success,1
conditions,variation,1
conditions,identifying,1
conditions,important,1
conditions,reactions,1
conditions,memory,1
conditions,unit,1
conditions,gated,1
conditions,patterns,1
conditions,field,1
conditions,constructing,1
conditions,great,1
conditions,light,1
conditions,functions,1
conditions,targets,1
conditions,utilization,1
conditions,structures,1
conditions,part,1
conditions,progress,1
conditions,traditional,1
conditions,stability,1
conditions,sample,1
conditions,designed,1
conditions,pollutants,1
conditions,tree,1
conditions,motion,1
conditions,types,1
conditions,protein,1
conditions,point,1
conditions,reported,1
conditions,remarkable,1
previous,specifically,1
previous,structure,1
previous,rarely,1
previous,published,1
previous,reduced,1
previous,systems,1
previous,rna,1
previous,proposes,1
previous,result,1
previous,three-dimensional,1
previous,problem,1
previous,real-world,1
previous,propose,1
previous,roads,1
previous,tasks,1
previous,utilized,1
previous,process,1
previous,proteins,1
previous,time-consuming,1
previous,work,1
previous,similar,1
previous,study,1
previous,strategy,1
previous,sgc,1
previous,samples,1
previous,research,1
previous,sets,1
previous,simultaneously,1
previous,resulting,1
previous,transformers,1
previous,videos,1
previous,years,1
previous,theory,1
previous,rely,1
previous,relation,1
previous,relations,1
previous,typically,1
previous,understanding,1
previous,sites,1
previous,softmax,1
previous,similarity,1
previous,rnas,1
previous,recently,1
previous,unsupervised,1
previous,words,1
previous,transformer,1
previous,system,1
previous,skeleton,1
previous,vehicle,1
previous,results,1
previous,skeleton-based,1
previous,proposed,1
previous,revealed,1
previous,probability,1
previous,spatial,1
previous,sentiments,1
previous,role,1
previous,relationships,1
previous,representation,1
previous,represent,1
previous,topic,1
previous,updated,1
previous,training,1
previous,supervised,1
previous,works,1
previous,showed,1
previous,technique,1
previous,propagation,1
previous,time,1
previous,representations,1
previous,user,1
previous,set,1
previous,tumor,1
previous,target,1
previous,studies,1
previous,recognition,1
previous,trend,1
previous,sparsity,1
previous,recent,1
previous,static,1
previous,surface,1
previous,significant,1
previous,temporal,1
previous,validate,1
previous,spatial-temporal,1
previous,single,1
previous,task,1
previous,step,1
previous,traffic,1
previous,real,1
previous,visual,1
previous,remote,1
previous,rgb,1
previous,show,1
previous,processing,1
previous,structural,1
previous,success,1
previous,variation,1
previous,unit,1
previous,structures,1
previous,progress,1
previous,video,1
previous,traditional,1
previous,stability,1
previous,sample,1
previous,tree,1
previous,types,1
previous,protein,1
previous,reported,1
previous,remarkable,1
pairs,paper,1
pairs,wide,1
pairs,specifically,1
pairs,structure,1
pairs,present,1
pairs,published,1
pairs,reduced,1
pairs,systems,1
pairs,proposes,1
pairs,problem,1
pairs,performance,1
pairs,recombination,1
pairs,real-world,1
pairs,thousands,1
pairs,propose,1
pairs,tasks,1
pairs,utilized,1
pairs,process,1
pairs,proteins,1
pairs,time-consuming,1
pairs,work,1
pairs,similar,1
pairs,perform,1
pairs,study,1
pairs,strategy,1
pairs,presents,1
pairs,trna,1
pairs,samples,1
pairs,research,1
pairs,separation,1
pairs,simultaneously,1
pairs,resulting,1
pairs,photocatalyst,1
pairs,years,1
pairs,rely,1
pairs,relation,1
pairs,relations,1
pairs,typically,1
pairs,understanding,1
pairs,sites,1
pairs,photoreduction,1
pairs,technologies,1
pairs,patients,1
pairs,similarity,1
pairs,rnas,1
pairs,pca,1
pairs,recently,1
pairs,unsupervised,1
pairs,words,1
pairs,transformer,1
pairs,system,1
pairs,water,1
pairs,skeleton,1
pairs,results,1
pairs,xps,1
pairs,pose,1
pairs,skeleton-based,1
pairs,proposed,1
pairs,revealed,1
pairs,spatial,1
pairs,pubmed,1
pairs,sentiments,1
pairs,role,1
pairs,relationships,1
pairs,representation,1
pairs,represent,1
pairs,training,1
pairs,showed,1
pairs,pooling,1
pairs,technique,1
pairs,prediction,1
pairs,propagation,1
pairs,time,1
pairs,representations,1
pairs,predict,1
pairs,set,1
pairs,target,1
pairs,studies,1
pairs,recognition,1
pairs,ternary,1
pairs,recent,1
pairs,surface,1
pairs,significant,1
pairs,temporal,1
pairs,predicting,1
pairs,validate,1
pairs,spatial-temporal,1
pairs,single,1
pairs,task,1
pairs,step,1
pairs,traffic,1
pairs,real,1
pairs,visual,1
pairs,parameters,1
pairs,rgb,1
pairs,show,1
pairs,processing,1
pairs,previous,1
pairs,photocatalytic,1
pairs,structural,1
pairs,reactions,1
pairs,unit,1
pairs,patterns,1
pairs,targets,1
pairs,utilization,1
pairs,structures,1
pairs,video,1
pairs,traditional,1
pairs,stability,1
pairs,sample,1
pairs,pollutants,1
pairs,tree,1
pairs,types,1
pairs,remarkable,1
employed,paper,1
employed,named,1
employed,method,1
employed,methods,1
employed,wide,1
employed,specifically,1
employed,structure,1
employed,input,1
employed,existing,1
employed,ignore,1
employed,graph,1
employed,metal,1
employed,nitride,1
employed,present,1
employed,literature,1
employed,extract,1
employed,published,1
employed,generally,1
employed,increasing,1
employed,reduced,1
employed,gap,1
employed,independently,1
employed,explicitly,1
employed,obtained,1
employed,generated,1
employed,systems,1
employed,network,1
employed,networks,1
employed,noise,1
employed,extracting,1
employed,rna,1
employed,proposes,1
employed,models,1
employed,result,1
employed,pharmacological,1
employed,three-dimensional,1
employed,problem,1
employed,node,1
employed,performance,1
employed,limited,1
employed,recombination,1
employed,real-world,1
employed,thousands,1
employed,owing,1
employed,propose,1
employed,roads,1
employed,tasks,1
employed,utilized,1
employed,process,1
employed,proteins,1
employed,time-consuming,1
employed,experimental,1
employed,heterojunction,1
employed,work,1
employed,graphitic,1
employed,gcn,1
employed,nodes,1
employed,established,1
employed,mixed,1
employed,excellent,1
employed,similar,1
employed,smoothing,1
employed,perform,1
employed,study,1
employed,strategy,1
employed,presents,1
employed,outperform,1
employed,explore,1
employed,samples,1
employed,research,1
employed,graphs,1
employed,requirement,1
employed,numerous,1
employed,separation,1
employed,sets,1
employed,simultaneously,1
employed,holes,1
employed,resulting,1
employed,photocatalyst,1
employed,investigations,1
employed,transformers,1
employed,harmful,1
employed,videos,1
employed,features,1
employed,years,1
employed,language,1
employed,leading,1
employed,heavily,1
employed,material,1
employed,gcns,1
employed,relation,1
employed,relations,1
employed,typically,1
employed,firstly,1
employed,understanding,1
employed,s-triazine,1
employed,mscoco,1
employed,heterogeneous,1
employed,model,1
employed,sites,1
employed,improve,1
employed,photoreduction,1
employed,ethereum,1
employed,lstm,1
employed,technologies,1
employed,softmax,1
employed,euclidean,1
employed,patients,1
employed,patient,1
employed,similarity,1
employed,rnas,1
employed,fourier,1
employed,initiative,1
employed,recently,1
employed,molecules,1
employed,molecule,1
employed,ntu,1
employed,unsupervised,1
employed,secure,1
employed,nlp,1
employed,words,1
employed,transformer,1
employed,system,1
employed,water,1
employed,kinetics,1
employed,skeleton,1
employed,framework,1
employed,vehicle,1
employed,guided,1
employed,layer,1
employed,results,1
employed,learning,1
employed,ftir,1
employed,xps,1
employed,skeleton-based,1
employed,graph-based,1
employed,informative,1
employed,proposed,1
employed,meaningful,1
employed,revealed,1
employed,probability,1
employed,methodology,1
employed,spatial,1
employed,information,1
employed,evaluation,1
employed,role,1
employed,optimization,1
employed,relationships,1
employed,representation,1
employed,represent,1
employed,generative,1
employed,laplacian,1
employed,topic,1
employed,updated,1
employed,global,1
employed,local,1
employed,training,1
employed,supervised,1
employed,error,1
employed,works,1
employed,generate,1
employed,showed,1
employed,optimal,1
employed,pooling,1
employed,key,1
employed,human,1
employed,technique,1
employed,prediction,1
employed,factors,1
employed,propagation,1
employed,time,1
employed,learn,1
employed,neighbor,1
employed,evolution,1
employed,optical,1
employed,focus,1
employed,modalities,1
employed,high,1
employed,module,1
employed,representations,1
employed,introduce,1
employed,neural,1
employed,expression,1
employed,user,1
employed,management,1
employed,predict,1
employed,feature,1
employed,set,1
employed,fully,1
employed,tumor,1
employed,target,1
employed,studies,1
employed,recognition,1
employed,identify,1
employed,multiple,1
employed,ternary,1
employed,trend,1
employed,sparsity,1
employed,recent,1
employed,static,1
employed,gene,1
employed,surface,1
employed,significant,1
employed,knowledge,1
employed,temporal,1
employed,identification,1
employed,predicting,1
employed,number,1
employed,validate,1
employed,gat,1
employed,spatial-temporal,1
employed,single,1
employed,interaction,1
employed,layers,1
employed,task,1
employed,energy,1
employed,step,1
employed,machine,1
employed,traffic,1
employed,synthetic,1
employed,real,1
employed,visual,1
employed,remote,1
employed,parameters,1
employed,rgb,1
employed,improved,1
employed,show,1
employed,large,1
employed,processing,1
employed,previous,1
employed,pairs,1
employed,include,1
employed,learns,1
employed,photocatalytic,1
employed,structural,1
employed,success,1
employed,variation,1
employed,identifying,1
employed,important,1
employed,reactions,1
employed,memory,1
employed,unit,1
employed,gated,1
employed,patterns,1
employed,field,1
employed,great,1
employed,light,1
employed,functions,1
employed,targets,1
employed,multi-scale,1
employed,utilization,1
employed,structures,1
employed,neighbors,1
employed,part,1
employed,progress,1
employed,video,1
employed,focuses,1
employed,traditional,1
employed,stability,1
employed,sample,1
employed,pollutants,1
employed,tree,1
employed,motion,1
employed,types,1
employed,point,1
employed,reported,1
include,paper,1
include,method,1
include,methods,1
include,specifically,1
include,structure,1
include,input,1
include,metal,1
include,present,1
include,published,1
include,increasing,1
include,reduced,1
include,independently,1
include,obtained,1
include,network,1
include,networks,1
include,rna,1
include,tcga,1
include,models,1
include,pharmacological,1
include,problem,1
include,node,1
include,performance,1
include,limited,1
include,real-world,1
include,propose,1
include,tasks,1
include,process,1
include,time-consuming,1
include,work,1
include,nodes,1
include,perform,1
include,study,1
include,sgc,1
include,samples,1
include,research,1
include,numerous,1
include,sets,1
include,simultaneously,1
include,resulting,1
include,videos,1
include,years,1
include,theory,1
include,leading,1
include,rely,1
include,relation,1
include,relations,1
include,understanding,1
include,model,1
include,lstm,1
include,patients,1
include,patient,1
include,similarity,1
include,recently,1
include,molecules,1
include,molecule,1
include,words,1
include,transformer,1
include,system,1
include,skeleton,1
include,vehicle,1
include,layer,1
include,results,1
include,learning,1
include,proposed,1
include,spatial,1
include,pubmed,1
include,information,1
include,role,1
include,representation,1
include,represent,1
include,updated,1
include,local,1
include,training,1
include,works,1
include,showed,1
include,key,1
include,prediction,1
include,propagation,1
include,time,1
include,module,1
include,representations,1
include,introduce,1
include,neural,1
include,management,1
include,predict,1
include,set,1
include,target,1
include,studies,1
include,recognition,1
include,multiple,1
include,recent,1
include,significant,1
include,knowledge,1
include,temporal,1
include,number,1
include,validate,1
include,single,1
include,interaction,1
include,task,1
include,step,1
include,machine,1
include,traffic,1
include,synthetic,1
include,real,1
include,visual,1
include,remote,1
include,show,1
include,large,1
include,processing,1
include,structural,1
include,success,1
include,reactions,1
include,memory,1
include,unit,1
include,multi-scale,1
include,utilization,1
include,structures,1
include,part,1
include,video,1
include,traditional,1
include,sample,1
include,tree,1
include,motion,1
include,types,1
include,protein,1
include,reported,1
captures,paper,1
captures,named,1
captures,method,1
captures,methods,1
captures,specifically,1
captures,demonstrates,1
captures,dual,1
captures,structure,1
captures,input,1
captures,existing,1
captures,ignore,1
captures,graph,1
captures,present,1
captures,literature,1
captures,extract,1
captures,generally,1
captures,common,1
captures,increasing,1
captures,developed,1
captures,obtained,1
captures,generated,1
captures,systems,1
captures,network,1
captures,networks,1
captures,noise,1
captures,extracting,1
captures,proposes,1
captures,critical,1
captures,models,1
captures,result,1
captures,efficient,1
captures,classification,1
captures,problem,1
captures,node,1
captures,performance,1
captures,limited,1
captures,fast,1
captures,real-world,1
captures,propose,1
captures,tasks,1
captures,utilized,1
captures,process,1
captures,encoded,1
captures,time-consuming,1
captures,experimental,1
captures,elsevier,1
captures,work,1
captures,gcn,1
captures,nodes,1
captures,established,1
captures,mixed,1
captures,excellent,1
captures,similar,1
captures,smoothing,1
captures,perform,1
captures,study,1
captures,strategy,1
captures,presents,1
captures,outperform,1
captures,explore,1
captures,u-shaped,1
captures,samples,1
captures,research,1
captures,pressure,1
captures,graphs,1
captures,requirement,1
captures,numerous,1
captures,sets,1
captures,simultaneously,1
captures,resulting,1
captures,transformers,1
captures,videos,1
captures,features,1
captures,years,1
captures,language,1
captures,leading,1
captures,rely,1
captures,decisions,1
captures,gcns,1
captures,relation,1
captures,relations,1
captures,firstly,1
captures,understanding,1
captures,convolutional,1
captures,heterogeneous,1
captures,model,1
captures,cnn,1
captures,due,1
captures,points,1
captures,efficiency,1
captures,improve,1
captures,lstm,1
captures,patients,1
captures,patient,1
captures,similarity,1
captures,initiative,1
captures,recently,1
captures,edges,1
captures,unsupervised,1
captures,transformer,1
captures,system,1
captures,datasets,1
captures,data,1
captures,effectively,1
captures,data-driven,1
captures,skeleton,1
captures,framework,1
captures,vehicle,1
captures,end,1
captures,layer,1
captures,results,1
captures,learning,1
captures,pose,1
captures,skeleton-based,1
captures,graph-based,1
captures,dependencies,1
captures,proposed,1
captures,conduct,1
captures,spatial,1
captures,information,1
captures,evaluation,1
captures,role,1
captures,optimization,1
captures,relationships,1
captures,representation,1
captures,represent,1
captures,unifying,1
captures,embeddings,1
captures,laplacian,1
captures,global,1
captures,local,1
captures,deep,1
captures,training,1
captures,correlations,1
captures,u-net,1
captures,error,1
captures,generate,1
captures,optimal,1
captures,dataset,1
captures,key,1
captures,human,1
captures,technique,1
captures,prediction,1
captures,factors,1
captures,propagation,1
captures,time,1
captures,daily,1
captures,learn,1
captures,neighbor,1
captures,focus,1
captures,desirable,1
captures,module,1
captures,representations,1
captures,introduce,1
captures,neural,1
captures,expression,1
captures,user,1
captures,management,1
captures,predict,1
captures,feature,1
captures,set,1
captures,fully,1
captures,complex,1
captures,target,1
captures,studies,1
captures,recognition,1
captures,convolution,1
captures,challenges,1
captures,multiple,1
captures,trend,1
captures,recent,1
captures,static,1
captures,gene,1
captures,surface,1
captures,significant,1
captures,knowledge,1
captures,temporal,1
captures,identification,1
captures,predicting,1
captures,number,1
captures,validate,1
captures,spatial-temporal,1
captures,single,1
captures,interaction,1
captures,layers,1
captures,task,1
captures,challenging,1
captures,energy,1
captures,step,1
captures,machine,1
captures,traffic,1
captures,synthetic,1
captures,real,1
captures,visual,1
captures,parameters,1
captures,rgb,1
captures,improved,1
captures,show,1
captures,large,1
captures,processing,1
captures,conditions,1
captures,previous,1
captures,employed,1
captures,learns,1
captures,embedding,1
captures,effective,1
captures,structural,1
captures,cases,1
captures,variation,1
captures,identifying,1
captures,important,1
captures,memory,1
captures,unit,1
captures,gated,1
captures,patterns,1
captures,constructing,1
captures,comprehensive,1
captures,great,1
captures,light,1
captures,multi-scale,1
captures,utilization,1
captures,structures,1
captures,neighbors,1
captures,progress,1
captures,video,1
captures,capturing,1
captures,traditional,1
captures,designed,1
captures,diffusion,1
captures,motion,1
captures,types,1
captures,remarkable,1
learns,paper,1
learns,named,1
learns,method,1
learns,methods,1
learns,wide,1
learns,specifically,1
learns,structure,1
learns,present,1
learns,obtained,1
learns,systems,1
learns,network,1
learns,networks,1
learns,noise,1
learns,proposes,1
learns,models,1
learns,result,1
learns,pharmacological,1
learns,problem,1
learns,node,1
learns,performance,1
learns,limited,1
learns,real-world,1
learns,thousands,1
learns,propose,1
learns,tasks,1
learns,utilized,1
learns,process,1
learns,time-consuming,1
learns,work,1
learns,nodes,1
learns,similar,1
learns,smoothing,1
learns,perform,1
learns,study,1
learns,strategy,1
learns,presents,1
learns,outperform,1
learns,string,1
learns,samples,1
learns,research,1
learns,separation,1
learns,sets,1
learns,simultaneously,1
learns,resulting,1
learns,transformers,1
learns,years,1
learns,rely,1
learns,relation,1
learns,relations,1
learns,typically,1
learns,understanding,1
learns,model,1
learns,points,1
learns,lstm,1
learns,technologies,1
learns,patients,1
learns,patient,1
learns,similarity,1
learns,recently,1
learns,molecules,1
learns,unsupervised,1
learns,nlp,1
learns,words,1
learns,transformer,1
learns,system,1
learns,skeleton,1
learns,results,1
learns,skeleton-based,1
learns,skeletongait,1
learns,proposed,1
learns,meaningful,1
learns,methodology,1
learns,spatial,1
learns,pubmed,1
learns,role,1
learns,optimization,1
learns,relationships,1
learns,representation,1
learns,represent,1
learns,topic,1
learns,local,1
learns,training,1
learns,supervised,1
learns,works,1
learns,showed,1
learns,optimal,1
learns,pooling,1
learns,technique,1
learns,prediction,1
learns,propagation,1
learns,time,1
learns,neighbor,1
learns,module,1
learns,representations,1
learns,neural,1
learns,user,1
learns,predict,1
learns,set,1
learns,target,1
learns,studies,1
learns,recognition,1
learns,multiple,1
learns,trend,1
learns,sparsity,1
learns,recent,1
learns,static,1
learns,surface,1
learns,significant,1
learns,temporal,1
learns,predicting,1
learns,number,1
learns,validate,1
learns,spatial-temporal,1
learns,single,1
learns,task,1
learns,step,1
learns,machine,1
learns,traffic,1
learns,real,1
learns,visual,1
learns,remote,1
learns,parameters,1
learns,rgb,1
learns,show,1
learns,processing,1
learns,previous,1
learns,structural,1
learns,success,1
learns,memory,1
learns,patterns,1
learns,targets,1
learns,multi-scale,1
learns,utilization,1
learns,structures,1
learns,neighbors,1
learns,part,1
learns,progress,1
learns,traditional,1
learns,stability,1
learns,sample,1
learns,types,1
learns,protein,1
achieves,drug-drug,1
achieves,paper,1
achieves,named,1
achieves,method,1
achieves,methods,1
achieves,inferred,1
achieves,wide,1
achieves,actions,1
achieves,specifically,1
achieves,demonstrates,1
achieves,dual,1
achieves,structure,1
achieves,input,1
achieves,existing,1
achieves,approaches,1
achieves,ignore,1
achieves,benefit,1
achieves,graph,1
achieves,considered,1
achieves,low-pass,1
achieves,attributes,1
achieves,metal,1
achieves,nitride,1
achieves,present,1
achieves,literature,1
achieves,rarely,1
achieves,extract,1
achieves,published,1
achieves,generally,1
achieves,common,1
achieves,increasing,1
achieves,reduced,1
achieves,gap,1
achieves,developed,1
achieves,independently,1
achieves,differently,1
achieves,explicitly,1
achieves,attention,1
achieves,obtained,1
achieves,generated,1
achieves,systems,1
achieves,network,1
achieves,standards,1
achieves,networks,1
achieves,noise,1
achieves,extracting,1
achieves,rna,1
achieves,proposes,1
achieves,critical,1
achieves,assessment,1
achieves,applications,1
achieves,models,1
achieves,result,1
achieves,beneficial,1
achieves,pharmacological,1
achieves,efficient,1
achieves,three-dimensional,1
achieves,classification,1
achieves,problem,1
achieves,node,1
achieves,address,1
achieves,performance,1
achieves,limited,1
achieves,fast,1
achieves,recombination,1
achieves,real-world,1
achieves,thousands,1
achieves,owing,1
achieves,propose,1
achieves,roads,1
achieves,tasks,1
achieves,utilized,1
achieves,process,1
achieves,proteins,1
achieves,encoded,1
achieves,time-consuming,1
achieves,experimental,1
achieves,elsevier,1
achieves,attack,1
achieves,work,1
achieves,graphitic,1
achieves,gcn,1
achieves,granger,1
achieves,nodes,1
achieves,established,1
achieves,mixed,1
achieves,excellent,1
achieves,capability,1
achieves,similar,1
achieves,smoothing,1
achieves,perform,1
achieves,study,1
achieves,strategy,1
achieves,presents,1
achieves,outperform,1
achieves,descriptor,1
achieves,explore,1
achieves,u-shaped,1
achieves,samples,1
achieves,research,1
achieves,pressure,1
achieves,auc,1
achieves,graphs,1
achieves,requirement,1
achieves,numerous,1
achieves,sets,1
achieves,simultaneously,1
achieves,area,1
achieves,holes,1
achieves,resulting,1
achieves,transformers,1
achieves,activity,1
achieves,videos,1
achieves,features,1
achieves,years,1
achieves,language,1
achieves,theory,1
achieves,leading,1
achieves,rely,1
achieves,decisions,1
achieves,hemisphere,1
achieves,gcns,1
achieves,relation,1
achieves,relations,1
achieves,typically,1
achieves,firstly,1
achieves,understanding,1
achieves,imdb,1
achieves,convolutional,1
achieves,heterogeneous,1
achieves,model,1
achieves,cnn,1
achieves,due,1
achieves,sites,1
achieves,cloud,1
achieves,points,1
achieves,efficiency,1
achieves,improve,1
achieves,ethereum,1
achieves,lstm,1
achieves,smiles,1
achieves,bidirectional,1
achieves,capacity,1
achieves,svm,1
achieves,euclidean,1
achieves,patients,1
achieves,patient,1
achieves,similarity,1
achieves,annotations,1
achieves,rnas,1
achieves,algorithms,1
achieves,fourier,1
achieves,initiative,1
achieves,decades,1
achieves,copy,1
achieves,recently,1
achieves,molecules,1
achieves,molecule,1
achieves,ntu,1
achieves,edges,1
achieves,unsupervised,1
achieves,secure,1
achieves,nlp,1
achieves,words,1
achieves,transformer,1
achieves,system,1
achieves,datasets,1
achieves,data,1
achieves,effectively,1
achieves,data-driven,1
achieves,kinetics,1
achieves,skeleton,1
achieves,canadian,1
achieves,framework,1
achieves,vehicle,1
achieves,guided,1
achieves,end,1
achieves,layer,1
achieves,results,1
achieves,learning,1
achieves,subgraph,1
achieves,pose,1
achieves,skeleton-based,1
achieves,algorithm,1
achieves,euler,1
achieves,graph-based,1
achieves,informative,1
achieves,dependencies,1
achieves,proposed,1
achieves,based,1
achieves,conduct,1
achieves,meaningful,1
achieves,revealed,1
achieves,probability,1
achieves,methodology,1
achieves,spatial,1
achieves,pubmed,1
achieves,electron,1
achieves,information,1
achieves,evaluation,1
achieves,role,1
achieves,cgcnimp,1
achieves,mcc,1
achieves,auroc,1
achieves,auprc,1
achieves,optimization,1
achieves,relationships,1
achieves,representation,1
achieves,represent,1
achieves,generative,1
achieves,dmax,1
achieves,embeddings,1
achieves,laplacian,1
achieves,topic,1
achieves,updated,1
achieves,global,1
achieves,local,1
achieves,deep,1
achieves,training,1
achieves,correlations,1
achieves,u-net,1
achieves,supervised,1
achieves,error,1
achieves,works,1
achieves,generate,1
achieves,capture,1
achieves,optimal,1
achieves,presentation,1
achieves,pooling,1
achieves,dataset,1
achieves,key,1
achieves,human,1
achieves,technique,1
achieves,prediction,1
achieves,factors,1
achieves,propagation,1
achieves,time,1
achieves,daily,1
achieves,learn,1
achieves,neighbor,1
achieves,evolution,1
achieves,approach,1
achieves,focus,1
achieves,modalities,1
achieves,high,1
achieves,module,1
achieves,representations,1
achieves,introduce,1
achieves,neural,1
achieves,expression,1
achieves,user,1
achieves,management,1
achieves,predict,1
achieves,feature,1
achieves,set,1
achieves,fully,1
achieves,complex,1
achieves,target,1
achieves,studies,1
achieves,dense,1
achieves,recognition,1
achieves,identify,1
achieves,convolution,1
achieves,challenges,1
achieves,multiple,1
achieves,ternary,1
achieves,trend,1
achieves,sparsity,1
achieves,faces,1
achieves,recent,1
achieves,static,1
achieves,gene,1
achieves,surface,1
achieves,significant,1
achieves,knowledge,1
achieves,temporal,1
achieves,identification,1
achieves,predicting,1
achieves,number,1
achieves,validate,1
achieves,gat,1
achieves,spatial-temporal,1
achieves,single,1
achieves,interaction,1
achieves,layers,1
achieves,task,1
achieves,challenging,1
achieves,energy,1
achieves,step,1
achieves,machine,1
achieves,traffic,1
achieves,communication,1
achieves,synthetic,1
achieves,real,1
achieves,visual,1
achieves,cells,1
achieves,remote,1
achieves,analysis,1
achieves,parameters,1
achieves,rgb,1
achieves,improved,1
achieves,show,1
achieves,large,1
achieves,processing,1
achieves,conditions,1
achieves,previous,1
achieves,pairs,1
achieves,employed,1
achieves,include,1
achieves,captures,1
achieves,learns,1
achieves,embedding,1
achieves,effective,1
achieves,photocatalytic,1
achieves,structural,1
achieves,success,1
achieves,cases,1
achieves,variation,1
achieves,identifying,1
achieves,important,1
achieves,memory,1
achieves,unit,1
achieves,gated,1
achieves,patterns,1
achieves,field,1
achieves,correction,1
achieves,constructing,1
achieves,comprehensive,1
achieves,great,1
achieves,action,1
achieves,light,1
achieves,targets,1
achieves,architecture,1
achieves,multi-scale,1
achieves,annotation,1
achieves,utilization,1
achieves,aggregation,1
achieves,structures,1
achieves,neighbors,1
achieves,part,1
achieves,progress,1
achieves,video,1
achieves,focuses,1
achieves,capturing,1
achieves,traditional,1
achieves,affected,1
achieves,stability,1
achieves,sample,1
achieves,designed,1
achieves,pollutants,1
achieves,behaviors,1
achieves,diffusion,1
achieves,tree,1
achieves,motion,1
achieves,types,1
achieves,protein,1
achieves,point,1
achieves,reported,1
achieves,remarkable,1
achieves,background,1
achieves,center,1
embedding,paper,1
embedding,named,1
embedding,method,1
embedding,methods,1
embedding,inferred,1
embedding,wide,1
embedding,specifically,1
embedding,structure,1
embedding,input,1
embedding,existing,1
embedding,ignore,1
embedding,graph,1
embedding,present,1
embedding,literature,1
embedding,rarely,1
embedding,extract,1
embedding,published,1
embedding,generally,1
embedding,increasing,1
embedding,reduced,1
embedding,gap,1
embedding,independently,1
embedding,explicitly,1
embedding,obtained,1
embedding,generated,1
embedding,systems,1
embedding,network,1
embedding,networks,1
embedding,noise,1
embedding,extracting,1
embedding,proposes,1
embedding,models,1
embedding,result,1
embedding,problem,1
embedding,node,1
embedding,performance,1
embedding,limited,1
embedding,fast,1
embedding,real-world,1
embedding,thousands,1
embedding,owing,1
embedding,propose,1
embedding,tasks,1
embedding,utilized,1
embedding,process,1
embedding,proteins,1
embedding,encoded,1
embedding,time-consuming,1
embedding,experimental,1
embedding,work,1
embedding,gcn,1
embedding,nodes,1
embedding,established,1
embedding,mixed,1
embedding,excellent,1
embedding,similar,1
embedding,smoothing,1
embedding,perform,1
embedding,study,1
embedding,strategy,1
embedding,presents,1
embedding,outperform,1
embedding,string,1
embedding,explore,1
embedding,sgc,1
embedding,samples,1
embedding,research,1
embedding,graphs,1
embedding,requirement,1
embedding,numerous,1
embedding,separation,1
embedding,sets,1
embedding,simultaneously,1
embedding,resulting,1
embedding,investigations,1
embedding,plant,1
embedding,transformers,1
embedding,videos,1
embedding,features,1
embedding,years,1
embedding,language,1
embedding,theory,1
embedding,leading,1
embedding,rely,1
embedding,heavily,1
embedding,gcns,1
embedding,relation,1
embedding,relations,1
embedding,typically,1
embedding,firstly,1
embedding,understanding,1
embedding,imdb,1
embedding,kitti,1
embedding,heterogeneous,1
embedding,model,1
embedding,sites,1
embedding,points,1
embedding,improve,1
embedding,ethereum,1
embedding,lstm,1
embedding,technologies,1
embedding,svm,1
embedding,knn,1
embedding,formed,1
embedding,euclidean,1
embedding,patients,1
embedding,similarity,1
embedding,initiative,1
embedding,recently,1
embedding,unsupervised,1
embedding,secure,1
embedding,nlp,1
embedding,words,1
embedding,transformer,1
embedding,system,1
embedding,water,1
embedding,surge,1
embedding,skeleton,1
embedding,framework,1
embedding,vehicle,1
embedding,end,1
embedding,layer,1
embedding,results,1
embedding,learning,1
embedding,subgraph,1
embedding,pose,1
embedding,skeleton-based,1
embedding,euler,1
embedding,graph-based,1
embedding,informative,1
embedding,proposed,1
embedding,meaningful,1
embedding,revealed,1
embedding,methodology,1
embedding,spatial,1
embedding,pubmed,1
embedding,information,1
embedding,evaluation,1
embedding,role,1
embedding,optimization,1
embedding,relationships,1
embedding,representation,1
embedding,represent,1
embedding,generative,1
embedding,unifying,1
embedding,embeddings,1
embedding,laplacian,1
embedding,topic,1
embedding,updated,1
embedding,global,1
embedding,local,1
embedding,training,1
embedding,supervised,1
embedding,error,1
embedding,works,1
embedding,generate,1
embedding,showed,1
embedding,optimal,1
embedding,pooling,1
embedding,key,1
embedding,human,1
embedding,technique,1
embedding,prediction,1
embedding,factors,1
embedding,propagation,1
embedding,time,1
embedding,learn,1
embedding,neighbor,1
embedding,evolution,1
embedding,focus,1
embedding,modalities,1
embedding,high,1
embedding,module,1
embedding,representations,1
embedding,introduce,1
embedding,neural,1
embedding,expression,1
embedding,user,1
embedding,management,1
embedding,predict,1
embedding,feature,1
embedding,set,1
embedding,fully,1
embedding,tumor,1
embedding,target,1
embedding,studies,1
embedding,recognition,1
embedding,identify,1
embedding,multiple,1
embedding,sparsity,1
embedding,recent,1
embedding,static,1
embedding,gene,1
embedding,significant,1
embedding,knowledge,1
embedding,temporal,1
embedding,identification,1
embedding,predicting,1
embedding,number,1
embedding,validate,1
embedding,gat,1
embedding,spatial-temporal,1
embedding,single,1
embedding,interaction,1
embedding,layers,1
embedding,task,1
embedding,energy,1
embedding,step,1
embedding,machine,1
embedding,traffic,1
embedding,synthetic,1
embedding,real,1
embedding,visual,1
embedding,layouts,1
embedding,remote,1
embedding,parameters,1
embedding,improved,1
embedding,show,1
embedding,large,1
embedding,processing,1
embedding,previous,1
embedding,employed,1
embedding,include,1
embedding,learns,1
embedding,structural,1
embedding,success,1
embedding,variation,1
embedding,identifying,1
embedding,important,1
embedding,memory,1
embedding,unit,1
embedding,gated,1
embedding,patterns,1
embedding,field,1
embedding,great,1
embedding,light,1
embedding,functions,1
embedding,targets,1
embedding,multi-scale,1
embedding,utilization,1
embedding,structures,1
embedding,neighbors,1
embedding,part,1
embedding,progress,1
embedding,video,1
embedding,focuses,1
embedding,traditional,1
embedding,stability,1
embedding,sample,1
embedding,tree,1
embedding,motion,1
embedding,types,1
embedding,protein,1
embedding,point,1
embedding,remarkable,1
effective,paper,1
effective,named,1
effective,method,1
effective,methods,1
effective,inferred,1
effective,variously,1
effective,wide,1
effective,specifically,1
effective,structure,1
effective,input,1
effective,existing,1
effective,ignore,1
effective,graph,1
effective,metal,1
effective,nitride,1
effective,present,1
effective,literature,1
effective,rarely,1
effective,extract,1
effective,pharmacology,1
effective,published,1
effective,generally,1
effective,increasing,1
effective,reduced,1
effective,gap,1
effective,roofs,1
effective,independently,1
effective,explicitly,1
effective,obtained,1
effective,generated,1
effective,systems,1
effective,network,1
effective,standards,1
effective,networks,1
effective,noise,1
effective,extracting,1
effective,rna,1
effective,pei-gcn,1
effective,proposes,1
effective,membranes,1
effective,models,1
effective,result,1
effective,pharmacological,1
effective,efficient,1
effective,three-dimensional,1
effective,problem,1
effective,node,1
effective,performance,1
effective,limited,1
effective,fast,1
effective,recombination,1
effective,real-world,1
effective,owing,1
effective,propose,1
effective,roads,1
effective,tasks,1
effective,utilized,1
effective,process,1
effective,proteins,1
effective,encoded,1
effective,time-consuming,1
effective,experimental,1
effective,elsevier,1
effective,heterojunction,1
effective,liquid,1
effective,work,1
effective,graphitic,1
effective,gcn,1
effective,nodes,1
effective,established,1
effective,mixed,1
effective,excellent,1
effective,self-healing,1
effective,similar,1
effective,perform,1
effective,study,1
effective,strategy,1
effective,presents,1
effective,outperform,1
effective,string,1
effective,explore,1
effective,u-shaped,1
effective,samples,1
effective,research,1
effective,pressure,1
effective,f-score,1
effective,graphs,1
effective,numerous,1
effective,separation,1
effective,sets,1
effective,simultaneously,1
effective,markers,1
effective,holes,1
effective,resulting,1
effective,photocatalyst,1
effective,investigations,1
effective,sciences,1
effective,medica,1
effective,plant,1
effective,transformers,1
effective,harmful,1
effective,videos,1
effective,features,1
effective,years,1
effective,language,1
effective,theory,1
effective,leading,1
effective,rely,1
effective,heavily,1
effective,material,1
effective,gcns,1
effective,relation,1
effective,relations,1
effective,typically,1
effective,firstly,1
effective,understanding,1
effective,heterogeneous,1
effective,model,1
effective,sites,1
effective,points,1
effective,efficiency,1
effective,improve,1
effective,photoreduction,1
effective,ethereum,1
effective,lstm,1
effective,technologies,1
effective,svm,1
effective,softmax,1
effective,formed,1
effective,euclidean,1
effective,patients,1
effective,patient,1
effective,similarity,1
effective,initiative,1
effective,recently,1
effective,molecules,1
effective,ntu,1
effective,unsupervised,1
effective,secure,1
effective,nlp,1
effective,words,1
effective,transformer,1
effective,system,1
effective,water,1
effective,effectively,1
effective,surge,1
effective,kinetics,1
effective,skeleton,1
effective,framework,1
effective,vehicle,1
effective,guided,1
effective,end,1
effective,layer,1
effective,results,1
effective,learning,1
effective,subgraph,1
effective,ftir,1
effective,xps,1
effective,pose,1
effective,skeleton-based,1
effective,graph-based,1
effective,informative,1
effective,proposed,1
effective,metsulfuron,1
effective,meaningful,1
effective,revealed,1
effective,probability,1
effective,methodology,1
effective,spatial,1
effective,pubmed,1
effective,sentiments,1
effective,electron,1
effective,information,1
effective,evaluation,1
effective,role,1
effective,optimization,1
effective,relationships,1
effective,representation,1
effective,represent,1
effective,fenton,1
effective,generative,1
effective,embeddings,1
effective,laplacian,1
effective,topic,1
effective,updated,1
effective,global,1
effective,local,1
effective,training,1
effective,u-net,1
effective,supervised,1
effective,error,1
effective,works,1
effective,generate,1
effective,showed,1
effective,optimal,1
effective,presentation,1
effective,pooling,1
effective,key,1
effective,human,1
effective,technique,1
effective,prediction,1
effective,factors,1
effective,propagation,1
effective,time,1
effective,learn,1
effective,neighbor,1
effective,evolution,1
effective,optical,1
effective,focus,1
effective,modalities,1
effective,high,1
effective,module,1
effective,representations,1
effective,introduce,1
effective,neural,1
effective,expression,1
effective,user,1
effective,management,1
effective,predict,1
effective,feature,1
effective,set,1
effective,fully,1
effective,tumor,1
effective,target,1
effective,studies,1
effective,recognition,1
effective,identify,1
effective,multiple,1
effective,ternary,1
effective,trend,1
effective,sparsity,1
effective,faces,1
effective,recent,1
effective,static,1
effective,gene,1
effective,surface,1
effective,significant,1
effective,knowledge,1
effective,temporal,1
effective,identification,1
effective,predicting,1
effective,number,1
effective,validate,1
effective,gat,1
effective,spatial-temporal,1
effective,single,1
effective,interaction,1
effective,layers,1
effective,task,1
effective,energy,1
effective,step,1
effective,machine,1
effective,traffic,1
effective,synthetic,1
effective,real,1
effective,visual,1
effective,layouts,1
effective,remote,1
effective,splitting,1
effective,parameters,1
effective,rgb,1
effective,improved,1
effective,show,1
effective,large,1
effective,processing,1
effective,previous,1
effective,pairs,1
effective,employed,1
effective,include,1
effective,learns,1
effective,embedding,1
effective,photocatalytic,1
effective,structural,1
effective,success,1
effective,variation,1
effective,identifying,1
effective,important,1
effective,reactions,1
effective,memory,1
effective,unit,1
effective,gated,1
effective,patterns,1
effective,field,1
effective,great,1
effective,light,1
effective,functions,1
effective,targets,1
effective,multi-scale,1
effective,utilization,1
effective,structures,1
effective,neighbors,1
effective,part,1
effective,progress,1
effective,video,1
effective,focuses,1
effective,traditional,1
effective,stability,1
effective,sample,1
effective,pollutants,1
effective,tree,1
effective,motion,1
effective,types,1
effective,protein,1
effective,point,1
effective,reported,1
effective,remarkable,1
photocatalytic,wide,1
photocatalytic,specifically,1
photocatalytic,structure,1
photocatalytic,present,1
photocatalytic,rarely,1
photocatalytic,published,1
photocatalytic,reduced,1
photocatalytic,systems,1
photocatalytic,proposes,1
photocatalytic,result,1
photocatalytic,recombination,1
photocatalytic,real-world,1
photocatalytic,propose,1
photocatalytic,utilized,1
photocatalytic,process,1
photocatalytic,tubes,1
photocatalytic,work,1
photocatalytic,similar,1
photocatalytic,study,1
photocatalytic,strategy,1
photocatalytic,presents,1
photocatalytic,viable,1
photocatalytic,samples,1
photocatalytic,research,1
photocatalytic,pressure,1
photocatalytic,separation,1
photocatalytic,simultaneously,1
photocatalytic,resulting,1
photocatalytic,years,1
photocatalytic,theory,1
photocatalytic,understanding,1
photocatalytic,sites,1
photocatalytic,photoreduction,1
photocatalytic,technologies,1
photocatalytic,recently,1
photocatalytic,system,1
photocatalytic,water,1
photocatalytic,skeleton,1
photocatalytic,results,1
photocatalytic,xps,1
photocatalytic,pose,1
photocatalytic,proposed,1
photocatalytic,revealed,1
photocatalytic,spatial,1
photocatalytic,role,1
photocatalytic,showed,1
photocatalytic,technique,1
photocatalytic,time,1
photocatalytic,set,1
photocatalytic,studies,1
photocatalytic,ternary,1
photocatalytic,recent,1
photocatalytic,surface,1
photocatalytic,significant,1
photocatalytic,step,1
photocatalytic,synthetic,1
photocatalytic,real,1
photocatalytic,splitting,1
photocatalytic,show,1
photocatalytic,previous,1
photocatalytic,structural,1
photocatalytic,variation,1
photocatalytic,reactions,1
photocatalytic,targets,1
photocatalytic,utilization,1
photocatalytic,structures,1
photocatalytic,stability,1
photocatalytic,sample,1
photocatalytic,pollutants,1
photocatalytic,types,1
photocatalytic,protein,1
photocatalytic,point,1
photocatalytic,reported,1
photocatalytic,remarkable,1
structural,wide,1
structural,structure,1
structural,systems,1
structural,tcga,1
structural,three-dimensional,1
structural,thousands,1
structural,tasks,1
structural,utilized,1
structural,time-consuming,1
structural,work,1
structural,study,1
structural,u-shaped,1
structural,transformers,1
structural,videos,1
structural,years,1
structural,theory,1
structural,typically,1
structural,understanding,1
structural,technologies,1
structural,svm,1
structural,unsupervised,1
structural,words,1
structural,transformer,1
structural,system,1
structural,water,1
structural,wiki,1
structural,surge,1
structural,vehicle,1
structural,subgraph,1
structural,xps,1
structural,topic,1
structural,updated,1
structural,training,1
structural,u-net,1
structural,supervised,1
structural,works,1
structural,technique,1
structural,time,1
structural,user,1
structural,target,1
structural,studies,1
structural,ternary,1
structural,trend,1
structural,surface,1
structural,temporal,1
structural,validate,1
structural,task,1
structural,traffic,1
structural,synthetic,1
structural,visual,1
structural,success,1
structural,variation,1
structural,unit,1
structural,targets,1
structural,utilization,1
structural,structures,1
structural,video,1
structural,traditional,1
structural,tree,1
structural,types,1
success,systems,1
success,thousands,1
success,tasks,1
success,utilized,1
success,time-consuming,1
success,work,1
success,transformers,1
success,years,1
success,theory,1
success,typically,1
success,understanding,1
success,unsupervised,1
success,words,1
success,transformer,1
success,system,1
success,water,1
success,training,1
success,supervised,1
success,works,1
success,technique,1
success,time,1
success,tumor,1
success,target,1
success,temporal,1
success,validate,1
success,task,1
success,traffic,1
success,synthetic,1
success,visual,1
success,unit,1
success,targets,1
success,video,1
success,traditional,1
success,tree,1
success,types,1
cases,paper,1
cases,named,1
cases,method,1
cases,methods,1
cases,inferred,1
cases,wide,1
cases,specifically,1
cases,demonstrates,1
cases,dual,1
cases,structure,1
cases,input,1
cases,existing,1
cases,ignore,1
cases,graph,1
cases,considered,1
cases,present,1
cases,literature,1
cases,rarely,1
cases,extract,1
cases,published,1
cases,generally,1
cases,common,1
cases,increasing,1
cases,reduced,1
cases,gap,1
cases,developed,1
cases,independently,1
cases,obtained,1
cases,generated,1
cases,systems,1
cases,network,1
cases,networks,1
cases,noise,1
cases,extracting,1
cases,rna,1
cases,proposes,1
cases,critical,1
cases,models,1
cases,three-dimensional,1
cases,classification,1
cases,problem,1
cases,node,1
cases,performance,1
cases,limited,1
cases,real-world,1
cases,owing,1
cases,propose,1
cases,tasks,1
cases,utilized,1
cases,process,1
cases,experimental,1
cases,elsevier,1
cases,work,1
cases,gcn,1
cases,nodes,1
cases,similar,1
cases,perform,1
cases,study,1
cases,strategy,1
cases,presents,1
cases,outperform,1
cases,string,1
cases,samples,1
cases,research,1
cases,graphs,1
cases,numerous,1
cases,sets,1
cases,simultaneously,1
cases,markers,1
cases,resulting,1
cases,transformers,1
cases,features,1
cases,years,1
cases,language,1
cases,leading,1
cases,rely,1
cases,decisions,1
cases,gps,1
cases,material,1
cases,gcns,1
cases,relation,1
cases,relations,1
cases,typically,1
cases,understanding,1
cases,convolutional,1
cases,heterogeneous,1
cases,model,1
cases,cnn,1
cases,due,1
cases,cloud,1
cases,efficiency,1
cases,improve,1
cases,lstm,1
cases,svm,1
cases,patients,1
cases,patient,1
cases,similarity,1
cases,initiative,1
cases,pca,1
cases,decades,1
cases,copy,1
cases,recently,1
cases,edges,1
cases,unsupervised,1
cases,transformer,1
cases,system,1
cases,water,1
cases,datasets,1
cases,data,1
cases,effectively,1
cases,framework,1
cases,vehicle,1
cases,guided,1
cases,end,1
cases,results,1
cases,learning,1
cases,pose,1
cases,graph-based,1
cases,dependencies,1
cases,proposed,1
cases,conduct,1
cases,meaningful,1
cases,revealed,1
cases,probability,1
cases,methodology,1
cases,spatial,1
cases,information,1
cases,evaluation,1
cases,role,1
cases,optimization,1
cases,relationships,1
cases,representation,1
cases,represent,1
cases,generative,1
cases,embeddings,1
cases,topic,1
cases,global,1
cases,local,1
cases,deep,1
cases,training,1
cases,error,1
cases,works,1
cases,generate,1
cases,showed,1
cases,optimal,1
cases,presentation,1
cases,indonesia,1
cases,dataset,1
cases,intratesticular,1
cases,key,1
cases,human,1
cases,prediction,1
cases,factors,1
cases,time,1
cases,daily,1
cases,learn,1
cases,modalities,1
cases,high,1
cases,module,1
cases,representations,1
cases,introduce,1
cases,neural,1
cases,expression,1
cases,management,1
cases,predict,1
cases,feature,1
cases,set,1
cases,fully,1
cases,complex,1
cases,tumor,1
cases,target,1
cases,studies,1
cases,dense,1
cases,recognition,1
cases,identify,1
cases,convolution,1
cases,challenges,1
cases,multiple,1
cases,recent,1
cases,gene,1
cases,surface,1
cases,significant,1
cases,knowledge,1
cases,temporal,1
cases,predicting,1
cases,number,1
cases,validate,1
cases,gat,1
cases,spatial-temporal,1
cases,single,1
cases,interaction,1
cases,layers,1
cases,task,1
cases,challenging,1
cases,energy,1
cases,step,1
cases,machine,1
cases,traffic,1
cases,synthetic,1
cases,real,1
cases,visual,1
cases,cells,1
cases,remote,1
cases,parameters,1
cases,improved,1
cases,show,1
cases,large,1
cases,processing,1
cases,conditions,1
cases,previous,1
cases,pairs,1
cases,employed,1
cases,include,1
cases,embedding,1
cases,effective,1
cases,success,1
cases,identifying,1
cases,important,1
cases,memory,1
cases,unit,1
cases,gated,1
cases,field,1
cases,comprehensive,1
cases,great,1
cases,functions,1
cases,targets,1
cases,multi-scale,1
cases,structures,1
cases,neighbors,1
cases,part,1
cases,focuses,1
cases,traditional,1
cases,sample,1
cases,designed,1
cases,motion,1
cases,types,1
cases,protein,1
cases,point,1
cases,reported,1
cases,center,1
variation,wide,1
variation,work,1
variation,videos,1
variation,years,1
variation,words,1
variation,water,1
variation,xps,1
variation,works,1
variation,video,1
identifying,paper,1
identifying,named,1
identifying,method,1
identifying,methods,1
identifying,wide,1
identifying,specifically,1
identifying,structure,1
identifying,input,1
identifying,ignore,1
identifying,present,1
identifying,literature,1
identifying,pharmacology,1
identifying,published,1
identifying,increasing,1
identifying,reduced,1
identifying,independently,1
identifying,obtained,1
identifying,systems,1
identifying,network,1
identifying,networks,1
identifying,noise,1
identifying,rna,1
identifying,tcga,1
identifying,proposes,1
identifying,models,1
identifying,result,1
identifying,pharmacological,1
identifying,problem,1
identifying,node,1
identifying,performance,1
identifying,limited,1
identifying,real-world,1
identifying,owing,1
identifying,propose,1
identifying,tasks,1
identifying,utilized,1
identifying,process,1
identifying,proteins,1
identifying,time-consuming,1
identifying,work,1
identifying,nodes,1
identifying,similar,1
identifying,smoothing,1
identifying,perform,1
identifying,study,1
identifying,strategy,1
identifying,presents,1
identifying,outperform,1
identifying,string,1
identifying,samples,1
identifying,research,1
identifying,numerous,1
identifying,sets,1
identifying,simultaneously,1
identifying,markers,1
identifying,resulting,1
identifying,investigations,1
identifying,plant,1
identifying,transformers,1
identifying,videos,1
identifying,years,1
identifying,language,1
identifying,leading,1
identifying,rely,1
identifying,material,1
identifying,relation,1
identifying,relations,1
identifying,typically,1
identifying,understanding,1
identifying,imdb,1
identifying,model,1
identifying,sites,1
identifying,points,1
identifying,improve,1
identifying,lstm,1
identifying,technologies,1
identifying,svm,1
identifying,patients,1
identifying,patient,1
identifying,similarity,1
identifying,rnas,1
identifying,pca,1
identifying,recently,1
identifying,unsupervised,1
identifying,nlp,1
identifying,words,1
identifying,system,1
identifying,skeleton,1
identifying,vehicle,1
identifying,layer,1
identifying,results,1
identifying,learning,1
identifying,subgraph,1
identifying,informative,1
identifying,proposed,1
identifying,revealed,1
identifying,probability,1
identifying,methodology,1
identifying,spatial,1
identifying,information,1
identifying,role,1
identifying,optimization,1
identifying,relationships,1
identifying,representation,1
identifying,represent,1
identifying,unifying,1
identifying,topic,1
identifying,local,1
identifying,training,1
identifying,supervised,1
identifying,works,1
identifying,showed,1
identifying,pooling,1
identifying,key,1
identifying,technique,1
identifying,prediction,1
identifying,propagation,1
identifying,time,1
identifying,learn,1
identifying,neighbor,1
identifying,modalities,1
identifying,module,1
identifying,representations,1
identifying,introduce,1
identifying,neural,1
identifying,management,1
identifying,predict,1
identifying,set,1
identifying,target,1
identifying,studies,1
identifying,recognition,1
identifying,multiple,1
identifying,trend,1
identifying,recent,1
identifying,significant,1
identifying,immune,1
identifying,knowledge,1
identifying,temporal,1
identifying,predicting,1
identifying,number,1
identifying,spatial-temporal,1
identifying,single,1
identifying,interaction,1
identifying,layers,1
identifying,task,1
identifying,step,1
identifying,machine,1
identifying,traffic,1
identifying,synthetic,1
identifying,real,1
identifying,visual,1
identifying,parameters,1
identifying,improved,1
identifying,show,1
identifying,large,1
identifying,processing,1
identifying,previous,1
identifying,pairs,1
identifying,learns,1
identifying,structural,1
identifying,success,1
identifying,variation,1
identifying,important,1
identifying,memory,1
identifying,unit,1
identifying,patterns,1
identifying,targets,1
identifying,multi-scale,1
identifying,utilization,1
identifying,structures,1
identifying,part,1
identifying,progress,1
identifying,traditional,1
identifying,sample,1
identifying,tree,1
identifying,motion,1
identifying,types,1
identifying,protein,1
identifying,reported,1
important,paper,1
important,named,1
important,method,1
important,methods,1
important,intuitively,1
important,inferred,1
important,wide,1
important,specifically,1
important,structure,1
important,input,1
important,low-pass,1
important,metal,1
important,nitride,1
important,present,1
important,literature,1
important,rarely,1
important,published,1
important,increasing,1
important,reduced,1
important,independently,1
important,obtained,1
important,systems,1
important,network,1
important,standards,1
important,networks,1
important,noise,1
important,rna,1
important,tcga,1
important,proposes,1
important,models,1
important,result,1
important,pharmacological,1
important,three-dimensional,1
important,problem,1
important,node,1
important,performance,1
important,limited,1
important,recombination,1
important,real-world,1
important,thousands,1
important,owing,1
important,propose,1
important,roads,1
important,tasks,1
important,utilized,1
important,process,1
important,proteins,1
important,time-consuming,1
important,liquid,1
important,work,1
important,nodes,1
important,mixed,1
important,similar,1
important,smoothing,1
important,perform,1
important,study,1
important,strategy,1
important,presents,1
important,viable,1
important,outperform,1
important,string,1
important,samples,1
important,research,1
important,requirement,1
important,numerous,1
important,separation,1
important,sets,1
important,simultaneously,1
important,markers,1
important,resulting,1
important,photocatalyst,1
important,investigations,1
important,plant,1
important,transformers,1
important,videos,1
important,years,1
important,language,1
important,theory,1
important,leading,1
important,rely,1
important,material,1
important,relation,1
important,relations,1
important,typically,1
important,understanding,1
important,model,1
important,sites,1
important,points,1
important,improve,1
important,lstm,1
important,smiles,1
important,technologies,1
important,svm,1
important,knn,1
important,softmax,1
important,patients,1
important,patient,1
important,similarity,1
important,initiative,1
important,pca,1
important,recently,1
important,molecules,1
important,molecule,1
important,ntu,1
important,unsupervised,1
important,secure,1
important,nlp,1
important,words,1
important,transformer,1
important,system,1
important,water,1
important,kinetics,1
important,skeleton,1
important,vehicle,1
important,layer,1
important,results,1
important,learning,1
important,subgraph,1
important,xps,1
important,pose,1
important,skeleton-based,1
important,informative,1
important,proposed,1
important,meaningful,1
important,revealed,1
important,probability,1
important,methodology,1
important,spatial,1
important,pubmed,1
important,sentiments,1
important,information,1
important,role,1
important,mcc,1
important,optimization,1
important,relationships,1
important,representation,1
important,represent,1
important,laplacian,1
important,topic,1
important,local,1
important,training,1
important,u-net,1
important,supervised,1
important,works,1
important,showed,1
important,optimal,1
important,pooling,1
important,key,1
important,technique,1
important,prediction,1
important,propagation,1
important,time,1
important,learn,1
important,neighbor,1
important,optical,1
important,modalities,1
important,module,1
important,representations,1
important,introduce,1
important,neural,1
important,user,1
important,management,1
important,predict,1
important,set,1
important,tumor,1
important,target,1
important,studies,1
important,recognition,1
important,multiple,1
important,ternary,1
important,trend,1
important,sparsity,1
important,recent,1
important,static,1
important,surface,1
important,significant,1
important,knowledge,1
important,temporal,1
important,predicting,1
important,number,1
important,validate,1
important,spatial-temporal,1
important,single,1
important,interaction,1
important,layers,1
important,task,1
important,step,1
important,machine,1
important,traffic,1
important,synthetic,1
important,real,1
important,visual,1
important,remote,1
important,splitting,1
important,parameters,1
important,rgb,1
important,improved,1
important,show,1
important,large,1
important,processing,1
important,previous,1
important,pairs,1
important,include,1
important,learns,1
important,photocatalytic,1
important,structural,1
important,success,1
important,variation,1
important,reactions,1
important,memory,1
important,unit,1
important,patterns,1
important,light,1
important,targets,1
important,multi-scale,1
important,utilization,1
important,structures,1
important,neighbors,1
important,part,1
important,progress,1
important,video,1
important,traditional,1
important,stability,1
important,sample,1
important,pollutants,1
important,tree,1
important,motion,1
important,types,1
important,protein,1
important,point,1
important,reported,1
important,remarkable,1
reactions,wide,1
reactions,structure,1
reactions,reduced,1
reactions,standards,1
reactions,rna,1
reactions,result,1
reactions,three-dimensional,1
reactions,recombination,1
reactions,utilized,1
reactions,work,1
reactions,similar,1
reactions,study,1
reactions,strategy,1
reactions,string,1
reactions,research,1
reactions,separation,1
reactions,sets,1
reactions,years,1
reactions,sites,1
reactions,rnas,1
reactions,recently,1
reactions,system,1
reactions,water,1
reactions,results,1
reactions,xps,1
reactions,revealed,1
reactions,spatial,1
reactions,representation,1
reactions,topic,1
reactions,showed,1
reactions,technique,1
reactions,time,1
reactions,representations,1
reactions,user,1
reactions,set,1
reactions,studies,1
reactions,ternary,1
reactions,recent,1
reactions,surface,1
reactions,significant,1
reactions,task,1
reactions,step,1
reactions,splitting,1
reactions,show,1
reactions,structural,1
reactions,success,1
reactions,targets,1
reactions,utilization,1
reactions,structures,1
reactions,stability,1
reactions,sample,1
reactions,types,1
reactions,reported,1
reactions,remarkable,1
memory,paper,1
memory,named,1
memory,method,1
memory,methods,1
memory,wide,1
memory,specifically,1
memory,structure,1
memory,present,1
memory,rarely,1
memory,published,1
memory,reduced,1
memory,obtained,1
memory,systems,1
memory,network,1
memory,networks,1
memory,noise,1
memory,proposes,1
memory,models,1
memory,result,1
memory,three-dimensional,1
memory,problem,1
memory,node,1
memory,performance,1
memory,real-world,1
memory,owing,1
memory,propose,1
memory,roads,1
memory,tasks,1
memory,utilized,1
memory,process,1
memory,work,1
memory,nodes,1
memory,mixed,1
memory,similar,1
memory,smoothing,1
memory,perform,1
memory,study,1
memory,strategy,1
memory,presents,1
memory,viable,1
memory,outperform,1
memory,samples,1
memory,research,1
memory,pressure,1
memory,numerous,1
memory,sets,1
memory,simultaneously,1
memory,resulting,1
memory,sciences,1
memory,transformers,1
memory,videos,1
memory,years,1
memory,rely,1
memory,relation,1
memory,relations,1
memory,understanding,1
memory,model,1
memory,sites,1
memory,points,1
memory,smiles,1
memory,technologies,1
memory,softmax,1
memory,patients,1
memory,patient,1
memory,similarity,1
memory,recently,1
memory,molecules,1
memory,molecule,1
memory,unsupervised,1
memory,secure,1
memory,words,1
memory,transformer,1
memory,system,1
memory,water,1
memory,skeleton,1
memory,vehicle,1
memory,results,1
memory,pose,1
memory,skeleton-based,1
memory,proposed,1
memory,probability,1
memory,methodology,1
memory,spatial,1
memory,pubmed,1
memory,role,1
memory,optimization,1
memory,relationships,1
memory,representation,1
memory,represent,1
memory,topic,1
memory,updated,1
memory,training,1
memory,supervised,1
memory,works,1
memory,showed,1
memory,optimal,1
memory,pooling,1
memory,technique,1
memory,prediction,1
memory,propagation,1
memory,time,1
memory,neighbor,1
memory,module,1
memory,representations,1
memory,neural,1
memory,user,1
memory,predict,1
memory,set,1
memory,target,1
memory,studies,1
memory,recognition,1
memory,multiple,1
memory,trend,1
memory,sparsity,1
memory,recent,1
memory,static,1
memory,surface,1
memory,significant,1
memory,temporal,1
memory,predicting,1
memory,number,1
memory,validate,1
memory,spatial-temporal,1
memory,single,1
memory,task,1
memory,step,1
memory,traffic,1
memory,synthetic,1
memory,real,1
memory,visual,1
memory,remote,1
memory,parameters,1
memory,rgb,1
memory,show,1
memory,processing,1
memory,previous,1
memory,structural,1
memory,success,1
memory,variation,1
memory,reactions,1
memory,unit,1
memory,patterns,1
memory,multi-scale,1
memory,utilization,1
memory,structures,1
memory,neighbors,1
memory,part,1
memory,video,1
memory,traditional,1
memory,stability,1
memory,sample,1
memory,pollutants,1
memory,motion,1
memory,types,1
memory,protein,1
memory,point,1
memory,remarkable,1
unit,wide,1
unit,utilized,1
unit,work,1
unit,videos,1
unit,years,1
unit,words,1
unit,water,1
unit,vehicle,1
unit,works,1
unit,user,1
unit,validate,1
unit,visual,1
unit,variation,1
gated,paper,1
gated,named,1
gated,method,1
gated,methods,1
gated,wide,1
gated,specifically,1
gated,structure,1
gated,input,1
gated,ignore,1
gated,graph,1
gated,rarely,1
gated,published,1
gated,generally,1
gated,increasing,1
gated,reduced,1
gated,obtained,1
gated,generated,1
gated,systems,1
gated,network,1
gated,standards,1
gated,networks,1
gated,noise,1
gated,proposes,1
gated,models,1
gated,result,1
gated,problem,1
gated,node,1
gated,performance,1
gated,limited,1
gated,real-world,1
gated,owing,1
gated,propose,1
gated,roads,1
gated,tasks,1
gated,utilized,1
gated,process,1
gated,work,1
gated,gcn,1
gated,nodes,1
gated,similar,1
gated,perform,1
gated,study,1
gated,strategy,1
gated,presents,1
gated,outperform,1
gated,samples,1
gated,research,1
gated,graphs,1
gated,requirement,1
gated,numerous,1
gated,sets,1
gated,simultaneously,1
gated,resulting,1
gated,plant,1
gated,language,1
gated,rely,1
gated,heavily,1
gated,gps,1
gated,obu,1
gated,gcns,1
gated,relations,1
gated,typically,1
gated,understanding,1
gated,kitti,1
gated,heterogeneous,1
gated,model,1
gated,points,1
gated,improve,1
gated,lstm,1
gated,technologies,1
gated,softmax,1
gated,similarity,1
gated,recently,1
gated,molecules,1
gated,molecule,1
gated,words,1
gated,system,1
gated,water,1
gated,vehicle,1
gated,layer,1
gated,results,1
gated,learning,1
gated,graph-based,1
gated,proposed,1
gated,revealed,1
gated,spatial,1
gated,information,1
gated,role,1
gated,optimization,1
gated,relationships,1
gated,representation,1
gated,represent,1
gated,laplacian,1
gated,topic,1
gated,global,1
gated,local,1
gated,training,1
gated,works,1
gated,generate,1
gated,showed,1
gated,optimal,1
gated,key,1
gated,human,1
gated,technique,1
gated,prediction,1
gated,time,1
gated,learn,1
gated,neighbor,1
gated,high,1
gated,module,1
gated,representations,1
gated,introduce,1
gated,neural,1
gated,user,1
gated,management,1
gated,predict,1
gated,set,1
gated,target,1
gated,studies,1
gated,recognition,1
gated,identify,1
gated,multiple,1
gated,trend,1
gated,recent,1
gated,static,1
gated,surface,1
gated,significant,1
gated,knowledge,1
gated,temporal,1
gated,identification,1
gated,predicting,1
gated,number,1
gated,validate,1
gated,spatial-temporal,1
gated,single,1
gated,interaction,1
gated,layers,1
gated,task,1
gated,step,1
gated,machine,1
gated,traffic,1
gated,real,1
gated,remote,1
gated,parameters,1
gated,improved,1
gated,show,1
gated,large,1
gated,processing,1
gated,previous,1
gated,pairs,1
gated,include,1
gated,structural,1
gated,variation,1
gated,identifying,1
gated,important,1
gated,memory,1
gated,unit,1
gated,patterns,1
gated,great,1
gated,utilization,1
gated,structures,1
gated,neighbors,1
gated,part,1
gated,traditional,1
gated,sample,1
gated,tree,1
gated,motion,1
gated,types,1
gated,point,1
patterns,wide,1
patterns,specifically,1
patterns,structure,1
patterns,present,1
patterns,published,1
patterns,reduced,1
patterns,systems,1
patterns,rna,1
patterns,proposes,1
patterns,result,1
patterns,three-dimensional,1
patterns,problem,1
patterns,performance,1
patterns,real-world,1
patterns,propose,1
patterns,tasks,1
patterns,utilized,1
patterns,process,1
patterns,seoul,1
patterns,proteins,1
patterns,work,1
patterns,similar,1
patterns,perform,1
patterns,study,1
patterns,strategy,1
patterns,presents,1
patterns,viable,1
patterns,u-shaped,1
patterns,samples,1
patterns,research,1
patterns,pressure,1
patterns,requirement,1
patterns,sets,1
patterns,simultaneously,1
patterns,resulting,1
patterns,plant,1
patterns,videos,1
patterns,years,1
patterns,theory,1
patterns,rely,1
patterns,relation,1
patterns,relations,1
patterns,typically,1
patterns,understanding,1
patterns,sites,1
patterns,points,1
patterns,technologies,1
patterns,softmax,1
patterns,similarity,1
patterns,rnas,1
patterns,recently,1
patterns,unsupervised,1
patterns,words,1
patterns,transformer,1
patterns,system,1
patterns,water,1
patterns,skeleton,1
patterns,vehicle,1
patterns,results,1
patterns,subgraph,1
patterns,pose,1
patterns,skeletongait,1
patterns,proposed,1
patterns,revealed,1
patterns,spatial,1
patterns,role,1
patterns,relationships,1
patterns,representation,1
patterns,represent,1
patterns,topic,1
patterns,training,1
patterns,supervised,1
patterns,works,1
patterns,showed,1
patterns,pooling,1
patterns,technique,1
patterns,prediction,1
patterns,propagation,1
patterns,time,1
patterns,representations,1
patterns,user,1
patterns,predict,1
patterns,set,1
patterns,target,1
patterns,studies,1
patterns,recognition,1
patterns,trend,1
patterns,sparsity,1
patterns,recent,1
patterns,static,1
patterns,surface,1
patterns,significant,1
patterns,temporal,1
patterns,predicting,1
patterns,validate,1
patterns,spatial-temporal,1
patterns,single,1
patterns,task,1
patterns,step,1
patterns,traffic,1
patterns,synthetic,1
patterns,real,1
patterns,visual,1
patterns,remote,1
patterns,rgb,1
patterns,show,1
patterns,processing,1
patterns,previous,1
patterns,structural,1
patterns,success,1
patterns,reactions,1
patterns,unit,1
patterns,targets,1
patterns,utilization,1
patterns,structures,1
patterns,progress,1
patterns,video,1
patterns,traditional,1
patterns,stability,1
patterns,sample,1
patterns,pollutants,1
patterns,tree,1
patterns,types,1
patterns,protein,1
patterns,point,1
patterns,reported,1
field,paper,1
field,named,1
field,method,1
field,methods,1
field,inferred,1
field,wide,1
field,specifically,1
field,structure,1
field,input,1
field,ignore,1
field,graph,1
field,low-pass,1
field,metal,1
field,nitride,1
field,present,1
field,literature,1
field,pharmacology,1
field,published,1
field,generally,1
field,increasing,1
field,reduced,1
field,gap,1
field,independently,1
field,obtained,1
field,generated,1
field,systems,1
field,network,1
field,networks,1
field,noise,1
field,tcga,1
field,proposes,1
field,models,1
field,result,1
field,pharmacological,1
field,problem,1
field,node,1
field,performance,1
field,limited,1
field,recombination,1
field,real-world,1
field,thousands,1
field,owing,1
field,propose,1
field,roads,1
field,tasks,1
field,utilized,1
field,process,1
field,proteins,1
field,time-consuming,1
field,heterojunction,1
field,work,1
field,graphitic,1
field,gcn,1
field,nodes,1
field,similar,1
field,smoothing,1
field,perform,1
field,study,1
field,strategy,1
field,presents,1
field,viable,1
field,outperform,1
field,sgc,1
field,samples,1
field,research,1
field,pressure,1
field,graphs,1
field,requirement,1
field,numerous,1
field,separation,1
field,sets,1
field,simultaneously,1
field,holes,1
field,resulting,1
field,photocatalyst,1
field,plant,1
field,transformers,1
field,harmful,1
field,videos,1
field,years,1
field,language,1
field,theory,1
field,leading,1
field,rely,1
field,material,1
field,gcns,1
field,relation,1
field,relations,1
field,typically,1
field,firstly,1
field,understanding,1
field,heterogeneous,1
field,model,1
field,sites,1
field,points,1
field,improve,1
field,lstm,1
field,smiles,1
field,technologies,1
field,svm,1
field,softmax,1
field,formed,1
field,patients,1
field,patient,1
field,similarity,1
field,fourier,1
field,recently,1
field,molecules,1
field,molecule,1
field,ntu,1
field,unsupervised,1
field,nlp,1
field,words,1
field,transformer,1
field,system,1
field,water,1
field,wiki,1
field,kinetics,1
field,skeleton,1
field,framework,1
field,vehicle,1
field,layer,1
field,results,1
field,learning,1
field,ftir,1
field,xps,1
field,pose,1
field,skeleton-based,1
field,graph-based,1
field,proposed,1
field,meaningful,1
field,revealed,1
field,gcaru,1
field,probability,1
field,methodology,1
field,spatial,1
field,pubmed,1
field,information,1
field,role,1
field,optimization,1
field,relationships,1
field,representation,1
field,represent,1
field,generative,1
field,laplacian,1
field,topic,1
field,global,1
field,local,1
field,training,1
field,u-net,1
field,supervised,1
field,works,1
field,generate,1
field,showed,1
field,optimal,1
field,pooling,1
field,key,1
field,human,1
field,technique,1
field,prediction,1
field,propagation,1
field,time,1
field,learn,1
field,neighbor,1
field,single-granular,1
field,optical,1
field,focus,1
field,modalities,1
field,high,1
field,module,1
field,representations,1
field,introduce,1
field,neural,1
field,user,1
field,management,1
field,predict,1
field,set,1
field,fully,1
field,tumor,1
field,target,1
field,studies,1
field,recognition,1
field,identify,1
field,multiple,1
field,trend,1
field,sparsity,1
field,recent,1
field,gene,1
field,surface,1
field,significant,1
field,knowledge,1
field,temporal,1
field,identification,1
field,predicting,1
field,number,1
field,validate,1
field,gat,1
field,spatial-temporal,1
field,single,1
field,interaction,1
field,layers,1
field,task,1
field,step,1
field,machine,1
field,traffic,1
field,synthetic,1
field,real,1
field,visual,1
field,layouts,1
field,remote,1
field,parameters,1
field,rgb,1
field,improved,1
field,show,1
field,large,1
field,processing,1
field,previous,1
field,pairs,1
field,include,1
field,learns,1
field,photocatalytic,1
field,structural,1
field,success,1
field,variation,1
field,identifying,1
field,important,1
field,reactions,1
field,memory,1
field,unit,1
field,gated,1
field,patterns,1
field,great,1
field,light,1
field,functions,1
field,targets,1
field,multi-scale,1
field,utilization,1
field,structures,1
field,neighbors,1
field,progress,1
field,video,1
field,focuses,1
field,traditional,1
field,stability,1
field,sample,1
field,pollutants,1
field,tree,1
field,motion,1
field,types,1
field,protein,1
field,point,1
field,reported,1
field,remarkable,1
correction,methods,1
correction,structure,1
correction,input,1
correction,graph,1
correction,literature,1
correction,rarely,1
correction,extract,1
correction,generated,1
correction,network,1
correction,networks,1
correction,models,1
correction,result,1
correction,problem,1
correction,real-world,1
correction,process,1
correction,work,1
correction,gcn,1
correction,study,1
correction,strategy,1
correction,research,1
correction,separation,1
correction,resulting,1
correction,investigations,1
correction,features,1
correction,years,1
correction,model,1
correction,improve,1
correction,datasets,1
correction,data,1
correction,skeleton,1
correction,framework,1
correction,results,1
correction,learning,1
correction,skeleton-based,1
correction,proposed,1
correction,information,1
correction,evaluation,1
correction,role,1
correction,training,1
correction,optimal,1
correction,key,1
correction,human,1
correction,time,1
correction,neighbor,1
correction,high,1
correction,neural,1
correction,feature,1
correction,studies,1
correction,recognition,1
correction,multiple,1
correction,significant,1
correction,number,1
correction,spatial-temporal,1
correction,single,1
correction,layers,1
correction,show,1
correction,processing,1
correction,previous,1
correction,embedding,1
correction,neighbors,1
constructing,paper,1
constructing,named,1
constructing,method,1
constructing,methods,1
constructing,wide,1
constructing,specifically,1
constructing,demonstrates,1
constructing,dual,1
constructing,interacts,1
constructing,structure,1
constructing,input,1
constructing,existing,1
constructing,ignore,1
constructing,graph,1
constructing,nitride,1
constructing,present,1
constructing,literature,1
constructing,extract,1
constructing,published,1
constructing,increasing,1
constructing,reduced,1
constructing,developed,1
constructing,roofs,1
constructing,independently,1
constructing,explicitly,1
constructing,obtained,1
constructing,generated,1
constructing,systems,1
constructing,network,1
constructing,networks,1
constructing,noise,1
constructing,extracting,1
constructing,proposes,1
constructing,critical,1
constructing,models,1
constructing,result,1
constructing,efficient,1
constructing,three-dimensional,1
constructing,problem,1
constructing,node,1
constructing,performance,1
constructing,limited,1
constructing,fast,1
constructing,recombination,1
constructing,real-world,1
constructing,thousands,1
constructing,owing,1
constructing,propose,1
constructing,tasks,1
constructing,utilized,1
constructing,process,1
constructing,proteins,1
constructing,time-consuming,1
constructing,experimental,1
constructing,elsevier,1
constructing,work,1
constructing,gcn,1
constructing,nodes,1
constructing,established,1
constructing,similar,1
constructing,perform,1
constructing,study,1
constructing,strategy,1
constructing,explore,1
constructing,samples,1
constructing,research,1
constructing,graphs,1
constructing,numerous,1
constructing,sets,1
constructing,simultaneously,1
constructing,resulting,1
constructing,transformers,1
constructing,features,1
constructing,years,1
constructing,language,1
constructing,theory,1
constructing,leading,1
constructing,decisions,1
constructing,gcns,1
constructing,relation,1
constructing,relations,1
constructing,typically,1
constructing,firstly,1
constructing,understanding,1
constructing,convolutional,1
constructing,heterogeneous,1
constructing,model,1
constructing,due,1
constructing,sites,1
constructing,points,1
constructing,efficiency,1
constructing,improve,1
constructing,ethereum,1
constructing,lstm,1
constructing,technologies,1
constructing,softmax,1
constructing,euclidean,1
constructing,patients,1
constructing,patient,1
constructing,similarity,1
constructing,initiative,1
constructing,copy,1
constructing,recently,1
constructing,edges,1
constructing,secure,1
constructing,transformer,1
constructing,system,1
constructing,datasets,1
constructing,data,1
constructing,effectively,1
constructing,skeleton,1
constructing,framework,1
constructing,layer,1
constructing,results,1
constructing,learning,1
constructing,subgraph,1
constructing,pose,1
constructing,skeleton-based,1
constructing,graph-based,1
constructing,informative,1
constructing,dependencies,1
constructing,proposed,1
constructing,meaningful,1
constructing,revealed,1
constructing,methodology,1
constructing,spatial,1
constructing,pubmed,1
constructing,electron,1
constructing,information,1
constructing,role,1
constructing,optimization,1
constructing,relationships,1
constructing,representation,1
constructing,represent,1
constructing,generative,1
constructing,embeddings,1
constructing,laplacian,1
constructing,global,1
constructing,local,1
constructing,deep,1
constructing,training,1
constructing,correlations,1
constructing,supervised,1
constructing,error,1
constructing,generate,1
constructing,showed,1
constructing,optimal,1
constructing,pooling,1
constructing,dataset,1
constructing,key,1
constructing,human,1
constructing,technique,1
constructing,prediction,1
constructing,factors,1
constructing,propagation,1
constructing,time,1
constructing,daily,1
constructing,learn,1
constructing,neighbor,1
constructing,evolution,1
constructing,focus,1
constructing,desirable,1
constructing,modalities,1
constructing,high,1
constructing,module,1
constructing,representations,1
constructing,introduce,1
constructing,neural,1
constructing,expression,1
constructing,user,1
constructing,management,1
constructing,predict,1
constructing,feature,1
constructing,set,1
constructing,fully,1
constructing,tumor,1
constructing,target,1
constructing,studies,1
constructing,dense,1
constructing,recognition,1
constructing,identify,1
constructing,convolution,1
constructing,multiple,1
constructing,trend,1
constructing,faces,1
constructing,recent,1
constructing,static,1
constructing,gene,1
constructing,surface,1
constructing,significant,1
constructing,immune,1
constructing,knowledge,1
constructing,temporal,1
constructing,identification,1
constructing,predicting,1
constructing,number,1
constructing,validate,1
constructing,gat,1
constructing,spatial-temporal,1
constructing,single,1
constructing,interaction,1
constructing,layers,1
constructing,task,1
constructing,energy,1
constructing,step,1
constructing,machine,1
constructing,traffic,1
constructing,real,1
constructing,visual,1
constructing,remote,1
constructing,parameters,1
constructing,improved,1
constructing,show,1
constructing,large,1
constructing,processing,1
constructing,previous,1
constructing,pairs,1
constructing,employed,1
constructing,learns,1
constructing,embedding,1
constructing,effective,1
constructing,photocatalytic,1
constructing,structural,1
constructing,success,1
constructing,identifying,1
constructing,important,1
constructing,memory,1
constructing,unit,1
constructing,gated,1
constructing,patterns,1
constructing,field,1
constructing,great,1
constructing,light,1
constructing,functions,1
constructing,multi-scale,1
constructing,utilization,1
constructing,structures,1
constructing,neighbors,1
constructing,progress,1
constructing,video,1
constructing,traditional,1
constructing,stability,1
constructing,sample,1
constructing,designed,1
constructing,pollutants,1
constructing,diffusion,1
constructing,tree,1
constructing,types,1
constructing,protein,1
constructing,point,1
constructing,remarkable,1
comprehensive,paper,1
comprehensive,named,1
comprehensive,method,1
comprehensive,methods,1
comprehensive,intuitively,1
comprehensive,wide,1
comprehensive,specifically,1
comprehensive,dual,1
comprehensive,interacts,1
comprehensive,structure,1
comprehensive,input,1
comprehensive,existing,1
comprehensive,ignore,1
comprehensive,graph,1
comprehensive,connecting,1
comprehensive,considered,1
comprehensive,low-pass,1
comprehensive,metal,1
comprehensive,nitride,1
comprehensive,present,1
comprehensive,extract,1
comprehensive,published,1
comprehensive,generally,1
comprehensive,increasing,1
comprehensive,reduced,1
comprehensive,gap,1
comprehensive,developed,1
comprehensive,hyperlinks,1
comprehensive,explicitly,1
comprehensive,obtained,1
comprehensive,generated,1
comprehensive,systems,1
comprehensive,network,1
comprehensive,standards,1
comprehensive,networks,1
comprehensive,noise,1
comprehensive,extracting,1
comprehensive,rna,1
comprehensive,proposes,1
comprehensive,critical,1
comprehensive,membranes,1
comprehensive,models,1
comprehensive,result,1
comprehensive,efficient,1
comprehensive,problem,1
comprehensive,node,1
comprehensive,performance,1
comprehensive,limited,1
comprehensive,real-world,1
comprehensive,owing,1
comprehensive,propose,1
comprehensive,tasks,1
comprehensive,utilized,1
comprehensive,process,1
comprehensive,proteins,1
comprehensive,time-consuming,1
comprehensive,experimental,1
comprehensive,elsevier,1
comprehensive,liquid,1
comprehensive,work,1
comprehensive,graphitic,1
comprehensive,gcn,1
comprehensive,nodes,1
comprehensive,established,1
comprehensive,mixed,1
comprehensive,excellent,1
comprehensive,similar,1
comprehensive,smoothing,1
comprehensive,perform,1
comprehensive,study,1
comprehensive,strategy,1
comprehensive,presents,1
comprehensive,viable,1
comprehensive,outperform,1
comprehensive,explore,1
comprehensive,sgc,1
comprehensive,u-shaped,1
comprehensive,samples,1
comprehensive,research,1
comprehensive,graphs,1
comprehensive,numerous,1
comprehensive,separation,1
comprehensive,sets,1
comprehensive,simultaneously,1
comprehensive,markers,1
comprehensive,resulting,1
comprehensive,investigations,1
comprehensive,transformers,1
comprehensive,videos,1
comprehensive,features,1
comprehensive,years,1
comprehensive,language,1
comprehensive,theory,1
comprehensive,leading,1
comprehensive,rely,1
comprehensive,decisions,1
comprehensive,heavily,1
comprehensive,material,1
comprehensive,gcns,1
comprehensive,relation,1
comprehensive,relations,1
comprehensive,typically,1
comprehensive,firstly,1
comprehensive,understanding,1
comprehensive,kitti,1
comprehensive,convolutional,1
comprehensive,heterogeneous,1
comprehensive,model,1
comprehensive,due,1
comprehensive,sites,1
comprehensive,points,1
comprehensive,efficiency,1
comprehensive,improve,1
comprehensive,lstm,1
comprehensive,technologies,1
comprehensive,softmax,1
comprehensive,formed,1
comprehensive,euclidean,1
comprehensive,patients,1
comprehensive,patient,1
comprehensive,similarity,1
comprehensive,rnas,1
comprehensive,decades,1
comprehensive,copy,1
comprehensive,recently,1
comprehensive,fixation,1
comprehensive,molecule,1
comprehensive,edges,1
comprehensive,unsupervised,1
comprehensive,matthews,1
comprehensive,secure,1
comprehensive,nlp,1
comprehensive,words,1
comprehensive,transformer,1
comprehensive,system,1
comprehensive,water,1
comprehensive,datasets,1
comprehensive,data,1
comprehensive,effectively,1
comprehensive,surge,1
comprehensive,data-driven,1
comprehensive,kinetics,1
comprehensive,skeleton,1
comprehensive,framework,1
comprehensive,guided,1
comprehensive,end,1
comprehensive,layer,1
comprehensive,results,1
comprehensive,learning,1
comprehensive,pose,1
comprehensive,skeleton-based,1
comprehensive,graph-based,1
comprehensive,informative,1
comprehensive,dependencies,1
comprehensive,proposed,1
comprehensive,conduct,1
comprehensive,meaningful,1
comprehensive,revealed,1
comprehensive,gcaru,1
comprehensive,probability,1
comprehensive,methodology,1
comprehensive,spatial,1
comprehensive,sentiments,1
comprehensive,electron,1
comprehensive,information,1
comprehensive,evaluation,1
comprehensive,role,1
comprehensive,mcc,1
comprehensive,optimization,1
comprehensive,relationships,1
comprehensive,representation,1
comprehensive,represent,1
comprehensive,generative,1
comprehensive,unifying,1
comprehensive,embeddings,1
comprehensive,laplacian,1
comprehensive,topic,1
comprehensive,updated,1
comprehensive,global,1
comprehensive,local,1
comprehensive,deep,1
comprehensive,training,1
comprehensive,correlations,1
comprehensive,u-net,1
comprehensive,supervised,1
comprehensive,error,1
comprehensive,works,1
comprehensive,generate,1
comprehensive,showed,1
comprehensive,optimal,1
comprehensive,pooling,1
comprehensive,dataset,1
comprehensive,key,1
comprehensive,human,1
comprehensive,technique,1
comprehensive,prediction,1
comprehensive,factors,1
comprehensive,propagation,1
comprehensive,time,1
comprehensive,daily,1
comprehensive,learn,1
comprehensive,neighbor,1
comprehensive,evolution,1
comprehensive,optical,1
comprehensive,focus,1
comprehensive,desirable,1
comprehensive,modalities,1
comprehensive,high,1
comprehensive,module,1
comprehensive,representations,1
comprehensive,introduce,1
comprehensive,neural,1
comprehensive,expression,1
comprehensive,user,1
comprehensive,management,1
comprehensive,predict,1
comprehensive,feature,1
comprehensive,set,1
comprehensive,fully,1
comprehensive,tumor,1
comprehensive,target,1
comprehensive,studies,1
comprehensive,dense,1
comprehensive,recognition,1
comprehensive,identify,1
comprehensive,convolution,1
comprehensive,multiple,1
comprehensive,ternary,1
comprehensive,trend,1
comprehensive,sparsity,1
comprehensive,faces,1
comprehensive,recent,1
comprehensive,static,1
comprehensive,gene,1
comprehensive,surface,1
comprehensive,significant,1
comprehensive,immune,1
comprehensive,knowledge,1
comprehensive,temporal,1
comprehensive,identification,1
comprehensive,predicting,1
comprehensive,number,1
comprehensive,validate,1
comprehensive,gat,1
comprehensive,spatial-temporal,1
comprehensive,single,1
comprehensive,interaction,1
comprehensive,layers,1
comprehensive,task,1
comprehensive,energy,1
comprehensive,step,1
comprehensive,machine,1
comprehensive,traffic,1
comprehensive,real,1
comprehensive,visual,1
comprehensive,remote,1
comprehensive,splitting,1
comprehensive,parameters,1
comprehensive,rgb,1
comprehensive,improved,1
comprehensive,show,1
comprehensive,large,1
comprehensive,processing,1
comprehensive,conditions,1
comprehensive,previous,1
comprehensive,pairs,1
comprehensive,employed,1
comprehensive,include,1
comprehensive,learns,1
comprehensive,embedding,1
comprehensive,effective,1
comprehensive,photocatalytic,1
comprehensive,structural,1
comprehensive,success,1
comprehensive,identifying,1
comprehensive,important,1
comprehensive,memory,1
comprehensive,unit,1
comprehensive,gated,1
comprehensive,patterns,1
comprehensive,field,1
comprehensive,constructing,1
comprehensive,great,1
comprehensive,light,1
comprehensive,functions,1
comprehensive,targets,1
comprehensive,multi-scale,1
comprehensive,utilization,1
comprehensive,structures,1
comprehensive,neighbors,1
comprehensive,part,1
comprehensive,progress,1
comprehensive,video,1
comprehensive,focuses,1
comprehensive,traditional,1
comprehensive,stability,1
comprehensive,sample,1
comprehensive,designed,1
comprehensive,pollutants,1
comprehensive,diffusion,1
comprehensive,tree,1
comprehensive,motion,1
comprehensive,types,1
comprehensive,protein,1
comprehensive,point,1
comprehensive,reported,1
comprehensive,remarkable,1
accurate,paper,1
accurate,named,1
accurate,method,1
accurate,methods,1
accurate,intuitively,1
accurate,inferred,1
accurate,wide,1
accurate,specifically,1
accurate,demonstrates,1
accurate,dual,1
accurate,structure,1
accurate,input,1
accurate,existing,1
accurate,approaches,1
accurate,ignore,1
accurate,graph,1
accurate,connecting,1
accurate,considered,1
accurate,attributes,1
accurate,metal,1
accurate,nitride,1
accurate,present,1
accurate,literature,1
accurate,rarely,1
accurate,extract,1
accurate,published,1
accurate,generally,1
accurate,common,1
accurate,increasing,1
accurate,reduced,1
accurate,gap,1
accurate,developed,1
accurate,cancers,1
accurate,independently,1
accurate,explicitly,1
accurate,attention,1
accurate,obtained,1
accurate,generated,1
accurate,systems,1
accurate,network,1
accurate,standards,1
accurate,networks,1
accurate,noise,1
accurate,extracting,1
accurate,rna,1
accurate,proposes,1
accurate,critical,1
accurate,assessment,1
accurate,achieve,1
accurate,applications,1
accurate,models,1
accurate,result,1
accurate,beneficial,1
accurate,pharmacological,1
accurate,efficient,1
accurate,three-dimensional,1
accurate,classification,1
accurate,problem,1
accurate,node,1
accurate,address,1
accurate,performance,1
accurate,limited,1
accurate,fast,1
accurate,real-world,1
accurate,owing,1
accurate,propose,1
accurate,roads,1
accurate,tasks,1
accurate,alternatively,1
accurate,utilized,1
accurate,determination,1
accurate,process,1
accurate,proteins,1
accurate,encoded,1
accurate,time-consuming,1
accurate,experimental,1
accurate,elsevier,1
accurate,chemical,1
accurate,liquid,1
accurate,work,1
accurate,graphitic,1
accurate,gcn,1
accurate,nodes,1
accurate,established,1
accurate,mixed,1
accurate,excellent,1
accurate,capability,1
accurate,similar,1
accurate,perform,1
accurate,households,1
accurate,study,1
accurate,strategy,1
accurate,presents,1
accurate,outperform,1
accurate,string,1
accurate,descriptor,1
accurate,explore,1
accurate,u-shaped,1
accurate,samples,1
accurate,research,1
accurate,pressure,1
accurate,auc,1
accurate,graphs,1
accurate,requirement,1
accurate,numerous,1
accurate,separation,1
accurate,sets,1
accurate,simultaneously,1
accurate,area,1
accurate,resulting,1
accurate,investigations,1
accurate,transformers,1
accurate,activity,1
accurate,harmful,1
accurate,videos,1
accurate,features,1
accurate,years,1
accurate,language,1
accurate,theory,1
accurate,leading,1
accurate,rely,1
accurate,decisions,1
accurate,heavily,1
accurate,gps,1
accurate,obu,1
accurate,material,1
accurate,gcns,1
accurate,relation,1
accurate,relations,1
accurate,typically,1
accurate,firstly,1
accurate,understanding,1
accurate,convolutional,1
accurate,mscoco,1
accurate,heterogeneous,1
accurate,model,1
accurate,cnn,1
accurate,due,1
accurate,sites,1
accurate,cloud,1
accurate,points,1
accurate,efficiency,1
accurate,improve,1
accurate,lstm,1
accurate,bidirectional,1
accurate,technologies,1
accurate,capacity,1
accurate,softmax,1
accurate,formed,1
accurate,euclidean,1
accurate,patients,1
accurate,patient,1
accurate,similarity,1
accurate,annotations,1
accurate,algorithms,1
accurate,initiative,1
accurate,copy,1
accurate,recently,1
accurate,molecules,1
accurate,molecule,1
accurate,edges,1
accurate,unsupervised,1
accurate,matthews,1
accurate,nlp,1
accurate,words,1
accurate,transformer,1
accurate,system,1
accurate,water,1
accurate,datasets,1
accurate,data,1
accurate,effectively,1
accurate,data-driven,1
accurate,kinetics,1
accurate,skeleton,1
accurate,canadian,1
accurate,framework,1
accurate,vehicle,1
accurate,end,1
accurate,layer,1
accurate,results,1
accurate,learning,1
accurate,subgraph,1
accurate,pose,1
accurate,skeleton-based,1
accurate,algorithm,1
accurate,graph-based,1
accurate,informative,1
accurate,dependencies,1
accurate,proposed,1
accurate,based,1
accurate,conduct,1
accurate,meaningful,1
accurate,revealed,1
accurate,probability,1
accurate,methodology,1
accurate,spatial,1
accurate,electron,1
accurate,information,1
accurate,evaluation,1
accurate,role,1
accurate,auroc,1
accurate,optimization,1
accurate,relationships,1
accurate,representation,1
accurate,represent,1
accurate,generative,1
accurate,achieved,1
accurate,unifying,1
accurate,embeddings,1
accurate,topic,1
accurate,updated,1
accurate,global,1
accurate,local,1
accurate,deep,1
accurate,training,1
accurate,correlations,1
accurate,u-net,1
accurate,supervised,1
accurate,error,1
accurate,works,1
accurate,generate,1
accurate,capture,1
accurate,showed,1
accurate,optimal,1
accurate,presentation,1
accurate,indonesia,1
accurate,pooling,1
accurate,dataset,1
accurate,intratesticular,1
accurate,key,1
accurate,human,1
accurate,technique,1
accurate,prediction,1
accurate,factors,1
accurate,propagation,1
accurate,time,1
accurate,daily,1
accurate,learn,1
accurate,neighbor,1
accurate,evolution,1
accurate,approach,1
accurate,focus,1
accurate,desirable,1
accurate,modalities,1
accurate,high,1
accurate,module,1
accurate,representations,1
accurate,introduce,1
accurate,neural,1
accurate,expression,1
accurate,user,1
accurate,management,1
accurate,predict,1
accurate,feature,1
accurate,set,1
accurate,fully,1
accurate,complex,1
accurate,tumor,1
accurate,target,1
accurate,studies,1
accurate,dense,1
accurate,recognition,1
accurate,identify,1
accurate,convolution,1
accurate,challenges,1
accurate,multiple,1
accurate,trend,1
accurate,sparsity,1
accurate,faces,1
accurate,recent,1
accurate,static,1
accurate,gene,1
accurate,surface,1
accurate,significant,1
accurate,knowledge,1
accurate,temporal,1
accurate,identification,1
accurate,predicting,1
accurate,number,1
accurate,validate,1
accurate,gat,1
accurate,spatial-temporal,1
accurate,single,1
accurate,interaction,1
accurate,layers,1
accurate,task,1
accurate,challenging,1
accurate,energy,1
accurate,step,1
accurate,machine,1
accurate,traffic,1
accurate,communication,1
accurate,synthetic,1
accurate,real,1
accurate,visual,1
accurate,cells,1
accurate,remote,1
accurate,analysis,1
accurate,parameters,1
accurate,rgb,1
accurate,improved,1
accurate,show,1
accurate,large,1
accurate,processing,1
accurate,conditions,1
accurate,previous,1
accurate,pairs,1
accurate,employed,1
accurate,include,1
accurate,captures,1
accurate,learns,1
accurate,achieves,1
accurate,embedding,1
accurate,effective,1
accurate,structural,1
accurate,success,1
accurate,cases,1
accurate,variation,1
accurate,identifying,1
accurate,important,1
accurate,memory,1
accurate,unit,1
accurate,gated,1
accurate,patterns,1
accurate,field,1
accurate,correction,1
accurate,constructing,1
accurate,comprehensive,1
accurate,great,1
accurate,action,1
accurate,light,1
accurate,functions,1
accurate,targets,1
accurate,architecture,1
accurate,multi-scale,1
accurate,annotation,1
accurate,utilization,1
accurate,aggregation,1
accurate,structures,1
accurate,neighbors,1
accurate,part,1
accurate,video,1
accurate,focuses,1
accurate,capturing,1
accurate,traditional,1
accurate,affected,1
accurate,stability,1
accurate,sample,1
accurate,designed,1
accurate,pollutants,1
accurate,behaviors,1
accurate,diffusion,1
accurate,motion,1
accurate,types,1
accurate,protein,1
accurate,point,1
accurate,reported,1
accurate,background,1
accurate,center,1
great,paper,1
great,named,1
great,method,1
great,methods,1
great,intuitively,1
great,wide,1
great,specifically,1
great,structure,1
great,input,1
great,ignore,1
great,low-pass,1
great,metal,1
great,nitride,1
great,present,1
great,literature,1
great,published,1
great,increasing,1
great,reduced,1
great,independently,1
great,obtained,1
great,systems,1
great,network,1
great,networks,1
great,noise,1
great,tcga,1
great,proposes,1
great,membranes,1
great,models,1
great,result,1
great,three-dimensional,1
great,problem,1
great,node,1
great,performance,1
great,limited,1
great,recombination,1
great,real-world,1
great,owing,1
great,propose,1
great,roads,1
great,tasks,1
great,utilized,1
great,process,1
great,time-consuming,1
great,heterojunction,1
great,work,1
great,nodes,1
great,mixed,1
great,similar,1
great,smoothing,1
great,perform,1
great,households,1
great,study,1
great,strategy,1
great,presents,1
great,viable,1
great,outperform,1
great,u-shaped,1
great,samples,1
great,research,1
great,requirement,1
great,numerous,1
great,separation,1
great,sets,1
great,simultaneously,1
great,holes,1
great,resulting,1
great,photocatalyst,1
great,sciences,1
great,plant,1
great,transformers,1
great,videos,1
great,years,1
great,language,1
great,theory,1
great,leading,1
great,rely,1
great,heparin,1
great,relation,1
great,relations,1
great,typically,1
great,understanding,1
great,heterogeneous,1
great,model,1
great,sites,1
great,points,1
great,improve,1
great,photoreduction,1
great,lstm,1
great,technologies,1
great,softmax,1
great,patients,1
great,patient,1
great,similarity,1
great,rnas,1
great,recently,1
great,molecules,1
great,molecule,1
great,ntu,1
great,unsupervised,1
great,nlp,1
great,words,1
great,transformer,1
great,system,1
great,water,1
great,wiki,1
great,kinetics,1
great,skeleton,1
great,vehicle,1
great,guided,1
great,layer,1
great,results,1
great,learning,1
great,subgraph,1
great,xps,1
great,pose,1
great,skeleton-based,1
great,informative,1
great,proposed,1
great,meaningful,1
great,revealed,1
great,probability,1
great,spatial,1
great,pubmed,1
great,sentiments,1
great,information,1
great,role,1
great,optimization,1
great,relationships,1
great,representation,1
great,represent,1
great,unifying,1
great,topic,1
great,local,1
great,training,1
great,u-net,1
great,supervised,1
great,works,1
great,showed,1
great,optimal,1
great,pooling,1
great,key,1
great,human,1
great,technique,1
great,prediction,1
great,propagation,1
great,time,1
great,learn,1
great,single-granular,1
great,optical,1
great,modalities,1
great,high,1
great,module,1
great,representations,1
great,introduce,1
great,neural,1
great,user,1
great,management,1
great,predict,1
great,set,1
great,tumor,1
great,target,1
great,studies,1
great,recognition,1
great,identify,1
great,multiple,1
great,ternary,1
great,trend,1
great,sparsity,1
great,recent,1
great,static,1
great,surface,1
great,significant,1
great,immune,1
great,knowledge,1
great,temporal,1
great,identification,1
great,predicting,1
great,number,1
great,validate,1
great,spatial-temporal,1
great,single,1
great,interaction,1
great,layers,1
great,task,1
great,step,1
great,machine,1
great,traffic,1
great,synthetic,1
great,real,1
great,visual,1
great,remote,1
great,splitting,1
great,parameters,1
great,rgb,1
great,improved,1
great,show,1
great,large,1
great,processing,1
great,previous,1
great,pairs,1
great,include,1
great,learns,1
great,photocatalytic,1
great,structural,1
great,success,1
great,variation,1
great,identifying,1
great,important,1
great,reactions,1
great,memory,1
great,unit,1
great,patterns,1
great,light,1
great,multi-scale,1
great,structures,1
great,neighbors,1
great,part,1
great,progress,1
great,video,1
great,traditional,1
great,stability,1
great,sample,1
great,pollutants,1
great,tree,1
great,motion,1
great,types,1
great,protein,1
great,point,1
great,reported,1
great,remarkable,1
action,paper,1
action,named,1
action,method,1
action,methods,1
action,intuitively,1
action,wide,1
action,actions,1
action,specifically,1
action,demonstrates,1
action,dual,1
action,structure,1
action,input,1
action,existing,1
action,approaches,1
action,ignore,1
action,graph,1
action,connecting,1
action,considered,1
action,attributes,1
action,metal,1
action,nitride,1
action,present,1
action,literature,1
action,rarely,1
action,concentrated,1
action,extract,1
action,published,1
action,generally,1
action,common,1
action,increasing,1
action,reduced,1
action,gap,1
action,developed,1
action,explicitly,1
action,attention,1
action,obtained,1
action,generated,1
action,systems,1
action,network,1
action,networks,1
action,noise,1
action,extracting,1
action,proposes,1
action,critical,1
action,assessment,1
action,membranes,1
action,applications,1
action,models,1
action,result,1
action,efficient,1
action,classification,1
action,problem,1
action,node,1
action,address,1
action,performance,1
action,limited,1
action,fast,1
action,real-world,1
action,owing,1
action,propose,1
action,tasks,1
action,utilized,1
action,determination,1
action,process,1
action,proteins,1
action,time-consuming,1
action,experimental,1
action,elsevier,1
action,attack,1
action,heterojunction,1
action,work,1
action,gcn,1
action,nodes,1
action,established,1
action,excellent,1
action,capability,1
action,similar,1
action,perform,1
action,study,1
action,strategy,1
action,presents,1
action,outperform,1
action,descriptor,1
action,explore,1
action,samples,1
action,research,1
action,auc,1
action,graphs,1
action,numerous,1
action,separation,1
action,sets,1
action,simultaneously,1
action,area,1
action,resulting,1
action,photocatalyst,1
action,activity,1
action,videos,1
action,features,1
action,years,1
action,language,1
action,leading,1
action,rely,1
action,material,1
action,gcns,1
action,relation,1
action,relations,1
action,typically,1
action,firstly,1
action,understanding,1
action,convolutional,1
action,heterogeneous,1
action,model,1
action,cnn,1
action,due,1
action,sites,1
action,cloud,1
action,points,1
action,efficiency,1
action,improve,1
action,lstm,1
action,capacity,1
action,svm,1
action,softmax,1
action,similarity,1
action,algorithms,1
action,recently,1
action,molecules,1
action,ntu,1
action,edges,1
action,unsupervised,1
action,transformer,1
action,system,1
action,water,1
action,datasets,1
action,data,1
action,effectively,1
action,surge,1
action,data-driven,1
action,kinetics,1
action,skeleton,1
action,canadian,1
action,framework,1
action,vehicle,1
action,end,1
action,layer,1
action,results,1
action,learning,1
action,subgraph,1
action,xps,1
action,pose,1
action,skeleton-based,1
action,algorithm,1
action,graph-based,1
action,informative,1
action,dependencies,1
action,proposed,1
action,based,1
action,conduct,1
action,meaningful,1
action,revealed,1
action,spatial,1
action,electron,1
action,information,1
action,evaluation,1
action,role,1
action,auroc,1
action,optimization,1
action,relationships,1
action,representation,1
action,represent,1
action,generative,1
action,embeddings,1
action,topic,1
action,global,1
action,local,1
action,deep,1
action,training,1
action,correlations,1
action,supervised,1
action,error,1
action,works,1
action,generate,1
action,capture,1
action,showed,1
action,optimal,1
action,pooling,1
action,dataset,1
action,key,1
action,human,1
action,technique,1
action,prediction,1
action,factors,1
action,propagation,1
action,time,1
action,learn,1
action,neighbor,1
action,evolution,1
action,approach,1
action,focus,1
action,modalities,1
action,high,1
action,module,1
action,representations,1
action,introduce,1
action,neural,1
action,expression,1
action,user,1
action,management,1
action,predict,1
action,feature,1
action,set,1
action,fully,1
action,complex,1
action,tumor,1
action,target,1
action,studies,1
action,dense,1
action,recognition,1
action,identify,1
action,convolution,1
action,challenges,1
action,multiple,1
action,ternary,1
action,trend,1
action,recent,1
action,static,1
action,surface,1
action,significant,1
action,knowledge,1
action,temporal,1
action,identification,1
action,predicting,1
action,number,1
action,validate,1
action,gat,1
action,spatial-temporal,1
action,single,1
action,interaction,1
action,layers,1
action,task,1
action,challenging,1
action,energy,1
action,step,1
action,machine,1
action,traffic,1
action,communication,1
action,synthetic,1
action,real,1
action,visual,1
action,cells,1
action,remote,1
action,analysis,1
action,parameters,1
action,rgb,1
action,improved,1
action,show,1
action,large,1
action,processing,1
action,conditions,1
action,previous,1
action,pairs,1
action,employed,1
action,captures,1
action,learns,1
action,embedding,1
action,effective,1
action,photocatalytic,1
action,structural,1
action,success,1
action,identifying,1
action,important,1
action,memory,1
action,unit,1
action,patterns,1
action,field,1
action,correction,1
action,constructing,1
action,comprehensive,1
action,great,1
action,light,1
action,functions,1
action,targets,1
action,architecture,1
action,multi-scale,1
action,annotation,1
action,utilization,1
action,aggregation,1
action,structures,1
action,neighbors,1
action,adsorption,1
action,part,1
action,progress,1
action,video,1
action,focuses,1
action,capturing,1
action,traditional,1
action,sample,1
action,designed,1
action,pollutants,1
action,behaviors,1
action,diffusion,1
action,tree,1
action,motion,1
action,types,1
action,point,1
action,remarkable,1
action,background,1
action,center,1
light,paper,1
light,named,1
light,method,1
light,methods,1
light,wide,1
light,specifically,1
light,structure,1
light,metal,1
light,nitride,1
light,present,1
light,literature,1
light,rarely,1
light,published,1
light,reduced,1
light,obtained,1
light,systems,1
light,network,1
light,networks,1
light,noise,1
light,pei-gcn,1
light,proposes,1
light,membranes,1
light,models,1
light,result,1
light,problem,1
light,node,1
light,performance,1
light,limited,1
light,recombination,1
light,real-world,1
light,owing,1
light,propose,1
light,utilized,1
light,process,1
light,nitrogen-rich,1
light,tubes,1
light,liquid,1
light,work,1
light,nodes,1
light,mixed,1
light,similar,1
light,perform,1
light,study,1
light,strategy,1
light,presents,1
light,samples,1
light,research,1
light,pressure,1
light,numerous,1
light,separation,1
light,simultaneously,1
light,resulting,1
light,photocatalyst,1
light,sciences,1
light,medica,1
light,videos,1
light,years,1
light,theory,1
light,rely,1
light,material,1
light,relation,1
light,relations,1
light,typically,1
light,understanding,1
light,model,1
light,sites,1
light,photoreduction,1
light,lstm,1
light,technologies,1
light,patients,1
light,recently,1
light,molecules,1
light,molecule,1
light,ntu,1
light,system,1
light,water,1
light,nanosized,1
light,skeleton,1
light,results,1
light,xps,1
light,pose,1
light,skeleton-based,1
light,proposed,1
light,meaningful,1
light,revealed,1
light,methodology,1
light,spatial,1
light,role,1
light,optimization,1
light,representation,1
light,represent,1
light,topic,1
light,local,1
light,training,1
light,works,1
light,showed,1
light,optimal,1
light,technique,1
light,prediction,1
light,propagation,1
light,time,1
light,optical,1
light,module,1
light,representations,1
light,neural,1
light,user,1
light,predict,1
light,set,1
light,target,1
light,studies,1
light,recognition,1
light,multiple,1
light,ternary,1
light,trend,1
light,sparsity,1
light,recent,1
light,surface,1
light,significant,1
light,temporal,1
light,number,1
light,spatial-temporal,1
light,task,1
light,step,1
light,traffic,1
light,synthetic,1
light,real,1
light,remote,1
light,splitting,1
light,parameters,1
light,rgb,1
light,show,1
light,processing,1
light,previous,1
light,pairs,1
light,photocatalytic,1
light,structural,1
light,success,1
light,variation,1
light,reactions,1
light,memory,1
light,unit,1
light,patterns,1
light,targets,1
light,utilization,1
light,structures,1
light,neighbors,1
light,part,1
light,progress,1
light,video,1
light,traditional,1
light,stability,1
light,sample,1
light,pollutants,1
light,tree,1
light,types,1
light,protein,1
light,point,1
light,reported,1
light,remarkable,1
functions,paper,1
functions,named,1
functions,method,1
functions,methods,1
functions,specifically,1
functions,interacts,1
functions,structure,1
functions,input,1
functions,ignore,1
functions,graph,1
functions,metal,1
functions,present,1
functions,literature,1
functions,rarely,1
functions,published,1
functions,generally,1
functions,increasing,1
functions,reduced,1
functions,gap,1
functions,obtained,1
functions,generated,1
functions,systems,1
functions,network,1
functions,networks,1
functions,rna,1
functions,tcga,1
functions,proposes,1
functions,models,1
functions,result,1
functions,three-dimensional,1
functions,problem,1
functions,node,1
functions,performance,1
functions,limited,1
functions,real-world,1
functions,thousands,1
functions,owing,1
functions,propose,1
functions,tasks,1
functions,utilized,1
functions,process,1
functions,proteins,1
functions,work,1
functions,gcn,1
functions,nodes,1
functions,similar,1
functions,perform,1
functions,study,1
functions,presents,1
functions,samples,1
functions,research,1
functions,graphs,1
functions,numerous,1
functions,sets,1
functions,simultaneously,1
functions,markers,1
functions,n-acetyltransferase,1
functions,resulting,1
functions,years,1
functions,language,1
functions,theory,1
functions,leading,1
functions,rely,1
functions,gcns,1
functions,relations,1
functions,typically,1
functions,understanding,1
functions,heterogeneous,1
functions,model,1
functions,sites,1
functions,points,1
functions,improve,1
functions,lstm,1
functions,technologies,1
functions,svm,1
functions,patients,1
functions,patient,1
functions,similarity,1
functions,rnas,1
functions,recently,1
functions,molecules,1
functions,molecule,1
functions,unsupervised,1
functions,matthews,1
functions,words,1
functions,transformer,1
functions,system,1
functions,water,1
functions,surge,1
functions,kinetics,1
functions,layer,1
functions,results,1
functions,learning,1
functions,pose,1
functions,graph-based,1
functions,informative,1
functions,proposed,1
functions,revealed,1
functions,probability,1
functions,methodology,1
functions,spatial,1
functions,information,1
functions,role,1
functions,mcc,1
functions,optimization,1
functions,relationships,1
functions,representation,1
functions,represent,1
functions,generative,1
functions,unifying,1
functions,updated,1
functions,global,1
functions,local,1
functions,training,1
functions,supervised,1
functions,works,1
functions,generate,1
functions,showed,1
functions,key,1
functions,human,1
functions,technique,1
functions,prediction,1
functions,propagation,1
functions,time,1
functions,learn,1
functions,neighbor,1
functions,modalities,1
functions,high,1
functions,module,1
functions,representations,1
functions,introduce,1
functions,neural,1
functions,user,1
functions,predict,1
functions,set,1
functions,studies,1
functions,recognition,1
functions,identify,1
functions,multiple,1
functions,trend,1
functions,sparsity,1
functions,recent,1
functions,static,1
functions,gene,1
functions,surface,1
functions,significant,1
functions,immune,1
functions,knowledge,1
functions,temporal,1
functions,identification,1
functions,predicting,1
functions,number,1
functions,validate,1
functions,gat,1
functions,single,1
functions,interaction,1
functions,layers,1
functions,task,1
functions,step,1
functions,machine,1
functions,traffic,1
functions,synthetic,1
functions,real,1
functions,visual,1
functions,remote,1
functions,parameters,1
functions,improved,1
functions,show,1
functions,large,1
functions,previous,1
functions,pairs,1
functions,include,1
functions,structural,1
functions,success,1
functions,variation,1
functions,identifying,1
functions,important,1
functions,reactions,1
functions,memory,1
functions,unit,1
functions,gated,1
functions,patterns,1
functions,great,1
functions,utilization,1
functions,structures,1
functions,neighbors,1
functions,part,1
functions,traditional,1
functions,stability,1
functions,sample,1
functions,tree,1
functions,types,1
functions,protein,1
functions,reported,1
targets,tcga,1
targets,thousands,1
targets,tasks,1
targets,utilized,1
targets,time-consuming,1
targets,work,1
targets,trna,1
targets,years,1
targets,typically,1
targets,unsupervised,1
targets,words,1
targets,transformer,1
targets,topic,1
targets,training,1
targets,technique,1
targets,time,1
targets,tumor,1
targets,trend,1
targets,temporal,1
targets,validate,1
targets,task,1
targets,visual,1
targets,utilization,1
targets,tree,1
targets,types,1
architecture,paper,1
architecture,named,1
architecture,method,1
architecture,methods,1
architecture,wide,1
architecture,specifically,1
architecture,demonstrates,1
architecture,dual,1
architecture,interacts,1
architecture,structure,1
architecture,input,1
architecture,existing,1
architecture,ignore,1
architecture,graph,1
architecture,considered,1
architecture,attributes,1
architecture,present,1
architecture,literature,1
architecture,rarely,1
architecture,extract,1
architecture,published,1
architecture,generally,1
architecture,common,1
architecture,increasing,1
architecture,reduced,1
architecture,gap,1
architecture,developed,1
architecture,independently,1
architecture,explicitly,1
architecture,attention,1
architecture,obtained,1
architecture,generated,1
architecture,systems,1
architecture,network,1
architecture,networks,1
architecture,noise,1
architecture,extracting,1
architecture,rna,1
architecture,proposes,1
architecture,assist,1
architecture,critical,1
architecture,models,1
architecture,result,1
architecture,beneficial,1
architecture,efficient,1
architecture,three-dimensional,1
architecture,classification,1
architecture,problem,1
architecture,node,1
architecture,performance,1
architecture,limited,1
architecture,real-world,1
architecture,thousands,1
architecture,owing,1
architecture,propose,1
architecture,tasks,1
architecture,utilized,1
architecture,determination,1
architecture,process,1
architecture,proteins,1
architecture,time-consuming,1
architecture,experimental,1
architecture,prohibitively,1
architecture,elsevier,1
architecture,attack,1
architecture,chemical,1
architecture,work,1
architecture,gcn,1
architecture,nodes,1
architecture,established,1
architecture,mixed,1
architecture,excellent,1
architecture,capability,1
architecture,similar,1
architecture,smoothing,1
architecture,perform,1
architecture,study,1
architecture,strategy,1
architecture,presents,1
architecture,outperform,1
architecture,string,1
architecture,explore,1
architecture,sgc,1
architecture,u-shaped,1
architecture,samples,1
architecture,research,1
architecture,auc,1
architecture,graphs,1
architecture,requirement,1
architecture,numerous,1
architecture,sets,1
architecture,simultaneously,1
architecture,area,1
architecture,resulting,1
architecture,transformers,1
architecture,harmful,1
architecture,videos,1
architecture,features,1
architecture,years,1
architecture,language,1
architecture,theory,1
architecture,leading,1
architecture,rely,1
architecture,decisions,1
architecture,heavily,1
architecture,gcns,1
architecture,relation,1
architecture,relations,1
architecture,typically,1
architecture,firstly,1
architecture,understanding,1
architecture,imdb,1
architecture,convolutional,1
architecture,heterogeneous,1
architecture,model,1
architecture,cnn,1
architecture,due,1
architecture,cloud,1
architecture,points,1
architecture,efficiency,1
architecture,improve,1
architecture,ethereum,1
architecture,lstm,1
architecture,smiles,1
architecture,bidirectional,1
architecture,technologies,1
architecture,capacity,1
architecture,softmax,1
architecture,formed,1
architecture,patients,1
architecture,patient,1
architecture,similarity,1
architecture,fourier,1
architecture,initiative,1
architecture,copy,1
architecture,recently,1
architecture,molecules,1
architecture,molecule,1
architecture,ntu,1
architecture,edges,1
architecture,unsupervised,1
architecture,matthews,1
architecture,secure,1
architecture,words,1
architecture,transformer,1
architecture,system,1
architecture,datasets,1
architecture,data,1
architecture,effectively,1
architecture,surge,1
architecture,data-driven,1
architecture,kinetics,1
architecture,skeleton,1
architecture,framework,1
architecture,vehicle,1
architecture,guided,1
architecture,end,1
architecture,layer,1
architecture,results,1
architecture,learning,1
architecture,pose,1
architecture,skeleton-based,1
architecture,graph-based,1
architecture,informative,1
architecture,dependencies,1
architecture,proposed,1
architecture,based,1
architecture,conduct,1
architecture,meaningful,1
architecture,revealed,1
architecture,probability,1
architecture,methodology,1
architecture,spatial,1
architecture,information,1
architecture,evaluation,1
architecture,role,1
architecture,optimization,1
architecture,relationships,1
architecture,representation,1
architecture,represent,1
architecture,generative,1
architecture,laplacian,1
architecture,topic,1
architecture,global,1
architecture,local,1
architecture,deep,1
architecture,training,1
architecture,correlations,1
architecture,u-net,1
architecture,supervised,1
architecture,error,1
architecture,works,1
architecture,generate,1
architecture,capture,1
architecture,showed,1
architecture,optimal,1
architecture,pooling,1
architecture,dataset,1
architecture,key,1
architecture,human,1
architecture,technique,1
architecture,prediction,1
architecture,factors,1
architecture,propagation,1
architecture,time,1
architecture,daily,1
architecture,learn,1
architecture,neighbor,1
architecture,evolution,1
architecture,focus,1
architecture,modalities,1
architecture,high,1
architecture,module,1
architecture,representations,1
architecture,introduce,1
architecture,neural,1
architecture,expression,1
architecture,user,1
architecture,management,1
architecture,predict,1
architecture,feature,1
architecture,set,1
architecture,fully,1
architecture,complex,1
architecture,target,1
architecture,studies,1
architecture,dense,1
architecture,recognition,1
architecture,identify,1
architecture,convolution,1
architecture,challenges,1
architecture,multiple,1
architecture,trend,1
architecture,sparsity,1
architecture,faces,1
architecture,recent,1
architecture,gene,1
architecture,significant,1
architecture,knowledge,1
architecture,temporal,1
architecture,identification,1
architecture,predicting,1
architecture,number,1
architecture,validate,1
architecture,gat,1
architecture,spatial-temporal,1
architecture,single,1
architecture,interaction,1
architecture,layers,1
architecture,task,1
architecture,challenging,1
architecture,energy,1
architecture,machine,1
architecture,traffic,1
architecture,communication,1
architecture,synthetic,1
architecture,real,1
architecture,visual,1
architecture,layouts,1
architecture,cells,1
architecture,remote,1
architecture,parameters,1
architecture,rgb,1
architecture,improved,1
architecture,show,1
architecture,large,1
architecture,processing,1
architecture,conditions,1
architecture,previous,1
architecture,pairs,1
architecture,employed,1
architecture,include,1
architecture,captures,1
architecture,learns,1
architecture,embedding,1
architecture,effective,1
architecture,structural,1
architecture,success,1
architecture,cases,1
architecture,variation,1
architecture,identifying,1
architecture,important,1
architecture,memory,1
architecture,unit,1
architecture,gated,1
architecture,patterns,1
architecture,field,1
architecture,constructing,1
architecture,comprehensive,1
architecture,great,1
architecture,functions,1
architecture,multi-scale,1
architecture,utilization,1
architecture,structures,1
architecture,neighbors,1
architecture,part,1
architecture,progress,1
architecture,video,1
architecture,focuses,1
architecture,capturing,1
architecture,traditional,1
architecture,stability,1
architecture,sample,1
architecture,designed,1
architecture,pollutants,1
architecture,diffusion,1
architecture,tree,1
architecture,motion,1
architecture,types,1
architecture,protein,1
architecture,point,1
architecture,reported,1
architecture,remarkable,1
architecture,background,1
multi-scale,paper,1
multi-scale,specifically,1
multi-scale,structure,1
multi-scale,present,1
multi-scale,rarely,1
multi-scale,systems,1
multi-scale,network,1
multi-scale,standards,1
multi-scale,networks,1
multi-scale,noise,1
multi-scale,proposes,1
multi-scale,result,1
multi-scale,three-dimensional,1
multi-scale,problem,1
multi-scale,node,1
multi-scale,performance,1
multi-scale,real-world,1
multi-scale,owing,1
multi-scale,propose,1
multi-scale,tasks,1
multi-scale,utilized,1
multi-scale,process,1
multi-scale,work,1
multi-scale,nodes,1
multi-scale,perform,1
multi-scale,study,1
multi-scale,strategy,1
multi-scale,outperform,1
multi-scale,u-shaped,1
multi-scale,samples,1
multi-scale,research,1
multi-scale,requirement,1
multi-scale,numerous,1
multi-scale,sets,1
multi-scale,simultaneously,1
multi-scale,resulting,1
multi-scale,years,1
multi-scale,relation,1
multi-scale,relations,1
multi-scale,understanding,1
multi-scale,points,1
multi-scale,softmax,1
multi-scale,patients,1
multi-scale,patient,1
multi-scale,similarity,1
multi-scale,recently,1
multi-scale,ntu,1
multi-scale,transformer,1
multi-scale,system,1
multi-scale,skeleton,1
multi-scale,vehicle,1
multi-scale,results,1
multi-scale,pose,1
multi-scale,skeleton-based,1
multi-scale,proposed,1
multi-scale,probability,1
multi-scale,spatial,1
multi-scale,role,1
multi-scale,relationships,1
multi-scale,representation,1
multi-scale,represent,1
multi-scale,training,1
multi-scale,u-net,1
multi-scale,optimal,1
multi-scale,pooling,1
multi-scale,prediction,1
multi-scale,propagation,1
multi-scale,time,1
multi-scale,neighbor,1
multi-scale,representations,1
multi-scale,neural,1
multi-scale,predict,1
multi-scale,studies,1
multi-scale,recognition,1
multi-scale,multiple,1
multi-scale,trend,1
multi-scale,sparsity,1
multi-scale,recent,1
multi-scale,significant,1
multi-scale,temporal,1
multi-scale,predicting,1
multi-scale,number,1
multi-scale,validate,1
multi-scale,spatial-temporal,1
multi-scale,single,1
multi-scale,task,1
multi-scale,traffic,1
multi-scale,real,1
multi-scale,visual,1
multi-scale,remote,1
multi-scale,splitting,1
multi-scale,parameters,1
multi-scale,rgb,1
multi-scale,show,1
multi-scale,processing,1
multi-scale,previous,1
multi-scale,pairs,1
multi-scale,structural,1
multi-scale,success,1
multi-scale,unit,1
multi-scale,patterns,1
multi-scale,structures,1
multi-scale,neighbors,1
multi-scale,part,1
multi-scale,video,1
multi-scale,traditional,1
multi-scale,tree,1
multi-scale,types,1
multi-scale,point,1
multi-scale,remarkable,1
annotation,paper,1
annotation,method,1
annotation,methods,1
annotation,specifically,1
annotation,demonstrates,1
annotation,structure,1
annotation,existing,1
annotation,approaches,1
annotation,ignore,1
annotation,graph,1
annotation,considered,1
annotation,present,1
annotation,extract,1
annotation,published,1
annotation,increasing,1
annotation,gap,1
annotation,developed,1
annotation,attention,1
annotation,obtained,1
annotation,generated,1
annotation,systems,1
annotation,network,1
annotation,networks,1
annotation,noise,1
annotation,rna,1
annotation,proposes,1
annotation,assist,1
annotation,critical,1
annotation,assessment,1
annotation,applications,1
annotation,models,1
annotation,result,1
annotation,efficient,1
annotation,classification,1
annotation,problem,1
annotation,node,1
annotation,performance,1
annotation,limited,1
annotation,fast,1
annotation,real-world,1
annotation,owing,1
annotation,propose,1
annotation,tasks,1
annotation,process,1
annotation,encoded,1
annotation,time-consuming,1
annotation,experimental,1
annotation,elsevier,1
annotation,gcn,1
annotation,nodes,1
annotation,excellent,1
annotation,capability,1
annotation,strategy,1
annotation,presents,1
annotation,explore,1
annotation,samples,1
annotation,research,1
annotation,graphs,1
annotation,sets,1
annotation,simultaneously,1
annotation,area,1
annotation,features,1
annotation,language,1
annotation,gcns,1
annotation,relation,1
annotation,relations,1
annotation,firstly,1
annotation,understanding,1
annotation,convolutional,1
annotation,heterogeneous,1
annotation,model,1
annotation,cnn,1
annotation,due,1
annotation,cloud,1
annotation,efficiency,1
annotation,improve,1
annotation,patients,1
annotation,similarity,1
annotation,annotations,1
annotation,recently,1
annotation,edges,1
annotation,unsupervised,1
annotation,words,1
annotation,transformer,1
annotation,datasets,1
annotation,data,1
annotation,effectively,1
annotation,framework,1
annotation,end,1
annotation,layer,1
annotation,results,1
annotation,learning,1
annotation,pose,1
annotation,graph-based,1
annotation,informative,1
annotation,dependencies,1
annotation,proposed,1
annotation,based,1
annotation,meaningful,1
annotation,spatial,1
annotation,sentiments,1
annotation,information,1
annotation,relationships,1
annotation,representation,1
annotation,represent,1
annotation,embeddings,1
annotation,topic,1
annotation,local,1
annotation,deep,1
annotation,training,1
annotation,correlations,1
annotation,supervised,1
annotation,works,1
annotation,generate,1
annotation,capture,1
annotation,dataset,1
annotation,key,1
annotation,human,1
annotation,technique,1
annotation,prediction,1
annotation,time,1
annotation,daily,1
annotation,learn,1
annotation,neighbor,1
annotation,approach,1
annotation,focus,1
annotation,modalities,1
annotation,high,1
annotation,module,1
annotation,representations,1
annotation,introduce,1
annotation,neural,1
annotation,expression,1
annotation,predict,1
annotation,feature,1
annotation,set,1
annotation,fully,1
annotation,complex,1
annotation,studies,1
annotation,recognition,1
annotation,identify,1
annotation,convolution,1
annotation,challenges,1
annotation,multiple,1
annotation,faces,1
annotation,recent,1
annotation,gene,1
annotation,knowledge,1
annotation,temporal,1
annotation,identification,1
annotation,predicting,1
annotation,number,1
annotation,validate,1
annotation,single,1
annotation,interaction,1
annotation,task,1
annotation,challenging,1
annotation,energy,1
annotation,step,1
annotation,machine,1
annotation,traffic,1
annotation,communication,1
annotation,real,1
annotation,visual,1
annotation,cells,1
annotation,parameters,1
annotation,show,1
annotation,large,1
annotation,processing,1
annotation,previous,1
annotation,pairs,1
annotation,employed,1
annotation,embedding,1
annotation,effective,1
annotation,success,1
annotation,identifying,1
annotation,important,1
annotation,memory,1
annotation,field,1
annotation,constructing,1
annotation,comprehensive,1
annotation,great,1
annotation,architecture,1
annotation,multi-scale,1
annotation,structures,1
annotation,neighbors,1
annotation,video,1
annotation,traditional,1
annotation,stability,1
annotation,sample,1
annotation,designed,1
annotation,behaviors,1
annotation,types,1
annotation,protein,1
annotation,point,1
annotation,remarkable,1
utilization,wide,1
utilization,utilized,1
utilization,work,1
utilization,years,1
utilization,words,1
utilization,water,1
utilization,vehicle,1
utilization,works,1
utilization,video,1
aggregation,paper,1
aggregation,named,1
aggregation,method,1
aggregation,methods,1
aggregation,intuitively,1
aggregation,wide,1
aggregation,specifically,1
aggregation,demonstrates,1
aggregation,dual,1
aggregation,structure,1
aggregation,input,1
aggregation,existing,1
aggregation,approaches,1
aggregation,ignore,1
aggregation,graph,1
aggregation,connecting,1
aggregation,considered,1
aggregation,attributes,1
aggregation,present,1
aggregation,literature,1
aggregation,extract,1
aggregation,published,1
aggregation,common,1
aggregation,increasing,1
aggregation,reduced,1
aggregation,gap,1
aggregation,developed,1
aggregation,independently,1
aggregation,explicitly,1
aggregation,attention,1
aggregation,obtained,1
aggregation,generated,1
aggregation,systems,1
aggregation,network,1
aggregation,networks,1
aggregation,noise,1
aggregation,extracting,1
aggregation,proposes,1
aggregation,assist,1
aggregation,critical,1
aggregation,applications,1
aggregation,models,1
aggregation,result,1
aggregation,efficient,1
aggregation,classification,1
aggregation,problem,1
aggregation,node,1
aggregation,performance,1
aggregation,limited,1
aggregation,fast,1
aggregation,real-world,1
aggregation,owing,1
aggregation,propose,1
aggregation,tasks,1
aggregation,utilized,1
aggregation,process,1
aggregation,experimental,1
aggregation,elsevier,1
aggregation,chemical,1
aggregation,work,1
aggregation,gcn,1
aggregation,nodes,1
aggregation,established,1
aggregation,excellent,1
aggregation,capability,1
aggregation,similar,1
aggregation,smoothing,1
aggregation,perform,1
aggregation,study,1
aggregation,strategy,1
aggregation,presents,1
aggregation,outperform,1
aggregation,explore,1
aggregation,samples,1
aggregation,research,1
aggregation,auc,1
aggregation,graphs,1
aggregation,numerous,1
aggregation,separation,1
aggregation,sets,1
aggregation,simultaneously,1
aggregation,area,1
aggregation,resulting,1
aggregation,features,1
aggregation,years,1
aggregation,theory,1
aggregation,leading,1
aggregation,rely,1
aggregation,decisions,1
aggregation,heavily,1
aggregation,gcns,1
aggregation,relation,1
aggregation,relations,1
aggregation,typically,1
aggregation,firstly,1
aggregation,understanding,1
aggregation,convolutional,1
aggregation,mscoco,1
aggregation,heterogeneous,1
aggregation,model,1
aggregation,cnn,1
aggregation,due,1
aggregation,cloud,1
aggregation,points,1
aggregation,efficiency,1
aggregation,improve,1
aggregation,lstm,1
aggregation,smiles,1
aggregation,technologies,1
aggregation,capacity,1
aggregation,formed,1
aggregation,euclidean,1
aggregation,patients,1
aggregation,similarity,1
aggregation,annotations,1
aggregation,algorithms,1
aggregation,initiative,1
aggregation,copy,1
aggregation,recently,1
aggregation,molecules,1
aggregation,ntu,1
aggregation,edges,1
aggregation,unsupervised,1
aggregation,secure,1
aggregation,words,1
aggregation,transformer,1
aggregation,system,1
aggregation,water,1
aggregation,wiki,1
aggregation,datasets,1
aggregation,data,1
aggregation,effectively,1
aggregation,skeleton,1
aggregation,framework,1
aggregation,guided,1
aggregation,end,1
aggregation,layer,1
aggregation,results,1
aggregation,learning,1
aggregation,pose,1
aggregation,skeleton-based,1
aggregation,algorithm,1
aggregation,graph-based,1
aggregation,informative,1
aggregation,dependencies,1
aggregation,proposed,1
aggregation,based,1
aggregation,conduct,1
aggregation,revealed,1
aggregation,probability,1
aggregation,spatial,1
aggregation,pubmed,1
aggregation,information,1
aggregation,evaluation,1
aggregation,role,1
aggregation,optimization,1
aggregation,relationships,1
aggregation,representation,1
aggregation,represent,1
aggregation,embeddings,1
aggregation,laplacian,1
aggregation,topic,1
aggregation,updated,1
aggregation,global,1
aggregation,local,1
aggregation,deep,1
aggregation,training,1
aggregation,correlations,1
aggregation,u-net,1
aggregation,supervised,1
aggregation,error,1
aggregation,works,1
aggregation,generate,1
aggregation,capture,1
aggregation,showed,1
aggregation,optimal,1
aggregation,pooling,1
aggregation,dataset,1
aggregation,key,1
aggregation,human,1
aggregation,technique,1
aggregation,prediction,1
aggregation,factors,1
aggregation,propagation,1
aggregation,time,1
aggregation,daily,1
aggregation,learn,1
aggregation,neighbor,1
aggregation,evolution,1
aggregation,optical,1
aggregation,approach,1
aggregation,focus,1
aggregation,desirable,1
aggregation,modalities,1
aggregation,high,1
aggregation,module,1
aggregation,representations,1
aggregation,introduce,1
aggregation,neural,1
aggregation,expression,1
aggregation,user,1
aggregation,management,1
aggregation,predict,1
aggregation,feature,1
aggregation,set,1
aggregation,fully,1
aggregation,complex,1
aggregation,tumor,1
aggregation,target,1
aggregation,studies,1
aggregation,dense,1
aggregation,recognition,1
aggregation,identify,1
aggregation,convolution,1
aggregation,challenges,1
aggregation,multiple,1
aggregation,ternary,1
aggregation,sparsity,1
aggregation,faces,1
aggregation,recent,1
aggregation,static,1
aggregation,gene,1
aggregation,significant,1
aggregation,knowledge,1
aggregation,temporal,1
aggregation,identification,1
aggregation,predicting,1
aggregation,number,1
aggregation,validate,1
aggregation,gat,1
aggregation,spatial-temporal,1
aggregation,single,1
aggregation,interaction,1
aggregation,layers,1
aggregation,task,1
aggregation,challenging,1
aggregation,energy,1
aggregation,step,1
aggregation,machine,1
aggregation,traffic,1
aggregation,communication,1
aggregation,synthetic,1
aggregation,real,1
aggregation,visual,1
aggregation,remote,1
aggregation,analysis,1
aggregation,parameters,1
aggregation,rgb,1
aggregation,improved,1
aggregation,show,1
aggregation,large,1
aggregation,processing,1
aggregation,conditions,1
aggregation,previous,1
aggregation,employed,1
aggregation,captures,1
aggregation,learns,1
aggregation,embedding,1
aggregation,effective,1
aggregation,photocatalytic,1
aggregation,structural,1
aggregation,success,1
aggregation,cases,1
aggregation,variation,1
aggregation,identifying,1
aggregation,important,1
aggregation,memory,1
aggregation,unit,1
aggregation,gated,1
aggregation,patterns,1
aggregation,field,1
aggregation,correction,1
aggregation,constructing,1
aggregation,comprehensive,1
aggregation,great,1
aggregation,light,1
aggregation,functions,1
aggregation,targets,1
aggregation,architecture,1
aggregation,annotation,1
aggregation,utilization,1
aggregation,structures,1
aggregation,neighbors,1
aggregation,progress,1
aggregation,video,1
aggregation,focuses,1
aggregation,capturing,1
aggregation,traditional,1
aggregation,stability,1
aggregation,sample,1
aggregation,designed,1
aggregation,pollutants,1
aggregation,diffusion,1
aggregation,tree,1
aggregation,motion,1
aggregation,types,1
aggregation,protein,1
aggregation,point,1
aggregation,remarkable,1
aggregation,background,1
structures,wide,1
structures,systems,1
structures,three-dimensional,1
structures,tasks,1
structures,utilized,1
structures,time-consuming,1
structures,work,1
structures,study,1
structures,u-shaped,1
structures,transformers,1
structures,videos,1
structures,years,1
structures,theory,1
structures,typically,1
structures,understanding,1
structures,technologies,1
structures,unsupervised,1
structures,words,1
structures,transformer,1
structures,system,1
structures,water,1
structures,vehicle,1
structures,subgraph,1
structures,xps,1
structures,unifying,1
structures,topic,1
structures,training,1
structures,u-net,1
structures,supervised,1
structures,works,1
structures,technique,1
structures,time,1
structures,user,1
structures,tumor,1
structures,target,1
structures,studies,1
structures,ternary,1
structures,trend,1
structures,surface,1
structures,temporal,1
structures,validate,1
structures,task,1
structures,traffic,1
structures,synthetic,1
structures,visual,1
structures,success,1
structures,variation,1
structures,unit,1
structures,targets,1
structures,utilization,1
structures,video,1
structures,traditional,1
structures,types,1
neighbors,paper,1
neighbors,wide,1
neighbors,specifically,1
neighbors,structure,1
neighbors,present,1
neighbors,published,1
neighbors,reduced,1
neighbors,obtained,1
neighbors,systems,1
neighbors,network,1
neighbors,networks,1
neighbors,noise,1
neighbors,tcga,1
neighbors,proposes,1
neighbors,result,1
neighbors,problem,1
neighbors,node,1
neighbors,performance,1
neighbors,real-world,1
neighbors,owing,1
neighbors,propose,1
neighbors,tasks,1
neighbors,utilized,1
neighbors,process,1
neighbors,proteins,1
neighbors,time-consuming,1
neighbors,work,1
neighbors,nodes,1
neighbors,similar,1
neighbors,smoothing,1
neighbors,perform,1
neighbors,study,1
neighbors,strategy,1
neighbors,presents,1
neighbors,outperform,1
neighbors,samples,1
neighbors,research,1
neighbors,requirement,1
neighbors,sets,1
neighbors,simultaneously,1
neighbors,resulting,1
neighbors,years,1
neighbors,relation,1
neighbors,relations,1
neighbors,typically,1
neighbors,understanding,1
neighbors,points,1
neighbors,technologies,1
neighbors,patients,1
neighbors,similarity,1
neighbors,recently,1
neighbors,unsupervised,1
neighbors,nlp,1
neighbors,transformer,1
neighbors,system,1
neighbors,skeleton,1
neighbors,results,1
neighbors,subgraph,1
neighbors,pose,1
neighbors,skeleton-based,1
neighbors,proposed,1
neighbors,spatial,1
neighbors,pubmed,1
neighbors,role,1
neighbors,optimization,1
neighbors,relationships,1
neighbors,representation,1
neighbors,represent,1
neighbors,topic,1
neighbors,updated,1
neighbors,training,1
neighbors,works,1
neighbors,showed,1
neighbors,optimal,1
neighbors,pooling,1
neighbors,technique,1
neighbors,prediction,1
neighbors,propagation,1
neighbors,time,1
neighbors,representations,1
neighbors,neural,1
neighbors,user,1
neighbors,predict,1
neighbors,set,1
neighbors,tumor,1
neighbors,target,1
neighbors,studies,1
neighbors,recognition,1
neighbors,trend,1
neighbors,sparsity,1
neighbors,recent,1
neighbors,static,1
neighbors,surface,1
neighbors,significant,1
neighbors,temporal,1
neighbors,predicting,1
neighbors,number,1
neighbors,validate,1
neighbors,spatial-temporal,1
neighbors,single,1
neighbors,task,1
neighbors,step,1
neighbors,traffic,1
neighbors,real,1
neighbors,visual,1
neighbors,remote,1
neighbors,parameters,1
neighbors,show,1
neighbors,processing,1
neighbors,previous,1
neighbors,pairs,1
neighbors,structural,1
neighbors,success,1
neighbors,unit,1
neighbors,patterns,1
neighbors,targets,1
neighbors,structures,1
neighbors,part,1
neighbors,traditional,1
neighbors,stability,1
neighbors,sample,1
neighbors,types,1
neighbors,protein,1
neighbors,point,1
neighbors,remarkable,1
adsorption,method,1
adsorption,methods,1
adsorption,specifically,1
adsorption,demonstrates,1
adsorption,structure,1
adsorption,approaches,1
adsorption,metal,1
adsorption,nitride,1
adsorption,present,1
adsorption,published,1
adsorption,reduced,1
adsorption,developed,1
adsorption,attention,1
adsorption,obtained,1
adsorption,systems,1
adsorption,standards,1
adsorption,applications,1
adsorption,efficient,1
adsorption,performance,1
adsorption,fast,1
adsorption,recombination,1
adsorption,propose,1
adsorption,utilized,1
adsorption,process,1
adsorption,experimental,1
adsorption,elsevier,1
adsorption,chemical,1
adsorption,work,1
adsorption,graphitic,1
adsorption,gcn,1
adsorption,established,1
adsorption,excellent,1
adsorption,capability,1
adsorption,perform,1
adsorption,study,1
adsorption,strategy,1
adsorption,presents,1
adsorption,explore,1
adsorption,samples,1
adsorption,research,1
adsorption,graphs,1
adsorption,separation,1
adsorption,simultaneously,1
adsorption,area,1
adsorption,holes,1
adsorption,photocatalyst,1
adsorption,investigations,1
adsorption,years,1
adsorption,theory,1
adsorption,leading,1
adsorption,material,1
adsorption,gcns,1
adsorption,firstly,1
adsorption,model,1
adsorption,due,1
adsorption,sites,1
adsorption,efficiency,1
adsorption,improve,1
adsorption,capacity,1
adsorption,svm,1
adsorption,escherichia,1
adsorption,algorithms,1
adsorption,fixation,1
adsorption,molecules,1
adsorption,system,1
adsorption,water,1
adsorption,data,1
adsorption,kinetics,1
adsorption,dft,1
adsorption,end,1
adsorption,layer,1
adsorption,results,1
adsorption,learning,1
adsorption,ftir,1
adsorption,xps,1
adsorption,algorithm,1
adsorption,based,1
adsorption,revealed,1
adsorption,methodology,1
adsorption,electron,1
adsorption,role,1
adsorption,fenton,1
adsorption,local,1
adsorption,training,1
adsorption,error,1
adsorption,capture,1
adsorption,showed,1
adsorption,optimal,1
adsorption,key,1
adsorption,human,1
adsorption,prediction,1
adsorption,time,1
adsorption,evolution,1
adsorption,approach,1
adsorption,high,1
adsorption,introduce,1
adsorption,predict,1
adsorption,set,1
adsorption,complex,1
adsorption,target,1
adsorption,studies,1
adsorption,multiple,1
adsorption,recent,1
adsorption,surface,1
adsorption,significant,1
adsorption,number,1
adsorption,interaction,1
adsorption,layers,1
adsorption,task,1
adsorption,energy,1
adsorption,machine,1
adsorption,synthetic,1
adsorption,analysis,1
adsorption,parameters,1
adsorption,improved,1
adsorption,show,1
adsorption,large,1
adsorption,conditions,1
adsorption,employed,1
adsorption,effective,1
adsorption,photocatalytic,1
adsorption,structural,1
adsorption,important,1
adsorption,unit,1
adsorption,field,1
adsorption,great,1
adsorption,light,1
adsorption,functions,1
adsorption,capturing,1
adsorption,affected,1
adsorption,stability,1
adsorption,sample,1
adsorption,designed,1
adsorption,pollutants,1
adsorption,diffusion,1
adsorption,types,1
adsorption,center,1
adsorption,band,1
part,wide,1
part,specifically,1
part,structure,1
part,present,1
part,published,1
part,reduced,1
part,systems,1
part,proposes,1
part,result,1
part,problem,1
part,performance,1
part,real-world,1
part,propose,1
part,tasks,1
part,utilized,1
part,process,1
part,proteins,1
part,time-consuming,1
part,work,1
part,similar,1
part,perform,1
part,study,1
part,strategy,1
part,samples,1
part,research,1
part,sets,1
part,resulting,1
part,photocatalyst,1
part,videos,1
part,years,1
part,theory,1
part,rely,1
part,relation,1
part,relations,1
part,understanding,1
part,svm,1
part,softmax,1
part,patients,1
part,patient,1
part,similarity,1
part,recently,1
part,unsupervised,1
part,words,1
part,transformer,1
part,system,1
part,water,1
part,surge,1
part,skeleton,1
part,vehicle,1
part,results,1
part,pose,1
part,proposed,1
part,revealed,1
part,spatial,1
part,pubmed,1
part,role,1
part,representation,1
part,represent,1
part,training,1
part,supervised,1
part,showed,1
part,prediction,1
part,propagation,1
part,time,1
part,representations,1
part,user,1
part,predict,1
part,set,1
part,tumor,1
part,target,1
part,studies,1
part,recognition,1
part,trend,1
part,recent,1
part,surface,1
part,significant,1
part,temporal,1
part,predicting,1
part,validate,1
part,spatial-temporal,1
part,single,1
part,task,1
part,step,1
part,traffic,1
part,synthetic,1
part,real,1
part,visual,1
part,rgb,1
part,show,1
part,processing,1
part,previous,1
part,photocatalytic,1
part,structural,1
part,reactions,1
part,unit,1
part,patterns,1
part,targets,1
part,utilization,1
part,structures,1
part,progress,1
part,video,1
part,traditional,1
part,stability,1
part,sample,1
part,pollutants,1
part,types,1
part,point,1
part,reported,1
progress,wide,1
progress,specifically,1
progress,structure,1
progress,rarely,1
progress,reduced,1
progress,systems,1
progress,proposes,1
progress,real-world,1
progress,propose,1
progress,tasks,1
progress,utilized,1
progress,time-consuming,1
progress,work,1
progress,similar,1
progress,study,1
progress,strategy,1
progress,sgc,1
progress,u-shaped,1
progress,samples,1
progress,research,1
progress,sets,1
progress,simultaneously,1
progress,videos,1
progress,years,1
progress,relation,1
progress,relations,1
progress,typically,1
progress,understanding,1
progress,technologies,1
progress,similarity,1
progress,recently,1
progress,unsupervised,1
progress,words,1
progress,transformer,1
progress,system,1
progress,skeleton,1
progress,vehicle,1
progress,results,1
progress,subgraph,1
progress,skeleton-based,1
progress,proposed,1
progress,spatial,1
progress,role,1
progress,relationships,1
progress,representation,1
progress,represent,1
progress,training,1
progress,u-net,1
progress,supervised,1
progress,psf,1
progress,propagation,1
progress,time,1
progress,representations,1
progress,user,1
progress,target,1
progress,studies,1
progress,recognition,1
progress,recent,1
progress,surface,1
progress,significant,1
progress,temporal,1
progress,validate,1
progress,spatial-temporal,1
progress,single,1
progress,task,1
progress,step,1
progress,traffic,1
progress,synthetic,1
progress,real,1
progress,visual,1
progress,remote,1
progress,rgb,1
progress,show,1
progress,structural,1
progress,variation,1
progress,targets,1
progress,utilization,1
progress,structures,1
progress,video,1
progress,traditional,1
progress,sample,1
progress,types,1
progress,protein,1
progress,reported,1
video,wide,1
video,work,1
video,videos,1
video,years,1
video,words,1
video,works,1
video,visual,1
focuses,paper,1
focuses,named,1
focuses,method,1
focuses,methods,1
focuses,intuitively,1
focuses,wide,1
focuses,specifically,1
focuses,structure,1
focuses,input,1
focuses,ignore,1
focuses,graph,1
focuses,present,1
focuses,rarely,1
focuses,published,1
focuses,generally,1
focuses,increasing,1
focuses,reduced,1
focuses,gap,1
focuses,independently,1
focuses,obtained,1
focuses,generated,1
focuses,systems,1
focuses,network,1
focuses,networks,1
focuses,rna,1
focuses,proposes,1
focuses,models,1
focuses,result,1
focuses,problem,1
focuses,node,1
focuses,performance,1
focuses,limited,1
focuses,real-world,1
focuses,thousands,1
focuses,owing,1
focuses,propose,1
focuses,roads,1
focuses,tasks,1
focuses,process,1
focuses,work,1
focuses,gcn,1
focuses,nodes,1
focuses,similar,1
focuses,perform,1
focuses,study,1
focuses,strategy,1
focuses,samples,1
focuses,research,1
focuses,graphs,1
focuses,requirement,1
focuses,sets,1
focuses,simultaneously,1
focuses,resulting,1
focuses,videos,1
focuses,years,1
focuses,language,1
focuses,rely,1
focuses,heavily,1
focuses,gcns,1
focuses,relation,1
focuses,relations,1
focuses,typically,1
focuses,understanding,1
focuses,model,1
focuses,sites,1
focuses,points,1
focuses,improve,1
focuses,technologies,1
focuses,svm,1
focuses,patients,1
focuses,similarity,1
focuses,initiative,1
focuses,recently,1
focuses,unsupervised,1
focuses,nlp,1
focuses,words,1
focuses,system,1
focuses,surge,1
focuses,skeleton,1
focuses,framework,1
focuses,vehicle,1
focuses,results,1
focuses,learning,1
focuses,pose,1
focuses,skeleton-based,1
focuses,graph-based,1
focuses,proposed,1
focuses,meaningful,1
focuses,revealed,1
focuses,probability,1
focuses,spatial,1
focuses,information,1
focuses,role,1
focuses,optimization,1
focuses,relationships,1
focuses,representation,1
focuses,represent,1
focuses,unifying,1
focuses,topic,1
focuses,global,1
focuses,local,1
focuses,training,1
focuses,works,1
focuses,generate,1
focuses,optimal,1
focuses,pooling,1
focuses,key,1
focuses,human,1
focuses,technique,1
focuses,prediction,1
focuses,propagation,1
focuses,time,1
focuses,learn,1
focuses,modalities,1
focuses,high,1
focuses,module,1
focuses,representations,1
focuses,introduce,1
focuses,neural,1
focuses,user,1
focuses,predict,1
focuses,set,1
focuses,target,1
focuses,studies,1
focuses,recognition,1
focuses,identify,1
focuses,multiple,1
focuses,trend,1
focuses,sparsity,1
focuses,recent,1
focuses,static,1
focuses,gene,1
focuses,significant,1
focuses,knowledge,1
focuses,temporal,1
focuses,identification,1
focuses,predicting,1
focuses,number,1
focuses,validate,1
focuses,gat,1
focuses,spatial-temporal,1
focuses,single,1
focuses,interaction,1
focuses,layers,1
focuses,task,1
focuses,machine,1
focuses,traffic,1
focuses,real,1
focuses,visual,1
focuses,parameters,1
focuses,rgb,1
focuses,improved,1
focuses,show,1
focuses,large,1
focuses,processing,1
focuses,previous,1
focuses,pairs,1
focuses,learns,1
focuses,structural,1
focuses,success,1
focuses,identifying,1
focuses,important,1
focuses,memory,1
focuses,unit,1
focuses,gated,1
focuses,patterns,1
focuses,great,1
focuses,functions,1
focuses,utilization,1
focuses,structures,1
focuses,neighbors,1
focuses,part,1
focuses,video,1
focuses,traditional,1
focuses,sample,1
focuses,motion,1
focuses,types,1
focuses,point,1
capturing,paper,1
capturing,named,1
capturing,method,1
capturing,methods,1
capturing,wide,1
capturing,specifically,1
capturing,demonstrates,1
capturing,dual,1
capturing,structure,1
capturing,input,1
capturing,existing,1
capturing,ignore,1
capturing,graph,1
capturing,considered,1
capturing,metal,1
capturing,present,1
capturing,literature,1
capturing,extract,1
capturing,published,1
capturing,generally,1
capturing,common,1
capturing,increasing,1
capturing,reduced,1
capturing,gap,1
capturing,developed,1
capturing,independently,1
capturing,explicitly,1
capturing,obtained,1
capturing,generated,1
capturing,systems,1
capturing,network,1
capturing,networks,1
capturing,extracting,1
capturing,gqa,1
capturing,proposes,1
capturing,critical,1
capturing,models,1
capturing,result,1
capturing,efficient,1
capturing,three-dimensional,1
capturing,classification,1
capturing,problem,1
capturing,node,1
capturing,performance,1
capturing,limited,1
capturing,fast,1
capturing,real-world,1
capturing,thousands,1
capturing,owing,1
capturing,propose,1
capturing,tasks,1
capturing,utilized,1
capturing,process,1
capturing,encoded,1
capturing,time-consuming,1
capturing,experimental,1
capturing,elsevier,1
capturing,work,1
capturing,gcn,1
capturing,nodes,1
capturing,established,1
capturing,excellent,1
capturing,similar,1
capturing,smoothing,1
capturing,perform,1
capturing,households,1
capturing,study,1
capturing,strategy,1
capturing,outperform,1
capturing,explore,1
capturing,u-shaped,1
capturing,samples,1
capturing,research,1
capturing,graphs,1
capturing,numerous,1
capturing,sets,1
capturing,simultaneously,1
capturing,resulting,1
capturing,transformers,1
capturing,harmful,1
capturing,videos,1
capturing,features,1
capturing,years,1
capturing,language,1
capturing,leading,1
capturing,rely,1
capturing,decisions,1
capturing,heavily,1
capturing,gcns,1
capturing,relation,1
capturing,relations,1
capturing,typically,1
capturing,firstly,1
capturing,understanding,1
capturing,convolutional,1
capturing,heterogeneous,1
capturing,model,1
capturing,cnn,1
capturing,due,1
capturing,sites,1
capturing,cloud,1
capturing,points,1
capturing,efficiency,1
capturing,improve,1
capturing,lstm,1
capturing,technologies,1
capturing,euclidean,1
capturing,patients,1
capturing,patient,1
capturing,similarity,1
capturing,initiative,1
capturing,copy,1
capturing,recently,1
capturing,molecules,1
capturing,ntu,1
capturing,edges,1
capturing,unsupervised,1
capturing,matthews,1
capturing,nlp,1
capturing,words,1
capturing,transformer,1
capturing,system,1
capturing,water,1
capturing,datasets,1
capturing,data,1
capturing,effectively,1
capturing,kinetics,1
capturing,dft,1
capturing,skeleton,1
capturing,framework,1
capturing,vehicle,1
capturing,guided,1
capturing,end,1
capturing,layer,1
capturing,results,1
capturing,learning,1
capturing,subgraph,1
capturing,pose,1
capturing,skeleton-based,1
capturing,graph-based,1
capturing,informative,1
capturing,dependencies,1
capturing,proposed,1
capturing,conduct,1
capturing,meaningful,1
capturing,probability,1
capturing,methodology,1
capturing,spatial,1
capturing,information,1
capturing,evaluation,1
capturing,role,1
capturing,optimization,1
capturing,relationships,1
capturing,representation,1
capturing,represent,1
capturing,generative,1
capturing,embeddings,1
capturing,topic,1
capturing,global,1
capturing,local,1
capturing,deep,1
capturing,training,1
capturing,correlations,1
capturing,supervised,1
capturing,error,1
capturing,works,1
capturing,generate,1
capturing,showed,1
capturing,optimal,1
capturing,pooling,1
capturing,dataset,1
capturing,key,1
capturing,human,1
capturing,technique,1
capturing,prediction,1
capturing,factors,1
capturing,propagation,1
capturing,time,1
capturing,daily,1
capturing,learn,1
capturing,neighbor,1
capturing,evolution,1
capturing,focus,1
capturing,modalities,1
capturing,high,1
capturing,module,1
capturing,representations,1
capturing,introduce,1
capturing,neural,1
capturing,expression,1
capturing,user,1
capturing,management,1
capturing,predict,1
capturing,feature,1
capturing,set,1
capturing,fully,1
capturing,complex,1
capturing,tumor,1
capturing,studies,1
capturing,recognition,1
capturing,identify,1
capturing,convolution,1
capturing,challenges,1
capturing,multiple,1
capturing,trend,1
capturing,sparsity,1
capturing,faces,1
capturing,recent,1
capturing,static,1
capturing,gene,1
capturing,surface,1
capturing,significant,1
capturing,knowledge,1
capturing,temporal,1
capturing,identification,1
capturing,predicting,1
capturing,number,1
capturing,validate,1
capturing,spatial-temporal,1
capturing,single,1
capturing,interaction,1
capturing,layers,1
capturing,task,1
capturing,challenging,1
capturing,energy,1
capturing,step,1
capturing,machine,1
capturing,traffic,1
capturing,communication,1
capturing,synthetic,1
capturing,real,1
capturing,visual,1
capturing,remote,1
capturing,parameters,1
capturing,rgb,1
capturing,improved,1
capturing,show,1
capturing,large,1
capturing,processing,1
capturing,conditions,1
capturing,previous,1
capturing,pairs,1
capturing,employed,1
capturing,include,1
capturing,learns,1
capturing,embedding,1
capturing,effective,1
capturing,structural,1
capturing,success,1
capturing,cases,1
capturing,variation,1
capturing,identifying,1
capturing,important,1
capturing,memory,1
capturing,unit,1
capturing,gated,1
capturing,patterns,1
capturing,field,1
capturing,constructing,1
capturing,comprehensive,1
capturing,great,1
capturing,light,1
capturing,functions,1
capturing,targets,1
capturing,multi-scale,1
capturing,utilization,1
capturing,structures,1
capturing,neighbors,1
capturing,part,1
capturing,progress,1
capturing,video,1
capturing,focuses,1
capturing,traditional,1
capturing,stability,1
capturing,sample,1
capturing,designed,1
capturing,diffusion,1
capturing,motion,1
capturing,types,1
capturing,protein,1
capturing,point,1
capturing,reported,1
capturing,remarkable,1
capturing,center,1
traditional,wide,1
traditional,utilized,1
traditional,work,1
traditional,u-shaped,1
traditional,transformers,1
traditional,videos,1
traditional,years,1
traditional,typically,1
traditional,understanding,1
traditional,unsupervised,1
traditional,words,1
traditional,transformer,1
traditional,water,1
traditional,vehicle,1
traditional,xps,1
traditional,updated,1
traditional,training,1
traditional,u-net,1
traditional,works,1
traditional,user,1
traditional,trend,1
traditional,validate,1
traditional,traffic,1
traditional,visual,1
traditional,variation,1
traditional,unit,1
traditional,utilization,1
traditional,video,1
traditional,types,1
affected,paper,1
affected,named,1
affected,method,1
affected,methods,1
affected,wide,1
affected,specifically,1
affected,structure,1
affected,input,1
affected,existing,1
affected,approaches,1
affected,ignore,1
affected,graph,1
affected,considered,1
affected,attributes,1
affected,nitride,1
affected,present,1
affected,literature,1
affected,extract,1
affected,common,1
affected,increasing,1
affected,reduced,1
affected,developed,1
affected,independently,1
affected,attention,1
affected,obtained,1
affected,generated,1
affected,systems,1
affected,network,1
affected,networks,1
affected,noise,1
affected,extracting,1
affected,proposes,1
affected,critical,1
affected,assessment,1
affected,applications,1
affected,models,1
affected,result,1
affected,efficient,1
affected,classification,1
affected,problem,1
affected,node,1
affected,performance,1
affected,limited,1
affected,real-world,1
affected,propose,1
affected,roads,1
affected,tasks,1
affected,utilized,1
affected,process,1
affected,encoded,1
affected,time-consuming,1
affected,experimental,1
affected,elsevier,1
affected,chemical,1
affected,liquid,1
affected,work,1
affected,gcn,1
affected,nodes,1
affected,similar,1
affected,perform,1
affected,study,1
affected,strategy,1
affected,outperform,1
affected,explore,1
affected,samples,1
affected,research,1
affected,graphs,1
affected,numerous,1
affected,separation,1
affected,simultaneously,1
affected,markers,1
affected,area,1
affected,holes,1
affected,photocatalyst,1
affected,transformers,1
affected,videos,1
affected,features,1
affected,years,1
affected,theory,1
affected,leading,1
affected,gcns,1
affected,relation,1
affected,firstly,1
affected,convolutional,1
affected,heterogeneous,1
affected,model,1
affected,cnn,1
affected,due,1
affected,sites,1
affected,points,1
affected,efficiency,1
affected,improve,1
affected,lstm,1
affected,capacity,1
affected,patients,1
affected,similarity,1
affected,algorithms,1
affected,decades,1
affected,recently,1
affected,molecules,1
affected,unsupervised,1
affected,transformer,1
affected,system,1
affected,water,1
affected,datasets,1
affected,data,1
affected,effectively,1
affected,surge,1
affected,kinetics,1
affected,skeleton,1
affected,framework,1
affected,vehicle,1
affected,layer,1
affected,results,1
affected,learning,1
affected,algorithm,1
affected,graph-based,1
affected,informative,1
affected,dependencies,1
affected,proposed,1
affected,based,1
affected,conduct,1
affected,spatial,1
affected,electron,1
affected,information,1
affected,evaluation,1
affected,role,1
affected,optimization,1
affected,relationships,1
affected,representation,1
affected,represent,1
affected,embeddings,1
affected,updated,1
affected,global,1
affected,deep,1
affected,training,1
affected,correlations,1
affected,supervised,1
affected,error,1
affected,generate,1
affected,capture,1
affected,showed,1
affected,optimal,1
affected,pooling,1
affected,dataset,1
affected,key,1
affected,human,1
affected,technique,1
affected,prediction,1
affected,factors,1
affected,propagation,1
affected,time,1
affected,daily,1
affected,learn,1
affected,neighbor,1
affected,approach,1
affected,focus,1
affected,high,1
affected,module,1
affected,representations,1
affected,neural,1
affected,expression,1
affected,management,1
affected,predict,1
affected,feature,1
affected,set,1
affected,fully,1
affected,complex,1
affected,studies,1
affected,recognition,1
affected,identify,1
affected,convolution,1
affected,challenges,1
affected,multiple,1
affected,trend,1
affected,recent,1
affected,static,1
affected,gene,1
affected,surface,1
affected,significant,1
affected,knowledge,1
affected,temporal,1
affected,identification,1
affected,predicting,1
affected,number,1
affected,validate,1
affected,spatial-temporal,1
affected,single,1
affected,interaction,1
affected,layers,1
affected,task,1
affected,challenging,1
affected,energy,1
affected,step,1
affected,machine,1
affected,traffic,1
affected,communication,1
affected,real,1
affected,layouts,1
affected,cells,1
affected,remote,1
affected,analysis,1
affected,parameters,1
affected,improved,1
affected,show,1
affected,large,1
affected,conditions,1
affected,previous,1
affected,employed,1
affected,captures,1
affected,embedding,1
affected,effective,1
affected,photocatalytic,1
affected,structural,1
affected,cases,1
affected,variation,1
affected,identifying,1
affected,important,1
affected,memory,1
affected,unit,1
affected,gated,1
affected,light,1
affected,functions,1
affected,architecture,1
affected,multi-scale,1
affected,annotation,1
affected,utilization,1
affected,aggregation,1
affected,neighbors,1
affected,part,1
affected,video,1
affected,capturing,1
affected,traditional,1
affected,designed,1
affected,behaviors,1
affected,tree,1
affected,motion,1
affected,types,1
affected,point,1
affected,background,1
affected,center,1
stability,wide,1
stability,structure,1
stability,systems,1
stability,tasks,1
stability,utilized,1
stability,time-consuming,1
stability,work,1
stability,study,1
stability,strategy,1
stability,viable,1
stability,years,1
stability,theory,1
stability,understanding,1
stability,technologies,1
stability,svm,1
stability,unsupervised,1
stability,transformer,1
stability,system,1
stability,water,1
stability,xps,1
stability,training,1
stability,works,1
stability,technique,1
stability,time,1
stability,target,1
stability,studies,1
stability,ternary,1
stability,surface,1
stability,temporal,1
stability,validate,1
stability,task,1
stability,step,1
stability,traffic,1
stability,visual,1
stability,structural,1
stability,variation,1
stability,unit,1
stability,utilization,1
stability,structures,1
stability,traditional,1
stability,types,1
sample,variously,1
sample,wide,1
sample,specifically,1
sample,structure,1
sample,systems,1
sample,tasks,1
sample,utilized,1
sample,time-consuming,1
sample,work,1
sample,similar,1
sample,study,1
sample,strategy,1
sample,viable,1
sample,samples,1
sample,separation,1
sample,sets,1
sample,simultaneously,1
sample,transformers,1
sample,years,1
sample,theory,1
sample,typically,1
sample,understanding,1
sample,sites,1
sample,svm,1
sample,softmax,1
sample,similarity,1
sample,unsupervised,1
sample,transformer,1
sample,system,1
sample,water,1
sample,skeleton,1
sample,xps,1
sample,skeleton-based,1
sample,spatial,1
sample,topic,1
sample,training,1
sample,u-net,1
sample,supervised,1
sample,works,1
sample,showed,1
sample,time,1
sample,user,1
sample,set,1
sample,target,1
sample,studies,1
sample,static,1
sample,surface,1
sample,significant,1
sample,temporal,1
sample,validate,1
sample,spatial-temporal,1
sample,single,1
sample,task,1
sample,step,1
sample,synthetic,1
sample,visual,1
sample,splitting,1
sample,show,1
sample,structural,1
sample,success,1
sample,variation,1
sample,unit,1
sample,structures,1
sample,video,1
sample,traditional,1
sample,stability,1
sample,tree,1
sample,types,1
designed,drug-drug,1
designed,paper,1
designed,named,1
designed,method,1
designed,methods,1
designed,intuitively,1
designed,wide,1
designed,specifically,1
designed,dual,1
designed,structure,1
designed,input,1
designed,existing,1
designed,ignore,1
designed,graph,1
designed,metal,1
designed,nitride,1
designed,present,1
designed,literature,1
designed,rarely,1
designed,extract,1
designed,published,1
designed,generally,1
designed,increasing,1
designed,reduced,1
designed,gap,1
designed,developed,1
designed,hyperlinks,1
designed,independently,1
designed,explicitly,1
designed,obtained,1
designed,generated,1
designed,systems,1
designed,network,1
designed,networks,1
designed,noise,1
designed,extracting,1
designed,rna,1
designed,proposes,1
designed,models,1
designed,result,1
designed,pharmacological,1
designed,efficient,1
designed,three-dimensional,1
designed,problem,1
designed,node,1
designed,performance,1
designed,limited,1
designed,fast,1
designed,real-world,1
designed,owing,1
designed,propose,1
designed,tasks,1
designed,utilized,1
designed,process,1
designed,proteins,1
designed,encoded,1
designed,time-consuming,1
designed,experimental,1
designed,elsevier,1
designed,heterojunction,1
designed,work,1
designed,graphitic,1
designed,gcn,1
designed,nodes,1
designed,established,1
designed,mixed,1
designed,excellent,1
designed,similar,1
designed,smoothing,1
designed,perform,1
designed,households,1
designed,study,1
designed,strategy,1
designed,presents,1
designed,viable,1
designed,outperform,1
designed,explore,1
designed,samples,1
designed,research,1
designed,graphs,1
designed,requirement,1
designed,numerous,1
designed,separation,1
designed,sets,1
designed,simultaneously,1
designed,holes,1
designed,resulting,1
designed,transformers,1
designed,videos,1
designed,features,1
designed,years,1
designed,language,1
designed,theory,1
designed,leading,1
designed,rely,1
designed,heavily,1
designed,material,1
designed,gcns,1
designed,relation,1
designed,relations,1
designed,typically,1
designed,firstly,1
designed,understanding,1
designed,kitti,1
designed,mscoco,1
designed,heterogeneous,1
designed,model,1
designed,due,1
designed,sites,1
designed,points,1
designed,efficiency,1
designed,improve,1
designed,ethereum,1
designed,lstm,1
designed,smiles,1
designed,technologies,1
designed,softmax,1
designed,euclidean,1
designed,patients,1
designed,patient,1
designed,similarity,1
designed,rnas,1
designed,initiative,1
designed,recently,1
designed,fixation,1
designed,molecules,1
designed,molecule,1
designed,ntu,1
designed,edges,1
designed,unsupervised,1
designed,secure,1
designed,nlp,1
designed,words,1
designed,transformer,1
designed,system,1
designed,water,1
designed,effectively,1
designed,surge,1
designed,kinetics,1
designed,dft,1
designed,skeleton,1
designed,framework,1
designed,vehicle,1
designed,guided,1
designed,end,1
designed,layer,1
designed,results,1
designed,learning,1
designed,subgraph,1
designed,xps,1
designed,pose,1
designed,skeleton-based,1
designed,graph-based,1
designed,informative,1
designed,proposed,1
designed,meaningful,1
designed,revealed,1
designed,probability,1
designed,spatial,1
designed,sentiments,1
designed,electron,1
designed,information,1
designed,evaluation,1
designed,role,1
designed,optimization,1
designed,relationships,1
designed,representation,1
designed,represent,1
designed,generative,1
designed,unifying,1
designed,embeddings,1
designed,laplacian,1
designed,topic,1
designed,global,1
designed,local,1
designed,training,1
designed,supervised,1
designed,error,1
designed,works,1
designed,generate,1
designed,showed,1
designed,optimal,1
designed,pooling,1
designed,key,1
designed,human,1
designed,technique,1
designed,prediction,1
designed,factors,1
designed,propagation,1
designed,time,1
designed,learn,1
designed,neighbor,1
designed,evolution,1
designed,optical,1
designed,focus,1
designed,desirable,1
designed,modalities,1
designed,high,1
designed,module,1
designed,representations,1
designed,introduce,1
designed,neural,1
designed,expression,1
designed,user,1
designed,management,1
designed,predict,1
designed,feature,1
designed,set,1
designed,fully,1
designed,tumor,1
designed,target,1
designed,studies,1
designed,recognition,1
designed,identify,1
designed,multiple,1
designed,ternary,1
designed,trend,1
designed,sparsity,1
designed,faces,1
designed,recent,1
designed,static,1
designed,gene,1
designed,surface,1
designed,significant,1
designed,knowledge,1
designed,temporal,1
designed,identification,1
designed,predicting,1
designed,number,1
designed,validate,1
designed,gat,1
designed,spatial-temporal,1
designed,single,1
designed,interaction,1
designed,layers,1
designed,task,1
designed,energy,1
designed,step,1
designed,machine,1
designed,traffic,1
designed,synthetic,1
designed,real,1
designed,visual,1
designed,layouts,1
designed,remote,1
designed,splitting,1
designed,parameters,1
designed,rgb,1
designed,improved,1
designed,show,1
designed,large,1
designed,processing,1
designed,previous,1
designed,pairs,1
designed,employed,1
designed,include,1
designed,learns,1
designed,embedding,1
designed,effective,1
designed,photocatalytic,1
designed,structural,1
designed,success,1
designed,variation,1
designed,identifying,1
designed,important,1
designed,reactions,1
designed,memory,1
designed,unit,1
designed,gated,1
designed,patterns,1
designed,field,1
designed,great,1
designed,light,1
designed,functions,1
designed,targets,1
designed,multi-scale,1
designed,utilization,1
designed,structures,1
designed,neighbors,1
designed,part,1
designed,progress,1
designed,video,1
designed,focuses,1
designed,traditional,1
designed,stability,1
designed,sample,1
designed,pollutants,1
designed,diffusion,1
designed,tree,1
designed,motion,1
designed,types,1
designed,protein,1
designed,point,1
designed,remarkable,1
pollutants,wide,1
pollutants,structure,1
pollutants,present,1
pollutants,published,1
pollutants,reduced,1
pollutants,systems,1
pollutants,proposes,1
pollutants,result,1
pollutants,problem,1
pollutants,recombination,1
pollutants,utilized,1
pollutants,process,1
pollutants,work,1
pollutants,similar,1
pollutants,study,1
pollutants,strategy,1
pollutants,presents,1
pollutants,samples,1
pollutants,research,1
pollutants,separation,1
pollutants,simultaneously,1
pollutants,resulting,1
pollutants,years,1
pollutants,understanding,1
pollutants,sites,1
pollutants,technologies,1
pollutants,recently,1
pollutants,system,1
pollutants,water,1
pollutants,skeleton,1
pollutants,results,1
pollutants,xps,1
pollutants,pose,1
pollutants,proposed,1
pollutants,revealed,1
pollutants,spatial,1
pollutants,role,1
pollutants,showed,1
pollutants,prediction,1
pollutants,time,1
pollutants,predict,1
pollutants,target,1
pollutants,ternary,1
pollutants,recent,1
pollutants,surface,1
pollutants,significant,1
pollutants,temporal,1
pollutants,predicting,1
pollutants,spatial-temporal,1
pollutants,single,1
pollutants,step,1
pollutants,synthetic,1
pollutants,real,1
pollutants,splitting,1
pollutants,show,1
pollutants,processing,1
pollutants,structural,1
pollutants,variation,1
pollutants,reactions,1
pollutants,targets,1
pollutants,utilization,1
pollutants,structures,1
pollutants,traditional,1
pollutants,stability,1
pollutants,sample,1
pollutants,types,1
pollutants,reported,1
pollutants,remarkable,1
behaviors,drug-drug,1
behaviors,paper,1
behaviors,named,1
behaviors,method,1
behaviors,methods,1
behaviors,wide,1
behaviors,specifically,1
behaviors,demonstrates,1
behaviors,structure,1
behaviors,input,1
behaviors,existing,1
behaviors,ignore,1
behaviors,graph,1
behaviors,considered,1
behaviors,literature,1
behaviors,extract,1
behaviors,published,1
behaviors,common,1
behaviors,developed,1
behaviors,explicitly,1
behaviors,obtained,1
behaviors,systems,1
behaviors,network,1
behaviors,networks,1
behaviors,extracting,1
behaviors,proposes,1
behaviors,critical,1
behaviors,models,1
behaviors,classification,1
behaviors,problem,1
behaviors,node,1
behaviors,performance,1
behaviors,limited,1
behaviors,real-world,1
behaviors,propose,1
behaviors,tasks,1
behaviors,utilized,1
behaviors,process,1
behaviors,proteins,1
behaviors,experimental,1
behaviors,elsevier,1
behaviors,work,1
behaviors,gcn,1
behaviors,established,1
behaviors,mixed,1
behaviors,capability,1
behaviors,similar,1
behaviors,households,1
behaviors,study,1
behaviors,strategy,1
behaviors,outperform,1
behaviors,explore,1
behaviors,research,1
behaviors,graphs,1
behaviors,numerous,1
behaviors,sets,1
behaviors,resulting,1
behaviors,transformers,1
behaviors,videos,1
behaviors,features,1
behaviors,years,1
behaviors,leading,1
behaviors,rely,1
behaviors,material,1
behaviors,gcns,1
behaviors,relations,1
behaviors,firstly,1
behaviors,understanding,1
behaviors,convolutional,1
behaviors,heterogeneous,1
behaviors,model,1
behaviors,cnn,1
behaviors,due,1
behaviors,points,1
behaviors,efficiency,1
behaviors,improve,1
behaviors,lstm,1
behaviors,bidirectional,1
behaviors,svm,1
behaviors,knn,1
behaviors,softmax,1
behaviors,similarity,1
behaviors,copy,1
behaviors,molecules,1
behaviors,system,1
behaviors,datasets,1
behaviors,data,1
behaviors,effectively,1
behaviors,kinetics,1
behaviors,skeleton,1
behaviors,framework,1
behaviors,end,1
behaviors,layer,1
behaviors,results,1
behaviors,learning,1
behaviors,skeleton-based,1
behaviors,graph-based,1
behaviors,informative,1
behaviors,dependencies,1
behaviors,proposed,1
behaviors,conduct,1
behaviors,probability,1
behaviors,spatial,1
behaviors,information,1
behaviors,evaluation,1
behaviors,role,1
behaviors,relationships,1
behaviors,representation,1
behaviors,represent,1
behaviors,embeddings,1
behaviors,local,1
behaviors,deep,1
behaviors,training,1
behaviors,correlations,1
behaviors,error,1
behaviors,works,1
behaviors,capture,1
behaviors,dataset,1
behaviors,key,1
behaviors,human,1
behaviors,technique,1
behaviors,prediction,1
behaviors,factors,1
behaviors,propagation,1
behaviors,time,1
behaviors,learn,1
behaviors,evolution,1
behaviors,focus,1
behaviors,high,1
behaviors,module,1
behaviors,representations,1
behaviors,neural,1
behaviors,user,1
behaviors,management,1
behaviors,predict,1
behaviors,feature,1
behaviors,fully,1
behaviors,complex,1
behaviors,target,1
behaviors,studies,1
behaviors,recognition,1
behaviors,identify,1
behaviors,convolution,1
behaviors,challenges,1
behaviors,multiple,1
behaviors,trend,1
behaviors,sparsity,1
behaviors,recent,1
behaviors,static,1
behaviors,significant,1
behaviors,knowledge,1
behaviors,temporal,1
behaviors,identification,1
behaviors,predicting,1
behaviors,gat,1
behaviors,spatial-temporal,1
behaviors,single,1
behaviors,interaction,1
behaviors,layers,1
behaviors,task,1
behaviors,challenging,1
behaviors,energy,1
behaviors,step,1
behaviors,machine,1
behaviors,traffic,1
behaviors,real,1
behaviors,visual,1
behaviors,parameters,1
behaviors,improved,1
behaviors,show,1
behaviors,large,1
behaviors,conditions,1
behaviors,previous,1
behaviors,pairs,1
behaviors,employed,1
behaviors,embedding,1
behaviors,effective,1
behaviors,structural,1
behaviors,identifying,1
behaviors,important,1
behaviors,memory,1
behaviors,patterns,1
behaviors,field,1
behaviors,comprehensive,1
behaviors,great,1
behaviors,light,1
behaviors,part,1
behaviors,video,1
behaviors,focuses,1
behaviors,capturing,1
behaviors,traditional,1
behaviors,stability,1
behaviors,sample,1
behaviors,designed,1
behaviors,motion,1
behaviors,point,1
diffusion,paper,1
diffusion,named,1
diffusion,method,1
diffusion,methods,1
diffusion,wide,1
diffusion,specifically,1
diffusion,structure,1
diffusion,input,1
diffusion,existing,1
diffusion,ignore,1
diffusion,graph,1
diffusion,metal,1
diffusion,nitride,1
diffusion,present,1
diffusion,extract,1
diffusion,obtained,1
diffusion,systems,1
diffusion,network,1
diffusion,networks,1
diffusion,proposes,1
diffusion,models,1
diffusion,result,1
diffusion,efficient,1
diffusion,problem,1
diffusion,node,1
diffusion,performance,1
diffusion,fast,1
diffusion,real-world,1
diffusion,owing,1
diffusion,propose,1
diffusion,tasks,1
diffusion,utilized,1
diffusion,process,1
diffusion,experimental,1
diffusion,elsevier,1
diffusion,liquid,1
diffusion,work,1
diffusion,graphitic,1
diffusion,gcn,1
diffusion,nodes,1
diffusion,excellent,1
diffusion,similar,1
diffusion,perform,1
diffusion,study,1
diffusion,presents,1
diffusion,explore,1
diffusion,samples,1
diffusion,research,1
diffusion,graphs,1
diffusion,simultaneously,1
diffusion,resulting,1
diffusion,plant,1
diffusion,features,1
diffusion,years,1
diffusion,theory,1
diffusion,leading,1
diffusion,rely,1
diffusion,material,1
diffusion,gcns,1
diffusion,relations,1
diffusion,typically,1
diffusion,model,1
diffusion,due,1
diffusion,efficiency,1
diffusion,improve,1
diffusion,euclidean,1
diffusion,patients,1
diffusion,patient,1
diffusion,similarity,1
diffusion,initiative,1
diffusion,recently,1
diffusion,molecules,1
diffusion,edges,1
diffusion,unsupervised,1
diffusion,words,1
diffusion,transformer,1
diffusion,water,1
diffusion,effectively,1
diffusion,kinetics,1
diffusion,framework,1
diffusion,end,1
diffusion,layer,1
diffusion,results,1
diffusion,learning,1
diffusion,proposed,1
diffusion,revealed,1
diffusion,probability,1
diffusion,spatial,1
diffusion,electron,1
diffusion,information,1
diffusion,role,1
diffusion,optimization,1
diffusion,relationships,1
diffusion,representation,1
diffusion,represent,1
diffusion,embeddings,1
diffusion,topic,1
diffusion,global,1
diffusion,local,1
diffusion,training,1
diffusion,error,1
diffusion,generate,1
diffusion,showed,1
diffusion,optimal,1
diffusion,key,1
diffusion,technique,1
diffusion,prediction,1
diffusion,propagation,1
diffusion,time,1
diffusion,learn,1
diffusion,neighbor,1
diffusion,evolution,1
diffusion,high,1
diffusion,module,1
diffusion,representations,1
diffusion,introduce,1
diffusion,neural,1
diffusion,user,1
diffusion,management,1
diffusion,predict,1
diffusion,feature,1
diffusion,fully,1
diffusion,studies,1
diffusion,identify,1
diffusion,multiple,1
diffusion,ternary,1
diffusion,recent,1
diffusion,gene,1
diffusion,surface,1
diffusion,significant,1
diffusion,knowledge,1
diffusion,temporal,1
diffusion,identification,1
diffusion,predicting,1
diffusion,validate,1
diffusion,single,1
diffusion,interaction,1
diffusion,layers,1
diffusion,task,1
diffusion,machine,1
diffusion,traffic,1
diffusion,synthetic,1
diffusion,parameters,1
diffusion,improved,1
diffusion,show,1
diffusion,large,1
diffusion,previous,1
diffusion,employed,1
diffusion,embedding,1
diffusion,effective,1
diffusion,structural,1
diffusion,identifying,1
diffusion,important,1
diffusion,memory,1
diffusion,unit,1
diffusion,gated,1
diffusion,patterns,1
diffusion,field,1
diffusion,light,1
diffusion,multi-scale,1
diffusion,structures,1
diffusion,neighbors,1
diffusion,traditional,1
diffusion,stability,1
diffusion,sample,1
diffusion,pollutants,1
tree,wide,1
tree,utilized,1
tree,work,1
tree,understanding,1
tree,words,1
tree,water,1
tree,updated,1
tree,works,1
tree,validate,1
tree,unit,1
tree,types,1
motion,paper,1
motion,named,1
motion,wide,1
motion,specifically,1
motion,structure,1
motion,present,1
motion,rarely,1
motion,published,1
motion,obtained,1
motion,systems,1
motion,network,1
motion,networks,1
motion,noise,1
motion,proposes,1
motion,result,1
motion,three-dimensional,1
motion,problem,1
motion,node,1
motion,performance,1
motion,real-world,1
motion,thousands,1
motion,propose,1
motion,tasks,1
motion,utilized,1
motion,process,1
motion,work,1
motion,nodes,1
motion,similar,1
motion,perform,1
motion,study,1
motion,strategy,1
motion,presents,1
motion,outperform,1
motion,samples,1
motion,research,1
motion,simultaneously,1
motion,resulting,1
motion,videos,1
motion,years,1
motion,relation,1
motion,relations,1
motion,understanding,1
motion,points,1
motion,softmax,1
motion,patient,1
motion,similarity,1
motion,recently,1
motion,ntu,1
motion,words,1
motion,transformer,1
motion,system,1
motion,skeleton,1
motion,vehicle,1
motion,results,1
motion,pose,1
motion,skeleton-based,1
motion,proposed,1
motion,probability,1
motion,spatial,1
motion,role,1
motion,relationships,1
motion,representation,1
motion,represent,1
motion,topic,1
motion,training,1
motion,supervised,1
motion,works,1
motion,optimal,1
motion,pooling,1
motion,technique,1
motion,prediction,1
motion,time,1
motion,neighbor,1
motion,optical,1
motion,representations,1
motion,neural,1
motion,predict,1
motion,set,1
motion,studies,1
motion,recognition,1
motion,multiple,1
motion,trend,1
motion,recent,1
motion,static,1
motion,significant,1
motion,temporal,1
motion,predicting,1
motion,validate,1
motion,spatial-temporal,1
motion,single,1
motion,task,1
motion,step,1
motion,traffic,1
motion,real,1
motion,visual,1
motion,splitting,1
motion,parameters,1
motion,rgb,1
motion,show,1
motion,processing,1
motion,previous,1
motion,pairs,1
motion,structural,1
motion,success,1
motion,variation,1
motion,unit,1
motion,patterns,1
motion,multi-scale,1
motion,utilization,1
motion,structures,1
motion,progress,1
motion,video,1
motion,traditional,1
motion,sample,1
motion,tree,1
motion,types,1
motion,point,1
motion,remarkable,1
types,wide,1
types,utilized,1
types,work,1
types,u-shaped,1
types,years,1
types,typically,1
types,understanding,1
types,unsupervised,1
types,words,1
types,water,1
types,vehicle,1
types,unifying,1
types,u-net,1
types,works,1
types,user,1
types,validate,1
types,visual,1
types,unit,1
types,utilization,1
types,video,1
protein,wide,1
protein,structure,1
protein,rarely,1
protein,published,1
protein,reduced,1
protein,rna,1
protein,tcga,1
protein,recombination,1
protein,real-world,1
protein,thousands,1
protein,tasks,1
protein,utilized,1
protein,proteins,1
protein,time-consuming,1
protein,work,1
protein,similar,1
protein,study,1
protein,strategy,1
protein,samples,1
protein,research,1
protein,requirement,1
protein,separation,1
protein,sets,1
protein,simultaneously,1
protein,resulting,1
protein,trypanosoma,1
protein,years,1
protein,theory,1
protein,relation,1
protein,understanding,1
protein,sites,1
protein,smiles,1
protein,technologies,1
protein,similarity,1
protein,rnas,1
protein,recently,1
protein,unsupervised,1
protein,system,1
protein,water,1
protein,results,1
protein,revealed,1
protein,role,1
protein,unconventional,1
protein,relationships,1
protein,representation,1
protein,represent,1
protein,training,1
protein,supervised,1
protein,works,1
protein,showed,1
protein,technique,1
protein,time,1
protein,representations,1
protein,set,1
protein,tumor,1
protein,target,1
protein,studies,1
protein,recognition,1
protein,trend,1
protein,recent,1
protein,surface,1
protein,significant,1
protein,validate,1
protein,single,1
protein,task,1
protein,step,1
protein,show,1
protein,structural,1
protein,reactions,1
protein,targets,1
protein,utilization,1
protein,structures,1
protein,traditional,1
protein,stability,1
protein,reported,1
point,wide,1
point,specifically,1
point,structure,1
point,present,1
point,published,1
point,reduced,1
point,systems,1
point,proposes,1
point,three-dimensional,1
point,problem,1
point,recombination,1
point,real-world,1
point,thousands,1
point,propose,1
point,tasks,1
point,utilized,1
point,process,1
point,proteins,1
point,work,1
point,similar,1
point,study,1
point,strategy,1
point,presents,1
point,samples,1
point,research,1
point,sets,1
point,simultaneously,1
point,resulting,1
point,videos,1
point,years,1
point,theory,1
point,rely,1
point,relations,1
point,typically,1
point,understanding,1
point,points,1
point,smiles,1
point,technologies,1
point,svm,1
point,softmax,1
point,similarity,1
point,recently,1
point,unsupervised,1
point,system,1
point,skeleton,1
point,vehicle,1
point,results,1
point,pose,1
point,proposed,1
point,probability,1
point,spatial,1
point,role,1
point,relationships,1
point,representation,1
point,represent,1
point,training,1
point,supervised,1
point,works,1
point,showed,1
point,pooling,1
point,technique,1
point,prediction,1
point,time,1
point,representations,1
point,user,1
point,predict,1
point,set,1
point,target,1
point,studies,1
point,recognition,1
point,sparsity,1
point,recent,1
point,surface,1
point,significant,1
point,temporal,1
point,predicting,1
point,validate,1
point,spatial-temporal,1
point,single,1
point,task,1
point,step,1
point,traffic,1
point,synthetic,1
point,real,1
point,visual,1
point,remote,1
point,rgb,1
point,show,1
point,processing,1
point,previous,1
point,structural,1
point,success,1
point,variation,1
point,unit,1
point,targets,1
point,structures,1
point,progress,1
point,video,1
point,traditional,1
point,stability,1
point,sample,1
point,types,1
point,protein,1
point,remarkable,1
reported,specifically,1
reported,structure,1
reported,systems,1
reported,standards,1
reported,rna,1
reported,result,1
reported,tasks,1
reported,utilized,1
reported,time-consuming,1
reported,work,1
reported,similar,1
reported,study,1
reported,samples,1
reported,research,1
reported,separation,1
reported,simultaneously,1
reported,resulting,1
reported,transformers,1
reported,years,1
reported,s-triazine,1
reported,sites,1
reported,technologies,1
reported,svm,1
reported,similarity,1
reported,unsupervised,1
reported,words,1
reported,system,1
reported,water,1
reported,results,1
reported,revealed,1
reported,spatial,1
reported,role,1
reported,representation,1
reported,represent,1
reported,topic,1
reported,training,1
reported,works,1
reported,showed,1
reported,technique,1
reported,time,1
reported,representations,1
reported,set,1
reported,tumor,1
reported,target,1
reported,studies,1
reported,surface,1
reported,significant,1
reported,temporal,1
reported,single,1
reported,task,1
reported,visual,1
reported,show,1
reported,structural,1
reported,success,1
reported,variation,1
reported,unit,1
reported,utilization,1
reported,structures,1
reported,traditional,1
reported,stability,1
reported,types,1
remarkable,wide,1
remarkable,specifically,1
remarkable,structure,1
remarkable,systems,1
remarkable,result,1
remarkable,tasks,1
remarkable,work,1
remarkable,similar,1
remarkable,study,1
remarkable,strategy,1
remarkable,viable,1
remarkable,samples,1
remarkable,research,1
remarkable,simultaneously,1
remarkable,resulting,1
remarkable,transformers,1
remarkable,videos,1
remarkable,years,1
remarkable,typically,1
remarkable,understanding,1
remarkable,technologies,1
remarkable,unsupervised,1
remarkable,words,1
remarkable,transformer,1
remarkable,system,1
remarkable,water,1
remarkable,skeleton,1
remarkable,vehicle,1
remarkable,results,1
remarkable,subgraph,1
remarkable,xps,1
remarkable,skeleton-based,1
remarkable,revealed,1
remarkable,spatial,1
remarkable,role,1
remarkable,representation,1
remarkable,represent,1
remarkable,topic,1
remarkable,training,1
remarkable,u-net,1
remarkable,supervised,1
remarkable,works,1
remarkable,showed,1
remarkable,technique,1
remarkable,time,1
remarkable,representations,1
remarkable,user,1
remarkable,set,1
remarkable,tumor,1
remarkable,target,1
remarkable,studies,1
remarkable,ternary,1
remarkable,trend,1
remarkable,surface,1
remarkable,significant,1
remarkable,temporal,1
remarkable,validate,1
remarkable,spatial-temporal,1
remarkable,single,1
remarkable,task,1
remarkable,step,1
remarkable,traffic,1
remarkable,remote,1
remarkable,splitting,1
remarkable,rgb,1
remarkable,show,1
remarkable,structural,1
remarkable,success,1
remarkable,utilization,1
remarkable,structures,1
remarkable,video,1
remarkable,traditional,1
remarkable,stability,1
remarkable,sample,1
remarkable,tree,1
background,paper,1
background,method,1
background,methods,1
background,inferred,1
background,specifically,1
background,demonstrates,1
background,structure,1
background,input,1
background,existing,1
background,benefit,1
background,graph,1
background,considered,1
background,metal,1
background,present,1
background,literature,1
background,rarely,1
background,extract,1
background,published,1
background,generally,1
background,common,1
background,reduced,1
background,developed,1
background,cancers,1
background,independently,1
background,explicitly,1
background,obtained,1
background,generated,1
background,systems,1
background,network,1
background,networks,1
background,noise,1
background,extracting,1
background,rna,1
background,proposes,1
background,critical,1
background,membranes,1
background,models,1
background,result,1
background,beneficial,1
background,efficient,1
background,three-dimensional,1
background,classification,1
background,problem,1
background,node,1
background,performance,1
background,limited,1
background,fast,1
background,real-world,1
background,thousands,1
background,hours,1
background,propose,1
background,tasks,1
background,utilized,1
background,process,1
background,proteins,1
background,time-consuming,1
background,experimental,1
background,elsevier,1
background,work,1
background,gcn,1
background,granger,1
background,nodes,1
background,mixed,1
background,excellent,1
background,capability,1
background,similar,1
background,perform,1
background,study,1
background,strategy,1
background,viable,1
background,explore,1
background,samples,1
background,research,1
background,graphs,1
background,numerous,1
background,separation,1
background,sets,1
background,simultaneously,1
background,markers,1
background,resulting,1
background,plant,1
background,transformers,1
background,videos,1
background,features,1
background,years,1
background,language,1
background,leading,1
background,rely,1
background,gps,1
background,gcns,1
background,relation,1
background,relations,1
background,convolutional,1
background,heterogeneous,1
background,model,1
background,cnn,1
background,due,1
background,sites,1
background,points,1
background,efficiency,1
background,improve,1
background,lstm,1
background,bidirectional,1
background,technologies,1
background,svm,1
background,patients,1
background,patient,1
background,similarity,1
background,copy,1
background,recently,1
background,molecules,1
background,molecule,1
background,edges,1
background,unsupervised,1
background,nlp,1
background,system,1
background,water,1
background,datasets,1
background,data,1
background,effectively,1
background,framework,1
background,vehicle,1
background,end,1
background,layer,1
background,results,1
background,learning,1
background,graph-based,1
background,informative,1
background,dependencies,1
background,proposed,1
background,based,1
background,conduct,1
background,meaningful,1
background,revealed,1
background,probability,1
background,methodology,1
background,spatial,1
background,pubmed,1
background,electron,1
background,information,1
background,evaluation,1
background,role,1
background,cgcnimp,1
background,relationships,1
background,representation,1
background,represent,1
background,embeddings,1
background,global,1
background,local,1
background,deep,1
background,training,1
background,correlations,1
background,supervised,1
background,error,1
background,works,1
background,generate,1
background,capture,1
background,showed,1
background,presentation,1
background,dataset,1
background,key,1
background,human,1
background,prediction,1
background,factors,1
background,propagation,1
background,time,1
background,learn,1
background,neighbor,1
background,optical,1
background,focus,1
background,high,1
background,module,1
background,representations,1
background,introduce,1
background,neural,1
background,expression,1
background,user,1
background,predict,1
background,feature,1
background,set,1
background,fully,1
background,complex,1
background,tumor,1
background,target,1
background,studies,1
background,dense,1
background,recognition,1
background,identify,1
background,convolution,1
background,challenges,1
background,multiple,1
background,recent,1
background,gene,1
background,significant,1
background,immune,1
background,knowledge,1
background,temporal,1
background,identification,1
background,predicting,1
background,number,1
background,validate,1
background,gat,1
background,spatial-temporal,1
background,single,1
background,interaction,1
background,layers,1
background,task,1
background,challenging,1
background,energy,1
background,step,1
background,machine,1
background,communication,1
background,synthetic,1
background,real,1
background,visual,1
background,cells,1
background,parameters,1
background,rgb,1
background,improved,1
background,show,1
background,large,1
background,processing,1
background,conditions,1
background,previous,1
background,pairs,1
background,employed,1
background,include,1
background,captures,1
background,learns,1
background,embedding,1
background,effective,1
background,structural,1
background,success,1
background,cases,1
background,variation,1
background,identifying,1
background,important,1
background,memory,1
background,gated,1
background,patterns,1
background,field,1
background,constructing,1
background,comprehensive,1
background,great,1
background,functions,1
background,targets,1
background,utilization,1
background,structures,1
background,part,1
background,progress,1
background,video,1
background,capturing,1
background,traditional,1
background,stability,1
background,sample,1
background,designed,1
background,behaviors,1
background,tree,1
background,motion,1
background,types,1
background,protein,1
background,point,1
background,reported,1
background,center,1
background,band,1
center,paper,1
center,named,1
center,method,1
center,methods,1
center,inferred,1
center,wide,1
center,structure,1
center,existing,1
center,graph,1
center,metal,1
center,nitride,1
center,present,1
center,literature,1
center,published,1
center,generally,1
center,reduced,1
center,developed,1
center,explicitly,1
center,obtained,1
center,generated,1
center,systems,1
center,network,1
center,networks,1
center,noise,1
center,proposes,1
center,critical,1
center,models,1
center,efficient,1
center,classification,1
center,node,1
center,performance,1
center,limited,1
center,fast,1
center,recombination,1
center,real-world,1
center,propose,1
center,tasks,1
center,determination,1
center,process,1
center,encoded,1
center,experimental,1
center,elsevier,1
center,heterojunction,1
center,chemical,1
center,work,1
center,graphitic,1
center,gcn,1
center,excellent,1
center,similar,1
center,study,1
center,descriptor,1
center,samples,1
center,research,1
center,graphs,1
center,numerous,1
center,separation,1
center,simultaneously,1
center,holes,1
center,resulting,1
center,photocatalyst,1
center,features,1
center,theory,1
center,material,1
center,gcns,1
center,relation,1
center,relations,1
center,firstly,1
center,convolutional,1
center,s-triazine,1
center,model,1
center,cnn,1
center,due,1
center,sites,1
center,efficiency,1
center,improve,1
center,technologies,1
center,formed,1
center,escherichia,1
center,patients,1
center,patient,1
center,similarity,1
center,fourier,1
center,recently,1
center,molecules,1
center,transformer,1
center,system,1
center,water,1
center,datasets,1
center,data,1
center,effectively,1
center,kinetics,1
center,dft,1
center,framework,1
center,results,1
center,learning,1
center,xps,1
center,pose,1
center,graph-based,1
center,dependencies,1
center,proposed,1
center,revealed,1
center,methodology,1
center,spatial,1
center,electron,1
center,information,1
center,role,1
center,topic,1
center,global,1
center,local,1
center,deep,1
center,works,1
center,showed,1
center,optimal,1
center,dataset,1
center,key,1
center,prediction,1
center,time,1
center,learn,1
center,evolution,1
center,focus,1
center,desirable,1
center,high,1
center,module,1
center,representations,1
center,neural,1
center,expression,1
center,predict,1
center,feature,1
center,set,1
center,fully,1
center,tumor,1
center,target,1
center,studies,1
center,convolution,1
center,challenges,1
center,multiple,1
center,ternary,1
center,sparsity,1
center,faces,1
center,gene,1
center,surface,1
center,significant,1
center,knowledge,1
center,predicting,1
center,number,1
center,gat,1
center,single,1
center,interaction,1
center,challenging,1
center,energy,1
center,step,1
center,parameters,1
center,improved,1
center,show,1
center,large,1
center,processing,1
center,pairs,1
center,employed,1
center,include,1
center,embedding,1
center,effective,1
center,photocatalytic,1
center,structural,1
center,important,1
center,unit,1
center,field,1
center,constructing,1
center,great,1
center,light,1
center,utilization,1
center,structures,1
center,stability,1
center,designed,1
center,pollutants,1
center,tree,1
center,types,1
center,protein,1
center,point,1
center,reported,1
bind,method,1
bind,structure,1
bind,graph,1
bind,obtained,1
bind,networks,1
bind,propose,1
bind,process,1
bind,proteins,1
bind,gcn,1
bind,plant,1
bind,features,1
bind,leading,1
bind,gcns,1
bind,sites,1
bind,system,1
bind,datasets,1
bind,framework,1
bind,layer,1
bind,methodology,1
bind,spatial,1
bind,information,1
bind,role,1
bind,local,1
bind,showed,1
bind,key,1
bind,factors,1
bind,high,1
bind,neural,1
bind,set,1
bind,target,1
bind,studies,1
bind,identify,1
bind,convolution,1
bind,gene,1
bind,immune,1
bind,cells,1
bind,show,1
bind,large,1
bind,conditions,1
bind,identifying,1
bind,important,1
bind,targets,1
bind,neighbors,1
bind,remarkable,1
band,method,1
band,methods,1
band,structure,1
band,input,1
band,graph,1
band,considered,1
band,metal,1
band,nitride,1
band,present,1
band,extract,1
band,common,1
band,reduced,1
band,gap,1
band,developed,1
band,differently,1
band,obtained,1
band,generated,1
band,systems,1
band,network,1
band,models,1
band,beneficial,1
band,efficient,1
band,classification,1
band,performance,1
band,limited,1
band,recombination,1
band,owing,1
band,tasks,1
band,utilized,1
band,process,1
band,elsevier,1
band,heterojunction,1
band,chemical,1
band,liquid,1
band,work,1
band,graphitic,1
band,gcn,1
band,established,1
band,mixed,1
band,excellent,1
band,capability,1
band,similar,1
band,perform,1
band,study,1
band,strategy,1
band,explore,1
band,samples,1
band,research,1
band,numerous,1
band,separation,1
band,simultaneously,1
band,holes,1
band,resulting,1
band,photocatalyst,1
band,investigations,1
band,harmful,1
band,features,1
band,theory,1
band,leading,1
band,material,1
band,firstly,1
band,understanding,1
band,convolutional,1
band,heterogeneous,1
band,model,1
band,due,1
band,sites,1
band,efficiency,1
band,improve,1
band,photoreduction,1
band,catalysts,1
band,fourier,1
band,molecules,1
band,system,1
band,water,1
band,datasets,1
band,effectively,1
band,kinetics,1
band,dft,1
band,skeleton,1
band,framework,1
band,results,1
band,ftir,1
band,xps,1
band,proposed,1
band,based,1
band,revealed,1
band,methodology,1
band,spatial,1
band,electron,1
band,information,1
band,evaluation,1
band,role,1
band,correlations,1
band,showed,1
band,optimal,1
band,dataset,1
band,key,1
band,factors,1
band,time,1
band,learn,1
band,evolution,1
band,optical,1
band,high,1
band,module,1
band,complex,1
band,dense,1
band,convolution,1
band,ternary,1
band,surface,1
band,interaction,1
band,challenging,1
band,energy,1
band,step,1
band,cells,1
band,splitting,1
band,parameters,1
band,improved,1
band,show,1
band,large,1
band,conditions,1
band,pairs,1
band,employed,1
band,effective,1
band,photocatalytic,1
band,structural,1
band,variation,1
band,reactions,1
band,field,1
band,comprehensive,1
band,light,1
band,targets,1
band,utilization,1
band,part,1
band,traditional,1
band,stability,1
band,sample,1
band,designed,1
band,pollutants,1
band,point,1
band,remarkable,1
drug-drug,paper,0
drug-drug,intuitively,0
drug-drug,inferred,0
drug-drug,variously,0
drug-drug,wide,0
drug-drug,dual,0
drug-drug,interacts,0
drug-drug,structure,0
drug-drug,mikae,0
drug-drug,eastern,0
drug-drug,lutea,0
drug-drug,existing,0
drug-drug,ignore,0
drug-drug,low-pass,0
drug-drug,metal,0
drug-drug,water-splitting,0
drug-drug,nitride,0
drug-drug,rarely,0
drug-drug,published,0
drug-drug,generally,0
drug-drug,meiosis,0
drug-drug,increasing,0
drug-drug,reduced,0
drug-drug,gap,0
drug-drug,roofs,0
drug-drug,hyperlinks,0
drug-drug,independently,0
drug-drug,explicitly,0
drug-drug,generated,0
drug-drug,systems,0
drug-drug,standards,0
drug-drug,noise,0
drug-drug,extracting,0
drug-drug,rna,0
drug-drug,tcga,0
drug-drug,pei-gcn,0
drug-drug,gqa,0
drug-drug,membranes,0
drug-drug,efficient,0
drug-drug,three-dimensional,0
drug-drug,fast,0
drug-drug,recombination,0
drug-drug,real-world,0
drug-drug,thousands,0
drug-drug,hours,0
drug-drug,owing,0
drug-drug,roads,0
drug-drug,tasks,0
drug-drug,seoul,0
drug-drug,encoded,0
drug-drug,prohibitively,0
drug-drug,elsevier,0
drug-drug,psycholinguistic,0
drug-drug,heterojunction,0
drug-drug,nitrogen-rich,0
drug-drug,tubes,0
drug-drug,liquid,0
drug-drug,graphitic,0
drug-drug,gcn,0
drug-drug,granger,0
drug-drug,mixed,0
drug-drug,excellent,0
drug-drug,self-healing,0
drug-drug,dual-stimulus,0
drug-drug,smoothing,0
drug-drug,perform,0
drug-drug,households,0
drug-drug,strategy,0
drug-drug,presents,0
drug-drug,viable,0
drug-drug,trna,0
drug-drug,string,0
drug-drug,sgc,0
drug-drug,u-shaped,0
drug-drug,samples,0
drug-drug,pressure,0
drug-drug,f-score,0
drug-drug,requirement,0
drug-drug,numerous,0
drug-drug,separation,0
drug-drug,topologically,0
drug-drug,wavelengths,0
drug-drug,sets,0
drug-drug,simultaneously,0
drug-drug,markers,0
drug-drug,n-acetyltransferase,0
drug-drug,holes,0
drug-drug,resulting,0
drug-drug,photocatalyst,0
drug-drug,investigations,0
drug-drug,trypanosoma,0
drug-drug,sciences,0
drug-drug,medica,0
drug-drug,plant,0
drug-drug,transformers,0
drug-drug,videos,0
drug-drug,theory,0
drug-drug,leading,0
drug-drug,rely,0
drug-drug,heavily,0
drug-drug,hemisphere,0
drug-drug,gps,0
drug-drug,obu,0
drug-drug,material,0
drug-drug,gcns,0
drug-drug,relation,0
drug-drug,relations,0
drug-drug,typically,0
drug-drug,firstly,0
drug-drug,understanding,0
drug-drug,imdb,0
drug-drug,kitti,0
drug-drug,s-triazine,0
drug-drug,mscoco,0
drug-drug,sites,0
drug-drug,efficiency,0
drug-drug,improve,0
drug-drug,photoreduction,0
drug-drug,ethereum,0
drug-drug,lstm,0
drug-drug,smiles,0
drug-drug,technologies,0
drug-drug,svm,0
drug-drug,knn,0
drug-drug,softmax,0
drug-drug,formed,0
drug-drug,escherichia,0
drug-drug,euclidean,0
drug-drug,rnas,0
drug-drug,fourier,0
drug-drug,initiative,0
drug-drug,pca,0
drug-drug,recently,0
drug-drug,fixation,0
drug-drug,molecule,0
drug-drug,ntu,0
drug-drug,unsupervised,0
drug-drug,matthews,0
drug-drug,secure,0
drug-drug,nlp,0
drug-drug,words,0
drug-drug,transformer,0
drug-drug,water,0
drug-drug,wiki,0
drug-drug,nanosized,0
drug-drug,surge,0
drug-drug,kinetics,0
drug-drug,skeleton,0
drug-drug,framework,0
drug-drug,vehicle,0
drug-drug,guided,0
drug-drug,layer,0
drug-drug,subgraph,0
drug-drug,ftir,0
drug-drug,xps,0
drug-drug,pose,0
drug-drug,skeleton-based,0
drug-drug,euler,0
drug-drug,skeletongait,0
drug-drug,graph-based,0
drug-drug,informative,0
drug-drug,metsulfuron,0
drug-drug,meaningful,0
drug-drug,revealed,0
drug-drug,gcaru,0
drug-drug,probability,0
drug-drug,methodology,0
drug-drug,spatial,0
drug-drug,pubmed,0
drug-drug,sentiments,0
drug-drug,electron,0
drug-drug,kinetoplastid,0
drug-drug,unconventional,0
drug-drug,mcc,0
drug-drug,represent,0
drug-drug,fenton,0
drug-drug,generative,0
drug-drug,unifying,0
drug-drug,embeddings,0
drug-drug,laplacian,0
drug-drug,updated,0
drug-drug,global,0
drug-drug,local,0
drug-drug,training,0
drug-drug,u-net,0
drug-drug,supervised,0
drug-drug,error,0
drug-drug,works,0
drug-drug,generate,0
drug-drug,psf,0
drug-drug,optimal,0
drug-drug,presentation,0
drug-drug,indonesia,0
drug-drug,pooling,0
drug-drug,intratesticular,0
drug-drug,key,0
drug-drug,human,0
drug-drug,technique,0
drug-drug,factors,0
drug-drug,propagation,0
drug-drug,time,0
drug-drug,learn,0
drug-drug,neighbor,0
drug-drug,evolution,0
drug-drug,single-granular,0
drug-drug,optical,0
drug-drug,focus,0
drug-drug,modalities,0
drug-drug,module,0
drug-drug,introduce,0
drug-drug,expression,0
drug-drug,user,0
drug-drug,management,0
drug-drug,feature,0
drug-drug,set,0
drug-drug,fully,0
drug-drug,tumor,0
drug-drug,recognition,0
drug-drug,identify,0
drug-drug,ternary,0
drug-drug,trend,0
drug-drug,sparsity,0
drug-drug,faces,0
drug-drug,static,0
drug-drug,gene,0
drug-drug,surface,0
drug-drug,immune,0
drug-drug,temporal,0
drug-drug,validate,0
drug-drug,gat,0
drug-drug,spatial-temporal,0
drug-drug,single,0
drug-drug,layers,0
drug-drug,energy,0
drug-drug,traffic,0
drug-drug,synthetic,0
drug-drug,real,0
drug-drug,visual,0
drug-drug,layouts,0
drug-drug,remote,0
drug-drug,splitting,0
drug-drug,rgb,0
drug-drug,previous,0
drug-drug,pairs,0
drug-drug,include,0
drug-drug,photocatalytic,0
drug-drug,structural,0
drug-drug,variation,0
drug-drug,memory,0
drug-drug,unit,0
drug-drug,gated,0
drug-drug,patterns,0
drug-drug,light,0
drug-drug,functions,0
drug-drug,multi-scale,0
drug-drug,utilization,0
drug-drug,structures,0
drug-drug,neighbors,0
drug-drug,part,0
drug-drug,progress,0
drug-drug,video,0
drug-drug,focuses,0
drug-drug,stability,0
drug-drug,sample,0
drug-drug,pollutants,0
drug-drug,tree,0
drug-drug,motion,0
drug-drug,protein,0
drug-drug,point,0
drug-drug,reported,0
drug-drug,remarkable,0
paper,variously,0
paper,water-splitting,0
paper,pharmacology,0
paper,roofs,0
paper,rna,0
paper,tcga,0
paper,pei-gcn,0
paper,pharmacological,0
paper,seoul,0
paper,prohibitively,0
paper,psycholinguistic,0
paper,tubes,0
paper,self-healing,0
paper,viable,0
paper,trna,0
paper,topologically,0
paper,wavelengths,0
paper,photocatalyst,0
paper,trypanosoma,0
paper,sciences,0
paper,s-triazine,0
paper,photoreduction,0
paper,wiki,0
paper,xps,0
paper,unconventional,0
paper,single-granular,0
paper,splitting,0
named,variously,0
named,water-splitting,0
named,pharmacology,0
named,roofs,0
named,standards,0
named,tcga,0
named,pei-gcn,0
named,pharmacological,0
named,recombination,0
named,thousands,0
named,roads,0
named,seoul,0
named,prohibitively,0
named,psycholinguistic,0
named,nitrogen-rich,0
named,tubes,0
named,self-healing,0
named,viable,0
named,trna,0
named,string,0
named,sgc,0
named,pressure,0
named,topologically,0
named,wavelengths,0
named,photocatalyst,0
named,trypanosoma,0
named,plant,0
named,obu,0
named,s-triazine,0
named,sites,0
named,photoreduction,0
named,smiles,0
named,softmax,0
named,patient,0
named,ntu,0
named,nlp,0
named,water,0
named,wiki,0
named,nanosized,0
named,subgraph,0
named,xps,0
named,skeletongait,0
named,sentiments,0
named,unconventional,0
named,unifying,0
named,psf,0
named,presentation,0
named,pooling,0
named,single-granular,0
named,ternary,0
named,splitting,0
named,photocatalytic,0
named,pollutants,0
named,protein,0
method,variously,0
method,mikae,0
method,water-splitting,0
method,seoul,0
method,psycholinguistic,0
method,nitrogen-rich,0
method,tubes,0
method,self-healing,0
method,trna,0
method,string,0
method,topologically,0
method,wavelengths,0
method,n-acetyltransferase,0
method,trypanosoma,0
method,sciences,0
method,obu,0
method,s-triazine,0
method,molecule,0
method,nanosized,0
method,metsulfuron,0
method,unconventional,0
method,unifying,0
methods,variously,0
methods,mikae,0
methods,water-splitting,0
methods,pei-gcn,0
methods,seoul,0
methods,psycholinguistic,0
methods,nitrogen-rich,0
methods,tubes,0
methods,self-healing,0
methods,trna,0
methods,topologically,0
methods,wavelengths,0
methods,n-acetyltransferase,0
methods,trypanosoma,0
methods,sciences,0
methods,obu,0
methods,s-triazine,0
methods,photoreduction,0
methods,nanosized,0
methods,metsulfuron,0
methods,unconventional,0
methods,psf,0
methods,ternary,0
intuitively,variously,0
intuitively,wide,0
intuitively,specifically,0
intuitively,mikae,0
intuitively,lutea,0
intuitively,low-pass,0
intuitively,metal,0
intuitively,water-splitting,0
intuitively,nitride,0
intuitively,literature,0
intuitively,rarely,0
intuitively,pharmacology,0
intuitively,published,0
intuitively,meiosis,0
intuitively,reduced,0
intuitively,roofs,0
intuitively,obtained,0
intuitively,standards,0
intuitively,noise,0
intuitively,rna,0
intuitively,tcga,0
intuitively,pei-gcn,0
intuitively,proposes,0
intuitively,membranes,0
intuitively,result,0
intuitively,pharmacological,0
intuitively,three-dimensional,0
intuitively,problem,0
intuitively,limited,0
intuitively,recombination,0
intuitively,real-world,0
intuitively,thousands,0
intuitively,owing,0
intuitively,roads,0
intuitively,utilized,0
intuitively,seoul,0
intuitively,proteins,0
intuitively,time-consuming,0
intuitively,prohibitively,0
intuitively,psycholinguistic,0
intuitively,nitrogen-rich,0
intuitively,tubes,0
intuitively,liquid,0
intuitively,work,0
intuitively,mixed,0
intuitively,self-healing,0
intuitively,similar,0
intuitively,smoothing,0
intuitively,perform,0
intuitively,study,0
intuitively,strategy,0
intuitively,presents,0
intuitively,viable,0
intuitively,trna,0
intuitively,string,0
intuitively,sgc,0
intuitively,u-shaped,0
intuitively,pressure,0
intuitively,requirement,0
intuitively,numerous,0
intuitively,separation,0
intuitively,topologically,0
intuitively,wavelengths,0
intuitively,sets,0
intuitively,markers,0
intuitively,n-acetyltransferase,0
intuitively,resulting,0
intuitively,photocatalyst,0
intuitively,investigations,0
intuitively,trypanosoma,0
intuitively,sciences,0
intuitively,medica,0
intuitively,plant,0
intuitively,transformers,0
intuitively,videos,0
intuitively,years,0
intuitively,language,0
intuitively,theory,0
intuitively,rely,0
intuitively,obu,0
intuitively,material,0
intuitively,relation,0
intuitively,typically,0
intuitively,understanding,0
intuitively,kitti,0
intuitively,s-triazine,0
intuitively,mscoco,0
intuitively,sites,0
intuitively,points,0
intuitively,photoreduction,0
intuitively,lstm,0
intuitively,smiles,0
intuitively,technologies,0
intuitively,svm,0
intuitively,knn,0
intuitively,softmax,0
intuitively,patients,0
intuitively,patient,0
intuitively,similarity,0
intuitively,rnas,0
intuitively,pca,0
intuitively,molecules,0
intuitively,molecule,0
intuitively,ntu,0
intuitively,unsupervised,0
intuitively,matthews,0
intuitively,secure,0
intuitively,nlp,0
intuitively,words,0
intuitively,transformer,0
intuitively,system,0
intuitively,water,0
intuitively,wiki,0
intuitively,nanosized,0
intuitively,surge,0
intuitively,kinetics,0
intuitively,vehicle,0
intuitively,layer,0
intuitively,subgraph,0
intuitively,xps,0
intuitively,skeleton-based,0
intuitively,skeletongait,0
intuitively,metsulfuron,0
intuitively,meaningful,0
intuitively,revealed,0
intuitively,probability,0
intuitively,methodology,0
intuitively,spatial,0
intuitively,pubmed,0
intuitively,sentiments,0
intuitively,role,0
intuitively,kinetoplastid,0
intuitively,unconventional,0
intuitively,mcc,0
intuitively,relationships,0
intuitively,unifying,0
intuitively,laplacian,0
intuitively,topic,0
intuitively,updated,0
intuitively,local,0
intuitively,u-net,0
intuitively,works,0
intuitively,showed,0
intuitively,psf,0
intuitively,optimal,0
intuitively,presentation,0
intuitively,pooling,0
intuitively,technique,0
intuitively,time,0
intuitively,neighbor,0
intuitively,single-granular,0
intuitively,optical,0
intuitively,modalities,0
intuitively,management,0
intuitively,predict,0
intuitively,tumor,0
intuitively,target,0
intuitively,studies,0
intuitively,multiple,0
intuitively,ternary,0
intuitively,trend,0
intuitively,recent,0
intuitively,static,0
intuitively,surface,0
intuitively,significant,0
intuitively,temporal,0
intuitively,predicting,0
intuitively,number,0
intuitively,spatial-temporal,0
intuitively,single,0
intuitively,layers,0
intuitively,machine,0
intuitively,traffic,0
intuitively,synthetic,0
intuitively,real,0
intuitively,visual,0
intuitively,layouts,0
intuitively,remote,0
intuitively,splitting,0
intuitively,parameters,0
intuitively,large,0
intuitively,processing,0
intuitively,pairs,0
intuitively,photocatalytic,0
intuitively,structural,0
intuitively,success,0
intuitively,variation,0
intuitively,reactions,0
intuitively,memory,0
intuitively,unit,0
intuitively,patterns,0
intuitively,light,0
intuitively,targets,0
intuitively,multi-scale,0
intuitively,utilization,0
intuitively,structures,0
intuitively,neighbors,0
intuitively,progress,0
intuitively,video,0
intuitively,traditional,0
intuitively,stability,0
intuitively,sample,0
intuitively,pollutants,0
intuitively,tree,0
intuitively,motion,0
intuitively,types,0
intuitively,protein,0
intuitively,point,0
intuitively,reported,0
intuitively,remarkable,0
inferred,named,0
inferred,intuitively,0
inferred,wide,0
inferred,interacts,0
inferred,mikae,0
inferred,lutea,0
inferred,input,0
inferred,low-pass,0
inferred,water-splitting,0
inferred,literature,0
inferred,rarely,0
inferred,pharmacology,0
inferred,published,0
inferred,meiosis,0
inferred,roofs,0
inferred,obtained,0
inferred,standards,0
inferred,noise,0
inferred,rna,0
inferred,tcga,0
inferred,pei-gcn,0
inferred,proposes,0
inferred,membranes,0
inferred,result,0
inferred,pharmacological,0
inferred,three-dimensional,0
inferred,recombination,0
inferred,thousands,0
inferred,owing,0
inferred,roads,0
inferred,process,0
inferred,seoul,0
inferred,proteins,0
inferred,time-consuming,0
inferred,prohibitively,0
inferred,psycholinguistic,0
inferred,nitrogen-rich,0
inferred,tubes,0
inferred,liquid,0
inferred,mixed,0
inferred,self-healing,0
inferred,smoothing,0
inferred,perform,0
inferred,presents,0
inferred,viable,0
inferred,trna,0
inferred,outperform,0
inferred,string,0
inferred,sgc,0
inferred,u-shaped,0
inferred,pressure,0
inferred,requirement,0
inferred,numerous,0
inferred,separation,0
inferred,topologically,0
inferred,wavelengths,0
inferred,markers,0
inferred,n-acetyltransferase,0
inferred,resulting,0
inferred,photocatalyst,0
inferred,investigations,0
inferred,trypanosoma,0
inferred,sciences,0
inferred,medica,0
inferred,plant,0
inferred,transformers,0
inferred,videos,0
inferred,years,0
inferred,language,0
inferred,theory,0
inferred,leading,0
inferred,obu,0
inferred,material,0
inferred,typically,0
inferred,kitti,0
inferred,s-triazine,0
inferred,mscoco,0
inferred,sites,0
inferred,photoreduction,0
inferred,lstm,0
inferred,smiles,0
inferred,technologies,0
inferred,svm,0
inferred,knn,0
inferred,softmax,0
inferred,patients,0
inferred,patient,0
inferred,rnas,0
inferred,initiative,0
inferred,pca,0
inferred,molecule,0
inferred,ntu,0
inferred,unsupervised,0
inferred,matthews,0
inferred,secure,0
inferred,nlp,0
inferred,words,0
inferred,transformer,0
inferred,water,0
inferred,wiki,0
inferred,nanosized,0
inferred,surge,0
inferred,kinetics,0
inferred,vehicle,0
inferred,subgraph,0
inferred,xps,0
inferred,skeleton-based,0
inferred,skeletongait,0
inferred,informative,0
inferred,metsulfuron,0
inferred,meaningful,0
inferred,revealed,0
inferred,probability,0
inferred,methodology,0
inferred,pubmed,0
inferred,sentiments,0
inferred,role,0
inferred,kinetoplastid,0
inferred,unconventional,0
inferred,mcc,0
inferred,optimization,0
inferred,unifying,0
inferred,laplacian,0
inferred,topic,0
inferred,u-net,0
inferred,supervised,0
inferred,showed,0
inferred,psf,0
inferred,presentation,0
inferred,pooling,0
inferred,intratesticular,0
inferred,technique,0
inferred,propagation,0
inferred,neighbor,0
inferred,single-granular,0
inferred,optical,0
inferred,modalities,0
inferred,management,0
inferred,set,0
inferred,studies,0
inferred,ternary,0
inferred,trend,0
inferred,sparsity,0
inferred,recent,0
inferred,static,0
inferred,surface,0
inferred,temporal,0
inferred,spatial-temporal,0
inferred,synthetic,0
inferred,visual,0
inferred,layouts,0
inferred,remote,0
inferred,splitting,0
inferred,parameters,0
inferred,rgb,0
inferred,previous,0
inferred,pairs,0
inferred,photocatalytic,0
inferred,success,0
inferred,variation,0
inferred,reactions,0
inferred,memory,0
inferred,unit,0
inferred,patterns,0
inferred,light,0
inferred,multi-scale,0
inferred,utilization,0
inferred,neighbors,0
inferred,video,0
inferred,stability,0
inferred,pollutants,0
inferred,tree,0
inferred,motion,0
inferred,protein,0
inferred,reported,0
inferred,remarkable,0
variously,wide,0
variously,water-splitting,0
variously,work,0
variously,viable,0
variously,wavelengths,0
variously,videos,0
variously,years,0
variously,words,0
variously,water,0
variously,wiki,0
variously,vehicle,0
variously,xps,0
variously,works,0
variously,visual,0
variously,video,0
wide,wiki,0
actions,drug-drug,0
actions,intuitively,0
actions,inferred,0
actions,variously,0
actions,dual,0
actions,anchored,0
actions,interacts,0
actions,mikae,0
actions,eastern,0
actions,bulbosa,0
actions,colomatta,0
actions,lutea,0
actions,connecting,0
actions,low-pass,0
actions,metal,0
actions,cocatalyst-free,0
actions,water-splitting,0
actions,nitride,0
actions,present,0
actions,concentrated,0
actions,pharmacology,0
actions,curated,0
actions,generally,0
actions,meiosis,0
actions,reduced,0
actions,roofs,0
actions,cancers,0
actions,hyperlinks,0
actions,independently,0
actions,differently,0
actions,continuation,0
actions,standards,0
actions,noise,0
actions,rna,0
actions,tcga,0
actions,pei-gcn,0
actions,gqa,0
actions,assessment,0
actions,membranes,0
actions,beneficial,0
actions,pharmacological,0
actions,three-dimensional,0
actions,recombination,0
actions,dempster-shafer,0
actions,thousands,0
actions,hours,0
actions,owing,0
actions,roads,0
actions,alternatively,0
actions,determination,0
actions,seoul,0
actions,proteins,0
actions,encoded,0
actions,time-consuming,0
actions,prohibitively,0
actions,psycholinguistic,0
actions,heterojunction,0
actions,nitrogen-rich,0
actions,tubes,0
actions,chemical,0
actions,liquid,0
actions,graphitic,0
actions,granger,0
actions,established,0
actions,mixed,0
actions,excellent,0
actions,self-healing,0
actions,dual-stimulus,0
actions,smoothing,0
actions,households,0
actions,apartments,0
actions,viable,0
actions,trna,0
actions,cutting-thin,0
actions,string,0
actions,descriptor,0
actions,sgc,0
actions,u-shaped,0
actions,couplings,0
actions,pressure,0
actions,f-score,0
actions,auc,0
actions,requirement,0
actions,numerous,0
actions,topologically,0
actions,wavelengths,0
actions,markers,0
actions,n-acetyltransferase,0
actions,holes,0
actions,photocatalyst,0
actions,investigations,0
actions,trypanosoma,0
actions,sciences,0
actions,medica,0
actions,plant,0
actions,transformers,0
actions,harmful,0
actions,theory,0
actions,heavily,0
actions,hemisphere,0
actions,gps,0
actions,obu,0
actions,material,0
actions,heparin,0
actions,imdb,0
actions,kitti,0
actions,artifact,0
actions,s-triazine,0
actions,mscoco,0
actions,heterogeneous,0
actions,cnn,0
actions,cloud,0
actions,photoreduction,0
actions,ethereum,0
actions,lstm,0
actions,smiles,0
actions,bidirectional,0
actions,catalysts,0
actions,capacity,0
actions,svm,0
actions,knn,0
actions,softmax,0
actions,chloroform,0
actions,formed,0
actions,escherichia,0
actions,euclidean,0
actions,patients,0
actions,patient,0
actions,annotations,0
actions,rnas,0
actions,algorithms,0
actions,fourier,0
actions,initiative,0
actions,pca,0
actions,decades,0
actions,fixation,0
actions,molecules,0
actions,molecule,0
actions,unsupervised,0
actions,matthews,0
actions,secure,0
actions,nlp,0
actions,words,0
actions,water,0
actions,wiki,0
actions,nanosized,0
actions,surge,0
actions,data-driven,0
actions,dft,0
actions,canadian,0
actions,vehicle,0
actions,guided,0
actions,ftir,0
actions,xps,0
actions,euler,0
actions,skeletongait,0
actions,graph-based,0
actions,metsulfuron,0
actions,meaningful,0
actions,revealed,0
actions,gcaru,0
actions,probability,0
actions,methodology,0
actions,pubmed,0
actions,sentiments,0
actions,electron,0
actions,kinetoplastid,0
actions,unconventional,0
actions,cgcnimp,0
actions,mcc,0
actions,auprc,0
actions,optimization,0
actions,fenton,0
actions,dmax,0
actions,unifying,0
actions,laplacian,0
actions,topic,0
actions,updated,0
actions,u-net,0
actions,presentation,0
actions,indonesia,0
actions,pooling,0
actions,intratesticular,0
actions,aminoacyl,0
actions,daily,0
actions,evolution,0
actions,cfz,0
actions,single-granular,0
actions,desirable,0
actions,modalities,0
actions,expression,0
actions,tumor,0
actions,target,0
actions,ternary,0
actions,sparsity,0
actions,faces,0
actions,static,0
actions,gene,0
actions,surface,0
actions,immune,0
actions,gat,0
actions,single,0
actions,machine,0
actions,communication,0
actions,layouts,0
actions,cells,0
actions,remote,0
actions,splitting,0
actions,conditions,0
actions,pairs,0
actions,include,0
actions,photocatalytic,0
actions,structural,0
actions,cases,0
actions,identifying,0
actions,reactions,0
actions,unit,0
actions,patterns,0
actions,light,0
actions,targets,0
actions,neighbors,0
actions,adsorption,0
actions,part,0
actions,capturing,0
actions,affected,0
actions,stability,0
actions,pollutants,0
actions,diffusion,0
actions,protein,0
actions,reported,0
actions,background,0
actions,center,0
actions,bind,0
actions,band,0
specifically,variously,0
specifically,water-splitting,0
specifically,standards,0
specifically,tcga,0
specifically,three-dimensional,0
specifically,tubes,0
specifically,string,0
specifically,u-shaped,0
specifically,topologically,0
specifically,wavelengths,0
specifically,trypanosoma,0
specifically,wiki,0
specifically,xps,0
specifically,unconventional,0
specifically,u-net,0
specifically,ternary,0
demonstrates,drug-drug,0
demonstrates,intuitively,0
demonstrates,dual,0
demonstrates,interacts,0
demonstrates,mikae,0
demonstrates,eastern,0
demonstrates,lutea,0
demonstrates,ignore,0
demonstrates,low-pass,0
demonstrates,metal,0
demonstrates,water-splitting,0
demonstrates,rarely,0
demonstrates,pharmacology,0
demonstrates,meiosis,0
demonstrates,reduced,0
demonstrates,gap,0
demonstrates,roofs,0
demonstrates,hyperlinks,0
demonstrates,independently,0
demonstrates,differently,0
demonstrates,generated,0
demonstrates,standards,0
demonstrates,tcga,0
demonstrates,pei-gcn,0
demonstrates,gqa,0
demonstrates,membranes,0
demonstrates,pharmacological,0
demonstrates,three-dimensional,0
demonstrates,dempster-shafer,0
demonstrates,thousands,0
demonstrates,hours,0
demonstrates,owing,0
demonstrates,roads,0
demonstrates,seoul,0
demonstrates,prohibitively,0
demonstrates,psycholinguistic,0
demonstrates,nitrogen-rich,0
demonstrates,tubes,0
demonstrates,liquid,0
demonstrates,granger,0
demonstrates,self-healing,0
demonstrates,dual-stimulus,0
demonstrates,smoothing,0
demonstrates,households,0
demonstrates,viable,0
demonstrates,trna,0
demonstrates,sgc,0
demonstrates,u-shaped,0
demonstrates,pressure,0
demonstrates,f-score,0
demonstrates,requirement,0
demonstrates,numerous,0
demonstrates,topologically,0
demonstrates,wavelengths,0
demonstrates,markers,0
demonstrates,n-acetyltransferase,0
demonstrates,trypanosoma,0
demonstrates,sciences,0
demonstrates,medica,0
demonstrates,plant,0
demonstrates,transformers,0
demonstrates,harmful,0
demonstrates,language,0
demonstrates,theory,0
demonstrates,rely,0
demonstrates,hemisphere,0
demonstrates,gps,0
demonstrates,obu,0
demonstrates,heparin,0
demonstrates,relation,0
demonstrates,typically,0
demonstrates,kitti,0
demonstrates,s-triazine,0
demonstrates,mscoco,0
demonstrates,heterogeneous,0
demonstrates,ethereum,0
demonstrates,smiles,0
demonstrates,svm,0
demonstrates,knn,0
demonstrates,softmax,0
demonstrates,formed,0
demonstrates,escherichia,0
demonstrates,fourier,0
demonstrates,pca,0
demonstrates,fixation,0
demonstrates,matthews,0
demonstrates,secure,0
demonstrates,nlp,0
demonstrates,words,0
demonstrates,transformer,0
demonstrates,wiki,0
demonstrates,nanosized,0
demonstrates,surge,0
demonstrates,kinetics,0
demonstrates,dft,0
demonstrates,vehicle,0
demonstrates,guided,0
demonstrates,subgraph,0
demonstrates,ftir,0
demonstrates,xps,0
demonstrates,euler,0
demonstrates,skeletongait,0
demonstrates,informative,0
demonstrates,metsulfuron,0
demonstrates,meaningful,0
demonstrates,revealed,0
demonstrates,gcaru,0
demonstrates,pubmed,0
demonstrates,sentiments,0
demonstrates,kinetoplastid,0
demonstrates,unconventional,0
demonstrates,fenton,0
demonstrates,dmax,0
demonstrates,unifying,0
demonstrates,laplacian,0
demonstrates,updated,0
demonstrates,u-net,0
demonstrates,psf,0
demonstrates,presentation,0
demonstrates,indonesia,0
demonstrates,intratesticular,0
demonstrates,key,0
demonstrates,evolution,0
demonstrates,single-granular,0
demonstrates,desirable,0
demonstrates,modalities,0
demonstrates,user,0
demonstrates,dense,0
demonstrates,immune,0
demonstrates,layouts,0
demonstrates,remote,0
demonstrates,splitting,0
demonstrates,parameters,0
demonstrates,include,0
demonstrates,targets,0
dual,intuitively,0
dual,inferred,0
dual,variously,0
dual,interacts,0
dual,mikae,0
dual,eastern,0
dual,lutea,0
dual,input,0
dual,low-pass,0
dual,pharmacology,0
dual,generally,0
dual,meiosis,0
dual,reduced,0
dual,roofs,0
dual,hyperlinks,0
dual,independently,0
dual,explicitly,0
dual,standards,0
dual,rna,0
dual,tcga,0
dual,pei-gcn,0
dual,gqa,0
dual,membranes,0
dual,pharmacological,0
dual,three-dimensional,0
dual,thousands,0
dual,owing,0
dual,roads,0
dual,seoul,0
dual,proteins,0
dual,encoded,0
dual,prohibitively,0
dual,psycholinguistic,0
dual,nitrogen-rich,0
dual,tubes,0
dual,liquid,0
dual,granger,0
dual,established,0
dual,mixed,0
dual,self-healing,0
dual,dual-stimulus,0
dual,smoothing,0
dual,households,0
dual,viable,0
dual,trna,0
dual,outperform,0
dual,string,0
dual,sgc,0
dual,u-shaped,0
dual,pressure,0
dual,f-score,0
dual,requirement,0
dual,numerous,0
dual,markers,0
dual,investigations,0
dual,trypanosoma,0
dual,sciences,0
dual,medica,0
dual,plant,0
dual,transformers,0
dual,harmful,0
dual,videos,0
dual,language,0
dual,leading,0
dual,rely,0
dual,heavily,0
dual,hemisphere,0
dual,gps,0
dual,obu,0
dual,material,0
dual,heparin,0
dual,typically,0
dual,imdb,0
dual,kitti,0
dual,s-triazine,0
dual,mscoco,0
dual,sites,0
dual,points,0
dual,photoreduction,0
dual,ethereum,0
dual,smiles,0
dual,technologies,0
dual,svm,0
dual,knn,0
dual,softmax,0
dual,formed,0
dual,escherichia,0
dual,euclidean,0
dual,fourier,0
dual,pca,0
dual,fixation,0
dual,ntu,0
dual,edges,0
dual,matthews,0
dual,nlp,0
dual,words,0
dual,wiki,0
dual,nanosized,0
dual,surge,0
dual,kinetics,0
dual,guided,0
dual,subgraph,0
dual,ftir,0
dual,euler,0
dual,metsulfuron,0
dual,meaningful,0
dual,revealed,0
dual,gcaru,0
dual,probability,0
dual,methodology,0
dual,pubmed,0
dual,sentiments,0
dual,kinetoplastid,0
dual,unconventional,0
dual,mcc,0
dual,optimization,0
dual,fenton,0
dual,generative,0
dual,unifying,0
dual,updated,0
dual,u-net,0
dual,showed,0
dual,psf,0
dual,presentation,0
dual,indonesia,0
dual,intratesticular,0
dual,factors,0
dual,single-granular,0
dual,optical,0
dual,modalities,0
dual,user,0
dual,set,0
dual,sparsity,0
dual,faces,0
dual,static,0
dual,gene,0
dual,identification,0
dual,validate,0
dual,synthetic,0
dual,real,0
dual,layouts,0
dual,remote,0
dual,improved,0
dual,processing,0
dual,employed,0
dual,include,0
dual,variation,0
dual,identifying,0
dual,reactions,0
dual,multi-scale,0
dual,utilization,0
dual,neighbors,0
dual,progress,0
dual,video,0
dual,focuses,0
dual,tree,0
dual,motion,0
dual,point,0
dual,reported,0
anchored,drug-drug,0
anchored,paper,0
anchored,named,0
anchored,methods,0
anchored,intuitively,0
anchored,inferred,0
anchored,variously,0
anchored,wide,0
anchored,specifically,0
anchored,demonstrates,0
anchored,interacts,0
anchored,structure,0
anchored,mikae,0
anchored,eastern,0
anchored,bulbosa,0
anchored,colomatta,0
anchored,lutea,0
anchored,input,0
anchored,existing,0
anchored,approaches,0
anchored,ignore,0
anchored,benefit,0
anchored,graph,0
anchored,connecting,0
anchored,considered,0
anchored,low-pass,0
anchored,literature,0
anchored,rarely,0
anchored,concentrated,0
anchored,extract,0
anchored,pharmacology,0
anchored,curated,0
anchored,generally,0
anchored,common,0
anchored,meiosis,0
anchored,increasing,0
anchored,reduced,0
anchored,developed,0
anchored,roofs,0
anchored,cancers,0
anchored,hyperlinks,0
anchored,independently,0
anchored,differently,0
anchored,explicitly,0
anchored,attention,0
anchored,continuation,0
anchored,systems,0
anchored,network,0
anchored,standards,0
anchored,networks,0
anchored,noise,0
anchored,extracting,0
anchored,rna,0
anchored,tcga,0
anchored,pei-gcn,0
anchored,gqa,0
anchored,proposes,0
anchored,assist,0
anchored,critical,0
anchored,assessment,0
anchored,membranes,0
anchored,models,0
anchored,result,0
anchored,beneficial,0
anchored,pharmacological,0
anchored,three-dimensional,0
anchored,classification,0
anchored,problem,0
anchored,node,0
anchored,fast,0
anchored,recombination,0
anchored,real-world,0
anchored,dempster-shafer,0
anchored,thousands,0
anchored,hours,0
anchored,owing,0
anchored,propose,0
anchored,roads,0
anchored,tasks,0
anchored,utilized,0
anchored,determination,0
anchored,seoul,0
anchored,proteins,0
anchored,encoded,0
anchored,time-consuming,0
anchored,experimental,0
anchored,prohibitively,0
anchored,psycholinguistic,0
anchored,attack,0
anchored,nitrogen-rich,0
anchored,tubes,0
anchored,liquid,0
anchored,granger,0
anchored,nodes,0
anchored,established,0
anchored,mixed,0
anchored,self-healing,0
anchored,dual-stimulus,0
anchored,similar,0
anchored,smoothing,0
anchored,perform,0
anchored,households,0
anchored,apartments,0
anchored,strategy,0
anchored,presents,0
anchored,viable,0
anchored,trna,0
anchored,outperform,0
anchored,cutting-thin,0
anchored,string,0
anchored,descriptor,0
anchored,explore,0
anchored,sgc,0
anchored,u-shaped,0
anchored,couplings,0
anchored,pressure,0
anchored,f-score,0
anchored,auc,0
anchored,graphs,0
anchored,requirement,0
anchored,numerous,0
anchored,sets,0
anchored,simultaneously,0
anchored,markers,0
anchored,n-acetyltransferase,0
anchored,area,0
anchored,investigations,0
anchored,trypanosoma,0
anchored,sciences,0
anchored,medica,0
anchored,plant,0
anchored,transformers,0
anchored,harmful,0
anchored,videos,0
anchored,features,0
anchored,years,0
anchored,language,0
anchored,theory,0
anchored,leading,0
anchored,rely,0
anchored,decisions,0
anchored,heavily,0
anchored,hemisphere,0
anchored,gps,0
anchored,obu,0
anchored,material,0
anchored,gcns,0
anchored,heparin,0
anchored,relation,0
anchored,relations,0
anchored,typically,0
anchored,firstly,0
anchored,understanding,0
anchored,imdb,0
anchored,kitti,0
anchored,artifact,0
anchored,convolutional,0
anchored,s-triazine,0
anchored,mscoco,0
anchored,model,0
anchored,cnn,0
anchored,cloud,0
anchored,points,0
anchored,improve,0
anchored,photoreduction,0
anchored,ethereum,0
anchored,lstm,0
anchored,smiles,0
anchored,bidirectional,0
anchored,catalysts,0
anchored,technologies,0
anchored,capacity,0
anchored,svm,0
anchored,knn,0
anchored,softmax,0
anchored,chloroform,0
anchored,escherichia,0
anchored,euclidean,0
anchored,patients,0
anchored,patient,0
anchored,similarity,0
anchored,annotations,0
anchored,rnas,0
anchored,initiative,0
anchored,pca,0
anchored,decades,0
anchored,copy,0
anchored,recently,0
anchored,fixation,0
anchored,molecules,0
anchored,molecule,0
anchored,ntu,0
anchored,edges,0
anchored,unsupervised,0
anchored,matthews,0
anchored,secure,0
anchored,nlp,0
anchored,words,0
anchored,transformer,0
anchored,wiki,0
anchored,datasets,0
anchored,data,0
anchored,nanosized,0
anchored,effectively,0
anchored,surge,0
anchored,data-driven,0
anchored,dft,0
anchored,skeleton,0
anchored,canadian,0
anchored,framework,0
anchored,vehicle,0
anchored,guided,0
anchored,end,0
anchored,layer,0
anchored,learning,0
anchored,subgraph,0
anchored,ftir,0
anchored,pose,0
anchored,skeleton-based,0
anchored,euler,0
anchored,skeletongait,0
anchored,graph-based,0
anchored,informative,0
anchored,dependencies,0
anchored,proposed,0
anchored,metsulfuron,0
anchored,conduct,0
anchored,meaningful,0
anchored,gcaru,0
anchored,probability,0
anchored,methodology,0
anchored,pubmed,0
anchored,sentiments,0
anchored,information,0
anchored,evaluation,0
anchored,role,0
anchored,kinetoplastid,0
anchored,unconventional,0
anchored,cgcnimp,0
anchored,mcc,0
anchored,auroc,0
anchored,auprc,0
anchored,optimization,0
anchored,relationships,0
anchored,representation,0
anchored,represent,0
anchored,fenton,0
anchored,generative,0
anchored,dmax,0
anchored,unifying,0
anchored,embeddings,0
anchored,laplacian,0
anchored,topic,0
anchored,updated,0
anchored,global,0
anchored,local,0
anchored,deep,0
anchored,training,0
anchored,correlations,0
anchored,u-net,0
anchored,supervised,0
anchored,error,0
anchored,works,0
anchored,generate,0
anchored,capture,0
anchored,showed,0
anchored,psf,0
anchored,optimal,0
anchored,presentation,0
anchored,indonesia,0
anchored,pooling,0
anchored,dataset,0
anchored,intratesticular,0
anchored,key,0
anchored,human,0
anchored,technique,0
anchored,prediction,0
anchored,factors,0
anchored,propagation,0
anchored,daily,0
anchored,learn,0
anchored,neighbor,0
anchored,cfz,0
anchored,single-granular,0
anchored,optical,0
anchored,approach,0
anchored,focus,0
anchored,modalities,0
anchored,module,0
anchored,representations,0
anchored,neural,0
anchored,expression,0
anchored,user,0
anchored,management,0
anchored,predict,0
anchored,feature,0
anchored,set,0
anchored,fully,0
anchored,complex,0
anchored,tumor,0
anchored,target,0
anchored,dense,0
anchored,recognition,0
anchored,identify,0
anchored,convolution,0
anchored,challenges,0
anchored,multiple,0
anchored,trend,0
anchored,sparsity,0
anchored,faces,0
anchored,recent,0
anchored,static,0
anchored,gene,0
anchored,immune,0
anchored,knowledge,0
anchored,temporal,0
anchored,identification,0
anchored,predicting,0
anchored,number,0
anchored,validate,0
anchored,gat,0
anchored,spatial-temporal,0
anchored,single,0
anchored,interaction,0
anchored,layers,0
anchored,task,0
anchored,challenging,0
anchored,machine,0
anchored,traffic,0
anchored,communication,0
anchored,synthetic,0
anchored,real,0
anchored,visual,0
anchored,layouts,0
anchored,cells,0
anchored,remote,0
anchored,splitting,0
anchored,parameters,0
anchored,rgb,0
anchored,show,0
anchored,processing,0
anchored,conditions,0
anchored,previous,0
anchored,employed,0
anchored,include,0
anchored,captures,0
anchored,learns,0
anchored,embedding,0
anchored,structural,0
anchored,success,0
anchored,cases,0
anchored,identifying,0
anchored,important,0
anchored,memory,0
anchored,unit,0
anchored,gated,0
anchored,patterns,0
anchored,field,0
anchored,correction,0
anchored,constructing,0
anchored,comprehensive,0
anchored,great,0
anchored,functions,0
anchored,targets,0
anchored,architecture,0
anchored,multi-scale,0
anchored,annotation,0
anchored,structures,0
anchored,neighbors,0
anchored,part,0
anchored,progress,0
anchored,video,0
anchored,focuses,0
anchored,capturing,0
anchored,traditional,0
anchored,sample,0
anchored,designed,0
anchored,pollutants,0
anchored,behaviors,0
anchored,diffusion,0
anchored,tree,0
anchored,motion,0
anchored,types,0
anchored,protein,0
anchored,point,0
anchored,reported,0
anchored,remarkable,0
anchored,background,0
anchored,bind,0
interacts,paper,0
interacts,named,0
interacts,method,0
interacts,methods,0
interacts,intuitively,0
interacts,variously,0
interacts,wide,0
interacts,specifically,0
interacts,mikae,0
interacts,lutea,0
interacts,low-pass,0
interacts,metal,0
interacts,water-splitting,0
interacts,nitride,0
interacts,literature,0
interacts,rarely,0
interacts,pharmacology,0
interacts,published,0
interacts,roofs,0
interacts,systems,0
interacts,standards,0
interacts,noise,0
interacts,tcga,0
interacts,pei-gcn,0
interacts,proposes,0
interacts,membranes,0
interacts,models,0
interacts,result,0
interacts,pharmacological,0
interacts,three-dimensional,0
interacts,problem,0
interacts,node,0
interacts,performance,0
interacts,limited,0
interacts,recombination,0
interacts,real-world,0
interacts,thousands,0
interacts,owing,0
interacts,propose,0
interacts,roads,0
interacts,tasks,0
interacts,process,0
interacts,seoul,0
interacts,time-consuming,0
interacts,prohibitively,0
interacts,psycholinguistic,0
interacts,nitrogen-rich,0
interacts,tubes,0
interacts,liquid,0
interacts,work,0
interacts,nodes,0
interacts,mixed,0
interacts,self-healing,0
interacts,smoothing,0
interacts,strategy,0
interacts,presents,0
interacts,viable,0
interacts,trna,0
interacts,outperform,0
interacts,string,0
interacts,sgc,0
interacts,u-shaped,0
interacts,samples,0
interacts,research,0
interacts,pressure,0
interacts,requirement,0
interacts,numerous,0
interacts,separation,0
interacts,topologically,0
interacts,wavelengths,0
interacts,sets,0
interacts,simultaneously,0
interacts,markers,0
interacts,resulting,0
interacts,photocatalyst,0
interacts,investigations,0
interacts,sciences,0
interacts,medica,0
interacts,plant,0
interacts,transformers,0
interacts,videos,0
interacts,years,0
interacts,language,0
interacts,theory,0
interacts,leading,0
interacts,rely,0
interacts,obu,0
interacts,material,0
interacts,relation,0
interacts,relations,0
interacts,typically,0
interacts,understanding,0
interacts,kitti,0
interacts,s-triazine,0
interacts,mscoco,0
interacts,sites,0
interacts,points,0
interacts,photoreduction,0
interacts,lstm,0
interacts,smiles,0
interacts,technologies,0
interacts,svm,0
interacts,knn,0
interacts,softmax,0
interacts,patients,0
interacts,patient,0
interacts,rnas,0
interacts,pca,0
interacts,recently,0
interacts,molecules,0
interacts,molecule,0
interacts,ntu,0
interacts,unsupervised,0
interacts,matthews,0
interacts,secure,0
interacts,nlp,0
interacts,words,0
interacts,transformer,0
interacts,system,0
interacts,water,0
interacts,wiki,0
interacts,nanosized,0
interacts,surge,0
interacts,skeleton,0
interacts,vehicle,0
interacts,layer,0
interacts,learning,0
interacts,subgraph,0
interacts,xps,0
interacts,pose,0
interacts,skeleton-based,0
interacts,skeletongait,0
interacts,metsulfuron,0
interacts,meaningful,0
interacts,probability,0
interacts,methodology,0
interacts,spatial,0
interacts,pubmed,0
interacts,sentiments,0
interacts,role,0
interacts,mcc,0
interacts,optimization,0
interacts,relationships,0
interacts,representation,0
interacts,represent,0
interacts,unifying,0
interacts,laplacian,0
interacts,topic,0
interacts,updated,0
interacts,local,0
interacts,training,0
interacts,u-net,0
interacts,supervised,0
interacts,works,0
interacts,showed,0
interacts,psf,0
interacts,optimal,0
interacts,presentation,0
interacts,pooling,0
interacts,intratesticular,0
interacts,technique,0
interacts,prediction,0
interacts,propagation,0
interacts,time,0
interacts,learn,0
interacts,neighbor,0
interacts,single-granular,0
interacts,optical,0
interacts,modalities,0
interacts,representations,0
interacts,introduce,0
interacts,neural,0
interacts,user,0
interacts,management,0
interacts,predict,0
interacts,tumor,0
interacts,target,0
interacts,studies,0
interacts,multiple,0
interacts,trend,0
interacts,sparsity,0
interacts,recent,0
interacts,static,0
interacts,surface,0
interacts,significant,0
interacts,knowledge,0
interacts,temporal,0
interacts,predicting,0
interacts,validate,0
interacts,spatial-temporal,0
interacts,single,0
interacts,layers,0
interacts,task,0
interacts,step,0
interacts,machine,0
interacts,traffic,0
interacts,synthetic,0
interacts,real,0
interacts,visual,0
interacts,layouts,0
interacts,remote,0
interacts,splitting,0
interacts,parameters,0
interacts,rgb,0
interacts,large,0
interacts,previous,0
interacts,pairs,0
interacts,learns,0
interacts,photocatalytic,0
interacts,success,0
interacts,variation,0
interacts,reactions,0
interacts,memory,0
interacts,unit,0
interacts,light,0
interacts,targets,0
interacts,multi-scale,0
interacts,utilization,0
interacts,neighbors,0
interacts,part,0
interacts,progress,0
interacts,video,0
interacts,traditional,0
interacts,stability,0
interacts,sample,0
interacts,pollutants,0
interacts,tree,0
interacts,motion,0
interacts,types,0
interacts,point,0
interacts,reported,0
interacts,remarkable,0
structure,variously,0
structure,water-splitting,0
structure,tubes,0
structure,trna,0
structure,topologically,0
structure,wavelengths,0
structure,trypanosoma,0
structure,wiki,0
structure,unconventional,0
mikae,paper,0
mikae,named,0
mikae,variously,0
mikae,wide,0
mikae,specifically,0
mikae,structure,0
mikae,water-splitting,0
mikae,nitride,0
mikae,present,0
mikae,rarely,0
mikae,pharmacology,0
mikae,published,0
mikae,reduced,0
mikae,roofs,0
mikae,obtained,0
mikae,systems,0
mikae,network,0
mikae,standards,0
mikae,networks,0
mikae,noise,0
mikae,rna,0
mikae,tcga,0
mikae,pei-gcn,0
mikae,proposes,0
mikae,models,0
mikae,result,0
mikae,pharmacological,0
mikae,three-dimensional,0
mikae,problem,0
mikae,node,0
mikae,performance,0
mikae,recombination,0
mikae,real-world,0
mikae,thousands,0
mikae,owing,0
mikae,propose,0
mikae,roads,0
mikae,tasks,0
mikae,utilized,0
mikae,process,0
mikae,seoul,0
mikae,proteins,0
mikae,time-consuming,0
mikae,prohibitively,0
mikae,psycholinguistic,0
mikae,nitrogen-rich,0
mikae,tubes,0
mikae,work,0
mikae,nodes,0
mikae,mixed,0
mikae,self-healing,0
mikae,similar,0
mikae,smoothing,0
mikae,perform,0
mikae,study,0
mikae,strategy,0
mikae,presents,0
mikae,viable,0
mikae,trna,0
mikae,outperform,0
mikae,string,0
mikae,sgc,0
mikae,u-shaped,0
mikae,samples,0
mikae,research,0
mikae,pressure,0
mikae,requirement,0
mikae,numerous,0
mikae,separation,0
mikae,topologically,0
mikae,wavelengths,0
mikae,sets,0
mikae,simultaneously,0
mikae,n-acetyltransferase,0
mikae,resulting,0
mikae,photocatalyst,0
mikae,trypanosoma,0
mikae,sciences,0
mikae,plant,0
mikae,transformers,0
mikae,videos,0
mikae,years,0
mikae,theory,0
mikae,rely,0
mikae,obu,0
mikae,relation,0
mikae,relations,0
mikae,typically,0
mikae,understanding,0
mikae,s-triazine,0
mikae,mscoco,0
mikae,model,0
mikae,sites,0
mikae,points,0
mikae,photoreduction,0
mikae,smiles,0
mikae,technologies,0
mikae,svm,0
mikae,softmax,0
mikae,patients,0
mikae,patient,0
mikae,similarity,0
mikae,rnas,0
mikae,pca,0
mikae,recently,0
mikae,molecules,0
mikae,molecule,0
mikae,ntu,0
mikae,unsupervised,0
mikae,secure,0
mikae,nlp,0
mikae,words,0
mikae,transformer,0
mikae,system,0
mikae,water,0
mikae,wiki,0
mikae,nanosized,0
mikae,surge,0
mikae,skeleton,0
mikae,vehicle,0
mikae,results,0
mikae,subgraph,0
mikae,xps,0
mikae,pose,0
mikae,skeleton-based,0
mikae,skeletongait,0
mikae,revealed,0
mikae,probability,0
mikae,spatial,0
mikae,pubmed,0
mikae,sentiments,0
mikae,role,0
mikae,unconventional,0
mikae,optimization,0
mikae,relationships,0
mikae,representation,0
mikae,represent,0
mikae,unifying,0
mikae,topic,0
mikae,updated,0
mikae,training,0
mikae,u-net,0
mikae,supervised,0
mikae,works,0
mikae,showed,0
mikae,psf,0
mikae,optimal,0
mikae,presentation,0
mikae,pooling,0
mikae,technique,0
mikae,prediction,0
mikae,propagation,0
mikae,neighbor,0
mikae,single-granular,0
mikae,optical,0
mikae,modalities,0
mikae,module,0
mikae,representations,0
mikae,neural,0
mikae,user,0
mikae,predict,0
mikae,set,0
mikae,tumor,0
mikae,target,0
mikae,studies,0
mikae,recognition,0
mikae,multiple,0
mikae,ternary,0
mikae,trend,0
mikae,sparsity,0
mikae,recent,0
mikae,static,0
mikae,surface,0
mikae,significant,0
mikae,temporal,0
mikae,predicting,0
mikae,number,0
mikae,validate,0
mikae,spatial-temporal,0
mikae,single,0
mikae,task,0
mikae,step,0
mikae,traffic,0
mikae,synthetic,0
mikae,real,0
mikae,visual,0
mikae,remote,0
mikae,splitting,0
mikae,parameters,0
mikae,rgb,0
mikae,show,0
mikae,processing,0
mikae,previous,0
mikae,pairs,0
mikae,photocatalytic,0
mikae,structural,0
mikae,success,0
mikae,variation,0
mikae,reactions,0
mikae,unit,0
mikae,patterns,0
mikae,targets,0
mikae,multi-scale,0
mikae,utilization,0
mikae,structures,0
mikae,neighbors,0
mikae,part,0
mikae,progress,0
mikae,video,0
mikae,traditional,0
mikae,stability,0
mikae,sample,0
mikae,pollutants,0
mikae,tree,0
mikae,motion,0
mikae,types,0
mikae,protein,0
mikae,point,0
mikae,reported,0
mikae,remarkable,0
eastern,paper,0
eastern,named,0
eastern,method,0
eastern,methods,0
eastern,intuitively,0
eastern,inferred,0
eastern,variously,0
eastern,wide,0
eastern,specifically,0
eastern,interacts,0
eastern,structure,0
eastern,input,0
eastern,existing,0
eastern,ignore,0
eastern,graph,0
eastern,low-pass,0
eastern,metal,0
eastern,water-splitting,0
eastern,nitride,0
eastern,present,0
eastern,literature,0
eastern,rarely,0
eastern,extract,0
eastern,pharmacology,0
eastern,published,0
eastern,generally,0
eastern,meiosis,0
eastern,increasing,0
eastern,reduced,0
eastern,gap,0
eastern,roofs,0
eastern,hyperlinks,0
eastern,independently,0
eastern,explicitly,0
eastern,obtained,0
eastern,generated,0
eastern,systems,0
eastern,network,0
eastern,standards,0
eastern,networks,0
eastern,noise,0
eastern,extracting,0
eastern,rna,0
eastern,tcga,0
eastern,pei-gcn,0
eastern,gqa,0
eastern,proposes,0
eastern,membranes,0
eastern,models,0
eastern,result,0
eastern,pharmacological,0
eastern,efficient,0
eastern,three-dimensional,0
eastern,problem,0
eastern,node,0
eastern,performance,0
eastern,limited,0
eastern,fast,0
eastern,recombination,0
eastern,real-world,0
eastern,thousands,0
eastern,hours,0
eastern,owing,0
eastern,propose,0
eastern,roads,0
eastern,tasks,0
eastern,utilized,0
eastern,process,0
eastern,seoul,0
eastern,proteins,0
eastern,encoded,0
eastern,time-consuming,0
eastern,experimental,0
eastern,prohibitively,0
eastern,elsevier,0
eastern,psycholinguistic,0
eastern,heterojunction,0
eastern,nitrogen-rich,0
eastern,tubes,0
eastern,liquid,0
eastern,work,0
eastern,graphitic,0
eastern,granger,0
eastern,nodes,0
eastern,established,0
eastern,mixed,0
eastern,excellent,0
eastern,self-healing,0
eastern,similar,0
eastern,smoothing,0
eastern,perform,0
eastern,households,0
eastern,study,0
eastern,strategy,0
eastern,presents,0
eastern,viable,0
eastern,trna,0
eastern,outperform,0
eastern,string,0
eastern,explore,0
eastern,sgc,0
eastern,u-shaped,0
eastern,samples,0
eastern,research,0
eastern,pressure,0
eastern,f-score,0
eastern,graphs,0
eastern,requirement,0
eastern,numerous,0
eastern,separation,0
eastern,topologically,0
eastern,wavelengths,0
eastern,sets,0
eastern,simultaneously,0
eastern,markers,0
eastern,n-acetyltransferase,0
eastern,holes,0
eastern,resulting,0
eastern,photocatalyst,0
eastern,investigations,0
eastern,trypanosoma,0
eastern,sciences,0
eastern,medica,0
eastern,plant,0
eastern,transformers,0
eastern,harmful,0
eastern,videos,0
eastern,features,0
eastern,years,0
eastern,language,0
eastern,theory,0
eastern,leading,0
eastern,rely,0
eastern,heavily,0
eastern,gps,0
eastern,obu,0
eastern,material,0
eastern,gcns,0
eastern,heparin,0
eastern,relation,0
eastern,relations,0
eastern,typically,0
eastern,firstly,0
eastern,understanding,0
eastern,imdb,0
eastern,kitti,0
eastern,s-triazine,0
eastern,mscoco,0
eastern,heterogeneous,0
eastern,model,0
eastern,sites,0
eastern,points,0
eastern,efficiency,0
eastern,improve,0
eastern,photoreduction,0
eastern,ethereum,0
eastern,lstm,0
eastern,smiles,0
eastern,technologies,0
eastern,svm,0
eastern,knn,0
eastern,softmax,0
eastern,formed,0
eastern,escherichia,0
eastern,euclidean,0
eastern,patients,0
eastern,patient,0
eastern,similarity,0
eastern,rnas,0
eastern,fourier,0
eastern,initiative,0
eastern,pca,0
eastern,recently,0
eastern,fixation,0
eastern,molecules,0
eastern,molecule,0
eastern,ntu,0
eastern,edges,0
eastern,unsupervised,0
eastern,matthews,0
eastern,secure,0
eastern,nlp,0
eastern,words,0
eastern,transformer,0
eastern,system,0
eastern,water,0
eastern,wiki,0
eastern,nanosized,0
eastern,effectively,0
eastern,surge,0
eastern,kinetics,0
eastern,skeleton,0
eastern,framework,0
eastern,vehicle,0
eastern,guided,0
eastern,end,0
eastern,layer,0
eastern,results,0
eastern,learning,0
eastern,subgraph,0
eastern,ftir,0
eastern,xps,0
eastern,pose,0
eastern,skeleton-based,0
eastern,euler,0
eastern,skeletongait,0
eastern,graph-based,0
eastern,informative,0
eastern,metsulfuron,0
eastern,meaningful,0
eastern,revealed,0
eastern,gcaru,0
eastern,probability,0
eastern,methodology,0
eastern,spatial,0
eastern,pubmed,0
eastern,sentiments,0
eastern,electron,0
eastern,information,0
eastern,evaluation,0
eastern,role,0
eastern,kinetoplastid,0
eastern,unconventional,0
eastern,mcc,0
eastern,optimization,0
eastern,relationships,0
eastern,representation,0
eastern,represent,0
eastern,fenton,0
eastern,generative,0
eastern,unifying,0
eastern,embeddings,0
eastern,laplacian,0
eastern,topic,0
eastern,updated,0
eastern,global,0
eastern,local,0
eastern,training,0
eastern,u-net,0
eastern,supervised,0
eastern,error,0
eastern,works,0
eastern,generate,0
eastern,showed,0
eastern,psf,0
eastern,optimal,0
eastern,presentation,0
eastern,indonesia,0
eastern,pooling,0
eastern,intratesticular,0
eastern,human,0
eastern,technique,0
eastern,prediction,0
eastern,factors,0
eastern,propagation,0
eastern,learn,0
eastern,neighbor,0
eastern,evolution,0
eastern,single-granular,0
eastern,optical,0
eastern,focus,0
eastern,modalities,0
eastern,high,0
eastern,module,0
eastern,representations,0
eastern,introduce,0
eastern,neural,0
eastern,expression,0
eastern,user,0
eastern,management,0
eastern,predict,0
eastern,feature,0
eastern,set,0
eastern,fully,0
eastern,tumor,0
eastern,target,0
eastern,studies,0
eastern,recognition,0
eastern,identify,0
eastern,multiple,0
eastern,ternary,0
eastern,trend,0
eastern,sparsity,0
eastern,faces,0
eastern,recent,0
eastern,static,0
eastern,gene,0
eastern,surface,0
eastern,significant,0
eastern,immune,0
eastern,knowledge,0
eastern,temporal,0
eastern,identification,0
eastern,predicting,0
eastern,number,0
eastern,validate,0
eastern,gat,0
eastern,spatial-temporal,0
eastern,single,0
eastern,interaction,0
eastern,layers,0
eastern,task,0
eastern,energy,0
eastern,step,0
eastern,machine,0
eastern,traffic,0
eastern,synthetic,0
eastern,real,0
eastern,visual,0
eastern,layouts,0
eastern,remote,0
eastern,splitting,0
eastern,parameters,0
eastern,rgb,0
eastern,improved,0
eastern,show,0
eastern,large,0
eastern,processing,0
eastern,previous,0
eastern,pairs,0
eastern,employed,0
eastern,include,0
eastern,learns,0
eastern,embedding,0
eastern,effective,0
eastern,photocatalytic,0
eastern,structural,0
eastern,success,0
eastern,variation,0
eastern,identifying,0
eastern,important,0
eastern,reactions,0
eastern,memory,0
eastern,unit,0
eastern,gated,0
eastern,patterns,0
eastern,field,0
eastern,great,0
eastern,light,0
eastern,functions,0
eastern,targets,0
eastern,multi-scale,0
eastern,utilization,0
eastern,structures,0
eastern,neighbors,0
eastern,part,0
eastern,progress,0
eastern,video,0
eastern,focuses,0
eastern,traditional,0
eastern,stability,0
eastern,sample,0
eastern,pollutants,0
eastern,tree,0
eastern,motion,0
eastern,types,0
eastern,protein,0
eastern,point,0
eastern,reported,0
eastern,remarkable,0
bulbosa,drug-drug,0
bulbosa,paper,0
bulbosa,named,0
bulbosa,method,0
bulbosa,methods,0
bulbosa,intuitively,0
bulbosa,inferred,0
bulbosa,variously,0
bulbosa,wide,0
bulbosa,specifically,0
bulbosa,demonstrates,0
bulbosa,dual,0
bulbosa,interacts,0
bulbosa,structure,0
bulbosa,input,0
bulbosa,existing,0
bulbosa,ignore,0
bulbosa,graph,0
bulbosa,connecting,0
bulbosa,considered,0
bulbosa,low-pass,0
bulbosa,metal,0
bulbosa,cocatalyst-free,0
bulbosa,water-splitting,0
bulbosa,nitride,0
bulbosa,present,0
bulbosa,literature,0
bulbosa,rarely,0
bulbosa,concentrated,0
bulbosa,extract,0
bulbosa,pharmacology,0
bulbosa,published,0
bulbosa,curated,0
bulbosa,generally,0
bulbosa,common,0
bulbosa,meiosis,0
bulbosa,increasing,0
bulbosa,reduced,0
bulbosa,gap,0
bulbosa,developed,0
bulbosa,roofs,0
bulbosa,cancers,0
bulbosa,hyperlinks,0
bulbosa,independently,0
bulbosa,differently,0
bulbosa,explicitly,0
bulbosa,obtained,0
bulbosa,generated,0
bulbosa,continuation,0
bulbosa,systems,0
bulbosa,network,0
bulbosa,standards,0
bulbosa,networks,0
bulbosa,noise,0
bulbosa,extracting,0
bulbosa,rna,0
bulbosa,tcga,0
bulbosa,pei-gcn,0
bulbosa,gqa,0
bulbosa,proposes,0
bulbosa,critical,0
bulbosa,membranes,0
bulbosa,models,0
bulbosa,result,0
bulbosa,pharmacological,0
bulbosa,efficient,0
bulbosa,three-dimensional,0
bulbosa,classification,0
bulbosa,problem,0
bulbosa,node,0
bulbosa,performance,0
bulbosa,limited,0
bulbosa,fast,0
bulbosa,recombination,0
bulbosa,real-world,0
bulbosa,dempster-shafer,0
bulbosa,thousands,0
bulbosa,hours,0
bulbosa,owing,0
bulbosa,propose,0
bulbosa,roads,0
bulbosa,tasks,0
bulbosa,utilized,0
bulbosa,determination,0
bulbosa,process,0
bulbosa,seoul,0
bulbosa,proteins,0
bulbosa,encoded,0
bulbosa,time-consuming,0
bulbosa,experimental,0
bulbosa,prohibitively,0
bulbosa,elsevier,0
bulbosa,psycholinguistic,0
bulbosa,heterojunction,0
bulbosa,nitrogen-rich,0
bulbosa,tubes,0
bulbosa,chemical,0
bulbosa,liquid,0
bulbosa,work,0
bulbosa,graphitic,0
bulbosa,granger,0
bulbosa,nodes,0
bulbosa,established,0
bulbosa,mixed,0
bulbosa,excellent,0
bulbosa,capability,0
bulbosa,self-healing,0
bulbosa,dual-stimulus,0
bulbosa,similar,0
bulbosa,smoothing,0
bulbosa,perform,0
bulbosa,households,0
bulbosa,study,0
bulbosa,strategy,0
bulbosa,presents,0
bulbosa,viable,0
bulbosa,trna,0
bulbosa,outperform,0
bulbosa,cutting-thin,0
bulbosa,string,0
bulbosa,descriptor,0
bulbosa,explore,0
bulbosa,sgc,0
bulbosa,u-shaped,0
bulbosa,samples,0
bulbosa,couplings,0
bulbosa,research,0
bulbosa,pressure,0
bulbosa,f-score,0
bulbosa,graphs,0
bulbosa,requirement,0
bulbosa,numerous,0
bulbosa,separation,0
bulbosa,topologically,0
bulbosa,wavelengths,0
bulbosa,sets,0
bulbosa,simultaneously,0
bulbosa,markers,0
bulbosa,n-acetyltransferase,0
bulbosa,holes,0
bulbosa,resulting,0
bulbosa,photocatalyst,0
bulbosa,investigations,0
bulbosa,trypanosoma,0
bulbosa,sciences,0
bulbosa,medica,0
bulbosa,plant,0
bulbosa,transformers,0
bulbosa,harmful,0
bulbosa,videos,0
bulbosa,features,0
bulbosa,years,0
bulbosa,language,0
bulbosa,theory,0
bulbosa,leading,0
bulbosa,rely,0
bulbosa,decisions,0
bulbosa,heavily,0
bulbosa,gps,0
bulbosa,obu,0
bulbosa,material,0
bulbosa,gcns,0
bulbosa,heparin,0
bulbosa,relation,0
bulbosa,relations,0
bulbosa,typically,0
bulbosa,firstly,0
bulbosa,understanding,0
bulbosa,imdb,0
bulbosa,kitti,0
bulbosa,convolutional,0
bulbosa,s-triazine,0
bulbosa,mscoco,0
bulbosa,heterogeneous,0
bulbosa,model,0
bulbosa,cnn,0
bulbosa,due,0
bulbosa,sites,0
bulbosa,cloud,0
bulbosa,points,0
bulbosa,efficiency,0
bulbosa,improve,0
bulbosa,photoreduction,0
bulbosa,ethereum,0
bulbosa,lstm,0
bulbosa,smiles,0
bulbosa,catalysts,0
bulbosa,technologies,0
bulbosa,capacity,0
bulbosa,svm,0
bulbosa,knn,0
bulbosa,softmax,0
bulbosa,chloroform,0
bulbosa,formed,0
bulbosa,escherichia,0
bulbosa,euclidean,0
bulbosa,patients,0
bulbosa,patient,0
bulbosa,similarity,0
bulbosa,rnas,0
bulbosa,fourier,0
bulbosa,initiative,0
bulbosa,pca,0
bulbosa,decades,0
bulbosa,copy,0
bulbosa,recently,0
bulbosa,fixation,0
bulbosa,molecules,0
bulbosa,molecule,0
bulbosa,ntu,0
bulbosa,edges,0
bulbosa,unsupervised,0
bulbosa,matthews,0
bulbosa,secure,0
bulbosa,nlp,0
bulbosa,words,0
bulbosa,transformer,0
bulbosa,system,0
bulbosa,water,0
bulbosa,wiki,0
bulbosa,datasets,0
bulbosa,data,0
bulbosa,nanosized,0
bulbosa,effectively,0
bulbosa,surge,0
bulbosa,data-driven,0
bulbosa,kinetics,0
bulbosa,dft,0
bulbosa,skeleton,0
bulbosa,canadian,0
bulbosa,framework,0
bulbosa,vehicle,0
bulbosa,guided,0
bulbosa,end,0
bulbosa,layer,0
bulbosa,results,0
bulbosa,learning,0
bulbosa,subgraph,0
bulbosa,ftir,0
bulbosa,xps,0
bulbosa,pose,0
bulbosa,skeleton-based,0
bulbosa,euler,0
bulbosa,skeletongait,0
bulbosa,graph-based,0
bulbosa,informative,0
bulbosa,dependencies,0
bulbosa,metsulfuron,0
bulbosa,conduct,0
bulbosa,meaningful,0
bulbosa,revealed,0
bulbosa,gcaru,0
bulbosa,probability,0
bulbosa,methodology,0
bulbosa,spatial,0
bulbosa,pubmed,0
bulbosa,sentiments,0
bulbosa,electron,0
bulbosa,information,0
bulbosa,evaluation,0
bulbosa,role,0
bulbosa,kinetoplastid,0
bulbosa,unconventional,0
bulbosa,cgcnimp,0
bulbosa,mcc,0
bulbosa,optimization,0
bulbosa,relationships,0
bulbosa,representation,0
bulbosa,represent,0
bulbosa,fenton,0
bulbosa,generative,0
bulbosa,dmax,0
bulbosa,unifying,0
bulbosa,embeddings,0
bulbosa,laplacian,0
bulbosa,topic,0
bulbosa,updated,0
bulbosa,global,0
bulbosa,local,0
bulbosa,deep,0
bulbosa,training,0
bulbosa,correlations,0
bulbosa,u-net,0
bulbosa,supervised,0
bulbosa,error,0
bulbosa,works,0
bulbosa,generate,0
bulbosa,capture,0
bulbosa,showed,0
bulbosa,psf,0
bulbosa,optimal,0
bulbosa,presentation,0
bulbosa,indonesia,0
bulbosa,pooling,0
bulbosa,dataset,0
bulbosa,intratesticular,0
bulbosa,human,0
bulbosa,technique,0
bulbosa,prediction,0
bulbosa,factors,0
bulbosa,propagation,0
bulbosa,daily,0
bulbosa,learn,0
bulbosa,neighbor,0
bulbosa,evolution,0
bulbosa,cfz,0
bulbosa,single-granular,0
bulbosa,optical,0
bulbosa,focus,0
bulbosa,desirable,0
bulbosa,modalities,0
bulbosa,high,0
bulbosa,module,0
bulbosa,representations,0
bulbosa,introduce,0
bulbosa,neural,0
bulbosa,expression,0
bulbosa,user,0
bulbosa,management,0
bulbosa,predict,0
bulbosa,feature,0
bulbosa,set,0
bulbosa,fully,0
bulbosa,complex,0
bulbosa,tumor,0
bulbosa,target,0
bulbosa,studies,0
bulbosa,dense,0
bulbosa,recognition,0
bulbosa,identify,0
bulbosa,convolution,0
bulbosa,challenges,0
bulbosa,multiple,0
bulbosa,ternary,0
bulbosa,trend,0
bulbosa,sparsity,0
bulbosa,faces,0
bulbosa,recent,0
bulbosa,static,0
bulbosa,gene,0
bulbosa,surface,0
bulbosa,significant,0
bulbosa,immune,0
bulbosa,knowledge,0
bulbosa,temporal,0
bulbosa,identification,0
bulbosa,predicting,0
bulbosa,number,0
bulbosa,validate,0
bulbosa,gat,0
bulbosa,spatial-temporal,0
bulbosa,single,0
bulbosa,interaction,0
bulbosa,layers,0
bulbosa,task,0
bulbosa,challenging,0
bulbosa,energy,0
bulbosa,step,0
bulbosa,machine,0
bulbosa,traffic,0
bulbosa,communication,0
bulbosa,synthetic,0
bulbosa,real,0
bulbosa,visual,0
bulbosa,layouts,0
bulbosa,cells,0
bulbosa,remote,0
bulbosa,splitting,0
bulbosa,parameters,0
bulbosa,rgb,0
bulbosa,improved,0
bulbosa,show,0
bulbosa,large,0
bulbosa,processing,0
bulbosa,conditions,0
bulbosa,previous,0
bulbosa,pairs,0
bulbosa,employed,0
bulbosa,include,0
bulbosa,captures,0
bulbosa,learns,0
bulbosa,embedding,0
bulbosa,effective,0
bulbosa,photocatalytic,0
bulbosa,structural,0
bulbosa,success,0
bulbosa,cases,0
bulbosa,variation,0
bulbosa,identifying,0
bulbosa,important,0
bulbosa,reactions,0
bulbosa,memory,0
bulbosa,unit,0
bulbosa,gated,0
bulbosa,patterns,0
bulbosa,field,0
bulbosa,correction,0
bulbosa,constructing,0
bulbosa,comprehensive,0
bulbosa,great,0
bulbosa,light,0
bulbosa,functions,0
bulbosa,targets,0
bulbosa,multi-scale,0
bulbosa,utilization,0
bulbosa,structures,0
bulbosa,neighbors,0
bulbosa,part,0
bulbosa,progress,0
bulbosa,video,0
bulbosa,focuses,0
bulbosa,capturing,0
bulbosa,traditional,0
bulbosa,stability,0
bulbosa,sample,0
bulbosa,designed,0
bulbosa,pollutants,0
bulbosa,diffusion,0
bulbosa,tree,0
bulbosa,motion,0
bulbosa,types,0
bulbosa,protein,0
bulbosa,point,0
bulbosa,reported,0
bulbosa,remarkable,0
bulbosa,center,0
colomatta,drug-drug,0
colomatta,paper,0
colomatta,named,0
colomatta,method,0
colomatta,methods,0
colomatta,intuitively,0
colomatta,inferred,0
colomatta,variously,0
colomatta,wide,0
colomatta,specifically,0
colomatta,demonstrates,0
colomatta,dual,0
colomatta,interacts,0
colomatta,structure,0
colomatta,input,0
colomatta,existing,0
colomatta,ignore,0
colomatta,graph,0
colomatta,connecting,0
colomatta,considered,0
colomatta,low-pass,0
colomatta,metal,0
colomatta,water-splitting,0
colomatta,nitride,0
colomatta,present,0
colomatta,literature,0
colomatta,rarely,0
colomatta,concentrated,0
colomatta,extract,0
colomatta,pharmacology,0
colomatta,published,0
colomatta,curated,0
colomatta,generally,0
colomatta,common,0
colomatta,meiosis,0
colomatta,increasing,0
colomatta,reduced,0
colomatta,gap,0
colomatta,developed,0
colomatta,roofs,0
colomatta,hyperlinks,0
colomatta,independently,0
colomatta,differently,0
colomatta,explicitly,0
colomatta,obtained,0
colomatta,generated,0
colomatta,continuation,0
colomatta,systems,0
colomatta,network,0
colomatta,standards,0
colomatta,networks,0
colomatta,noise,0
colomatta,extracting,0
colomatta,rna,0
colomatta,tcga,0
colomatta,pei-gcn,0
colomatta,gqa,0
colomatta,proposes,0
colomatta,critical,0
colomatta,membranes,0
colomatta,models,0
colomatta,result,0
colomatta,pharmacological,0
colomatta,efficient,0
colomatta,three-dimensional,0
colomatta,problem,0
colomatta,node,0
colomatta,performance,0
colomatta,limited,0
colomatta,fast,0
colomatta,recombination,0
colomatta,real-world,0
colomatta,dempster-shafer,0
colomatta,thousands,0
colomatta,hours,0
colomatta,owing,0
colomatta,propose,0
colomatta,roads,0
colomatta,tasks,0
colomatta,utilized,0
colomatta,determination,0
colomatta,process,0
colomatta,seoul,0
colomatta,proteins,0
colomatta,encoded,0
colomatta,time-consuming,0
colomatta,experimental,0
colomatta,prohibitively,0
colomatta,elsevier,0
colomatta,psycholinguistic,0
colomatta,heterojunction,0
colomatta,nitrogen-rich,0
colomatta,tubes,0
colomatta,liquid,0
colomatta,work,0
colomatta,graphitic,0
colomatta,granger,0
colomatta,nodes,0
colomatta,established,0
colomatta,mixed,0
colomatta,excellent,0
colomatta,self-healing,0
colomatta,dual-stimulus,0
colomatta,similar,0
colomatta,smoothing,0
colomatta,perform,0
colomatta,households,0
colomatta,study,0
colomatta,strategy,0
colomatta,presents,0
colomatta,viable,0
colomatta,trna,0
colomatta,outperform,0
colomatta,cutting-thin,0
colomatta,string,0
colomatta,descriptor,0
colomatta,explore,0
colomatta,sgc,0
colomatta,u-shaped,0
colomatta,samples,0
colomatta,couplings,0
colomatta,research,0
colomatta,pressure,0
colomatta,f-score,0
colomatta,graphs,0
colomatta,requirement,0
colomatta,numerous,0
colomatta,separation,0
colomatta,topologically,0
colomatta,wavelengths,0
colomatta,sets,0
colomatta,simultaneously,0
colomatta,markers,0
colomatta,n-acetyltransferase,0
colomatta,holes,0
colomatta,resulting,0
colomatta,photocatalyst,0
colomatta,investigations,0
colomatta,trypanosoma,0
colomatta,sciences,0
colomatta,medica,0
colomatta,plant,0
colomatta,transformers,0
colomatta,harmful,0
colomatta,videos,0
colomatta,features,0
colomatta,years,0
colomatta,language,0
colomatta,theory,0
colomatta,leading,0
colomatta,rely,0
colomatta,decisions,0
colomatta,heavily,0
colomatta,gps,0
colomatta,obu,0
colomatta,material,0
colomatta,gcns,0
colomatta,heparin,0
colomatta,relation,0
colomatta,relations,0
colomatta,typically,0
colomatta,firstly,0
colomatta,understanding,0
colomatta,imdb,0
colomatta,kitti,0
colomatta,convolutional,0
colomatta,s-triazine,0
colomatta,mscoco,0
colomatta,heterogeneous,0
colomatta,model,0
colomatta,due,0
colomatta,sites,0
colomatta,points,0
colomatta,efficiency,0
colomatta,improve,0
colomatta,photoreduction,0
colomatta,ethereum,0
colomatta,lstm,0
colomatta,smiles,0
colomatta,technologies,0
colomatta,svm,0
colomatta,knn,0
colomatta,softmax,0
colomatta,formed,0
colomatta,escherichia,0
colomatta,euclidean,0
colomatta,patients,0
colomatta,patient,0
colomatta,similarity,0
colomatta,rnas,0
colomatta,fourier,0
colomatta,initiative,0
colomatta,pca,0
colomatta,decades,0
colomatta,copy,0
colomatta,recently,0
colomatta,fixation,0
colomatta,molecules,0
colomatta,molecule,0
colomatta,ntu,0
colomatta,edges,0
colomatta,unsupervised,0
colomatta,matthews,0
colomatta,secure,0
colomatta,nlp,0
colomatta,words,0
colomatta,transformer,0
colomatta,system,0
colomatta,water,0
colomatta,wiki,0
colomatta,datasets,0
colomatta,data,0
colomatta,nanosized,0
colomatta,effectively,0
colomatta,surge,0
colomatta,data-driven,0
colomatta,kinetics,0
colomatta,dft,0
colomatta,skeleton,0
colomatta,framework,0
colomatta,vehicle,0
colomatta,guided,0
colomatta,end,0
colomatta,layer,0
colomatta,results,0
colomatta,learning,0
colomatta,subgraph,0
colomatta,ftir,0
colomatta,xps,0
colomatta,pose,0
colomatta,skeleton-based,0
colomatta,euler,0
colomatta,skeletongait,0
colomatta,graph-based,0
colomatta,informative,0
colomatta,dependencies,0
colomatta,metsulfuron,0
colomatta,conduct,0
colomatta,meaningful,0
colomatta,revealed,0
colomatta,gcaru,0
colomatta,probability,0
colomatta,methodology,0
colomatta,spatial,0
colomatta,pubmed,0
colomatta,sentiments,0
colomatta,electron,0
colomatta,information,0
colomatta,evaluation,0
colomatta,role,0
colomatta,kinetoplastid,0
colomatta,unconventional,0
colomatta,mcc,0
colomatta,optimization,0
colomatta,relationships,0
colomatta,representation,0
colomatta,represent,0
colomatta,fenton,0
colomatta,generative,0
colomatta,dmax,0
colomatta,unifying,0
colomatta,embeddings,0
colomatta,laplacian,0
colomatta,topic,0
colomatta,updated,0
colomatta,global,0
colomatta,local,0
colomatta,deep,0
colomatta,training,0
colomatta,correlations,0
colomatta,u-net,0
colomatta,supervised,0
colomatta,error,0
colomatta,works,0
colomatta,generate,0
colomatta,showed,0
colomatta,psf,0
colomatta,optimal,0
colomatta,presentation,0
colomatta,indonesia,0
colomatta,pooling,0
colomatta,dataset,0
colomatta,intratesticular,0
colomatta,human,0
colomatta,technique,0
colomatta,prediction,0
colomatta,factors,0
colomatta,propagation,0
colomatta,daily,0
colomatta,learn,0
colomatta,neighbor,0
colomatta,evolution,0
colomatta,single-granular,0
colomatta,optical,0
colomatta,focus,0
colomatta,desirable,0
colomatta,modalities,0
colomatta,high,0
colomatta,module,0
colomatta,representations,0
colomatta,introduce,0
colomatta,neural,0
colomatta,expression,0
colomatta,user,0
colomatta,management,0
colomatta,predict,0
colomatta,feature,0
colomatta,set,0
colomatta,fully,0
colomatta,complex,0
colomatta,tumor,0
colomatta,target,0
colomatta,studies,0
colomatta,dense,0
colomatta,recognition,0
colomatta,identify,0
colomatta,convolution,0
colomatta,multiple,0
colomatta,ternary,0
colomatta,trend,0
colomatta,sparsity,0
colomatta,faces,0
colomatta,recent,0
colomatta,static,0
colomatta,gene,0
colomatta,surface,0
colomatta,significant,0
colomatta,immune,0
colomatta,knowledge,0
colomatta,temporal,0
colomatta,identification,0
colomatta,predicting,0
colomatta,number,0
colomatta,validate,0
colomatta,gat,0
colomatta,spatial-temporal,0
colomatta,single,0
colomatta,interaction,0
colomatta,layers,0
colomatta,task,0
colomatta,energy,0
colomatta,step,0
colomatta,machine,0
colomatta,traffic,0
colomatta,communication,0
colomatta,synthetic,0
colomatta,real,0
colomatta,visual,0
colomatta,layouts,0
colomatta,remote,0
colomatta,splitting,0
colomatta,parameters,0
colomatta,rgb,0
colomatta,improved,0
colomatta,show,0
colomatta,large,0
colomatta,processing,0
colomatta,conditions,0
colomatta,previous,0
colomatta,pairs,0
colomatta,employed,0
colomatta,include,0
colomatta,learns,0
colomatta,embedding,0
colomatta,effective,0
colomatta,photocatalytic,0
colomatta,structural,0
colomatta,success,0
colomatta,variation,0
colomatta,identifying,0
colomatta,important,0
colomatta,reactions,0
colomatta,memory,0
colomatta,unit,0
colomatta,gated,0
colomatta,patterns,0
colomatta,field,0
colomatta,correction,0
colomatta,constructing,0
colomatta,comprehensive,0
colomatta,great,0
colomatta,light,0
colomatta,functions,0
colomatta,targets,0
colomatta,multi-scale,0
colomatta,utilization,0
colomatta,structures,0
colomatta,neighbors,0
colomatta,part,0
colomatta,progress,0
colomatta,video,0
colomatta,focuses,0
colomatta,traditional,0
colomatta,stability,0
colomatta,sample,0
colomatta,designed,0
colomatta,pollutants,0
colomatta,diffusion,0
colomatta,tree,0
colomatta,motion,0
colomatta,types,0
colomatta,protein,0
colomatta,point,0
colomatta,reported,0
colomatta,remarkable,0
lutea,paper,0
lutea,named,0
lutea,method,0
lutea,methods,0
lutea,variously,0
lutea,wide,0
lutea,specifically,0
lutea,structure,0
lutea,metal,0
lutea,water-splitting,0
lutea,nitride,0
lutea,present,0
lutea,rarely,0
lutea,pharmacology,0
lutea,published,0
lutea,meiosis,0
lutea,reduced,0
lutea,roofs,0
lutea,obtained,0
lutea,systems,0
lutea,network,0
lutea,standards,0
lutea,networks,0
lutea,noise,0
lutea,rna,0
lutea,tcga,0
lutea,pei-gcn,0
lutea,proposes,0
lutea,membranes,0
lutea,models,0
lutea,result,0
lutea,pharmacological,0
lutea,three-dimensional,0
lutea,problem,0
lutea,node,0
lutea,performance,0
lutea,recombination,0
lutea,real-world,0
lutea,thousands,0
lutea,owing,0
lutea,propose,0
lutea,roads,0
lutea,tasks,0
lutea,utilized,0
lutea,process,0
lutea,seoul,0
lutea,proteins,0
lutea,time-consuming,0
lutea,prohibitively,0
lutea,psycholinguistic,0
lutea,nitrogen-rich,0
lutea,tubes,0
lutea,work,0
lutea,nodes,0
lutea,mixed,0
lutea,self-healing,0
lutea,similar,0
lutea,smoothing,0
lutea,perform,0
lutea,study,0
lutea,strategy,0
lutea,presents,0
lutea,viable,0
lutea,trna,0
lutea,outperform,0
lutea,string,0
lutea,sgc,0
lutea,u-shaped,0
lutea,samples,0
lutea,research,0
lutea,pressure,0
lutea,requirement,0
lutea,numerous,0
lutea,separation,0
lutea,topologically,0
lutea,wavelengths,0
lutea,sets,0
lutea,simultaneously,0
lutea,markers,0
lutea,n-acetyltransferase,0
lutea,resulting,0
lutea,photocatalyst,0
lutea,trypanosoma,0
lutea,sciences,0
lutea,medica,0
lutea,plant,0
lutea,transformers,0
lutea,videos,0
lutea,years,0
lutea,theory,0
lutea,rely,0
lutea,obu,0
lutea,material,0
lutea,relation,0
lutea,relations,0
lutea,typically,0
lutea,understanding,0
lutea,s-triazine,0
lutea,mscoco,0
lutea,model,0
lutea,sites,0
lutea,points,0
lutea,photoreduction,0
lutea,smiles,0
lutea,technologies,0
lutea,svm,0
lutea,softmax,0
lutea,patients,0
lutea,patient,0
lutea,similarity,0
lutea,rnas,0
lutea,pca,0
lutea,recently,0
lutea,molecules,0
lutea,molecule,0
lutea,ntu,0
lutea,unsupervised,0
lutea,matthews,0
lutea,secure,0
lutea,nlp,0
lutea,words,0
lutea,transformer,0
lutea,system,0
lutea,water,0
lutea,wiki,0
lutea,nanosized,0
lutea,surge,0
lutea,skeleton,0
lutea,vehicle,0
lutea,results,0
lutea,subgraph,0
lutea,xps,0
lutea,pose,0
lutea,skeleton-based,0
lutea,skeletongait,0
lutea,metsulfuron,0
lutea,meaningful,0
lutea,revealed,0
lutea,probability,0
lutea,methodology,0
lutea,spatial,0
lutea,pubmed,0
lutea,sentiments,0
lutea,role,0
lutea,unconventional,0
lutea,mcc,0
lutea,optimization,0
lutea,relationships,0
lutea,representation,0
lutea,represent,0
lutea,unifying,0
lutea,topic,0
lutea,updated,0
lutea,training,0
lutea,u-net,0
lutea,supervised,0
lutea,works,0
lutea,showed,0
lutea,psf,0
lutea,optimal,0
lutea,presentation,0
lutea,pooling,0
lutea,technique,0
lutea,prediction,0
lutea,propagation,0
lutea,neighbor,0
lutea,single-granular,0
lutea,optical,0
lutea,modalities,0
lutea,module,0
lutea,representations,0
lutea,neural,0
lutea,user,0
lutea,management,0
lutea,predict,0
lutea,set,0
lutea,tumor,0
lutea,target,0
lutea,studies,0
lutea,recognition,0
lutea,multiple,0
lutea,ternary,0
lutea,trend,0
lutea,sparsity,0
lutea,recent,0
lutea,static,0
lutea,surface,0
lutea,significant,0
lutea,temporal,0
lutea,predicting,0
lutea,number,0
lutea,validate,0
lutea,spatial-temporal,0
lutea,single,0
lutea,task,0
lutea,step,0
lutea,machine,0
lutea,traffic,0
lutea,synthetic,0
lutea,real,0
lutea,visual,0
lutea,remote,0
lutea,splitting,0
lutea,parameters,0
lutea,rgb,0
lutea,show,0
lutea,processing,0
lutea,previous,0
lutea,pairs,0
lutea,photocatalytic,0
lutea,structural,0
lutea,success,0
lutea,variation,0
lutea,reactions,0
lutea,memory,0
lutea,unit,0
lutea,patterns,0
lutea,targets,0
lutea,multi-scale,0
lutea,utilization,0
lutea,structures,0
lutea,neighbors,0
lutea,part,0
lutea,progress,0
lutea,video,0
lutea,traditional,0
lutea,stability,0
lutea,sample,0
lutea,pollutants,0
lutea,tree,0
lutea,motion,0
lutea,types,0
lutea,protein,0
lutea,point,0
lutea,reported,0
lutea,remarkable,0
input,variously,0
input,interacts,0
input,mikae,0
input,lutea,0
input,metal,0
input,water-splitting,0
input,nitride,0
input,pharmacology,0
input,meiosis,0
input,roofs,0
input,standards,0
input,rna,0
input,pei-gcn,0
input,membranes,0
input,recombination,0
input,owing,0
input,seoul,0
input,psycholinguistic,0
input,nitrogen-rich,0
input,tubes,0
input,liquid,0
input,self-healing,0
input,viable,0
input,trna,0
input,sgc,0
input,u-shaped,0
input,pressure,0
input,topologically,0
input,wavelengths,0
input,markers,0
input,n-acetyltransferase,0
input,photocatalyst,0
input,trypanosoma,0
input,sciences,0
input,medica,0
input,plant,0
input,obu,0
input,material,0
input,kitti,0
input,s-triazine,0
input,mscoco,0
input,photoreduction,0
input,technologies,0
input,svm,0
input,pca,0
input,nanosized,0
input,surge,0
input,xps,0
input,skeletongait,0
input,metsulfuron,0
input,revealed,0
input,sentiments,0
input,kinetoplastid,0
input,unconventional,0
input,unifying,0
input,updated,0
input,psf,0
input,presentation,0
input,intratesticular,0
input,ternary,0
input,trend,0
input,splitting,0
input,photocatalytic,0
existing,variously,0
existing,interacts,0
existing,mikae,0
existing,lutea,0
existing,metal,0
existing,water-splitting,0
existing,nitride,0
existing,pharmacology,0
existing,meiosis,0
existing,roofs,0
existing,pei-gcn,0
existing,membranes,0
existing,recombination,0
existing,prohibitively,0
existing,psycholinguistic,0
existing,heterojunction,0
existing,nitrogen-rich,0
existing,tubes,0
existing,liquid,0
existing,graphitic,0
existing,granger,0
existing,self-healing,0
existing,households,0
existing,viable,0
existing,trna,0
existing,topologically,0
existing,wavelengths,0
existing,markers,0
existing,n-acetyltransferase,0
existing,holes,0
existing,photocatalyst,0
existing,investigations,0
existing,trypanosoma,0
existing,sciences,0
existing,medica,0
existing,plant,0
existing,hemisphere,0
existing,gps,0
existing,obu,0
existing,heparin,0
existing,imdb,0
existing,s-triazine,0
existing,photoreduction,0
existing,smiles,0
existing,rnas,0
existing,fourier,0
existing,fixation,0
existing,matthews,0
existing,nanosized,0
existing,ftir,0
existing,xps,0
existing,skeletongait,0
existing,metsulfuron,0
existing,kinetoplastid,0
existing,unconventional,0
existing,mcc,0
existing,fenton,0
existing,psf,0
existing,presentation,0
existing,indonesia,0
existing,intratesticular,0
existing,ternary,0
existing,immune,0
existing,layouts,0
existing,photocatalytic,0
existing,reactions,0
approaches,variously,0
approaches,interacts,0
approaches,mikae,0
approaches,eastern,0
approaches,bulbosa,0
approaches,colomatta,0
approaches,lutea,0
approaches,benefit,0
approaches,low-pass,0
approaches,cocatalyst-free,0
approaches,water-splitting,0
approaches,meiosis,0
approaches,roofs,0
approaches,hyperlinks,0
approaches,differently,0
approaches,continuation,0
approaches,pei-gcn,0
approaches,gqa,0
approaches,membranes,0
approaches,recombination,0
approaches,roads,0
approaches,determination,0
approaches,seoul,0
approaches,prohibitively,0
approaches,psycholinguistic,0
approaches,nitrogen-rich,0
approaches,tubes,0
approaches,liquid,0
approaches,granger,0
approaches,self-healing,0
approaches,dual-stimulus,0
approaches,households,0
approaches,viable,0
approaches,trna,0
approaches,cutting-thin,0
approaches,u-shaped,0
approaches,pressure,0
approaches,f-score,0
approaches,topologically,0
approaches,wavelengths,0
approaches,n-acetyltransferase,0
approaches,trypanosoma,0
approaches,sciences,0
approaches,medica,0
approaches,hemisphere,0
approaches,obu,0
approaches,heparin,0
approaches,imdb,0
approaches,artifact,0
approaches,s-triazine,0
approaches,mscoco,0
approaches,photoreduction,0
approaches,smiles,0
approaches,knn,0
approaches,chloroform,0
approaches,escherichia,0
approaches,fourier,0
approaches,fixation,0
approaches,matthews,0
approaches,secure,0
approaches,water,0
approaches,nanosized,0
approaches,kinetics,0
approaches,canadian,0
approaches,ftir,0
approaches,xps,0
approaches,euler,0
approaches,skeletongait,0
approaches,metsulfuron,0
approaches,revealed,0
approaches,gcaru,0
approaches,electron,0
approaches,kinetoplastid,0
approaches,unconventional,0
approaches,cgcnimp,0
approaches,mcc,0
approaches,auprc,0
approaches,fenton,0
approaches,dmax,0
approaches,laplacian,0
approaches,u-net,0
approaches,psf,0
approaches,indonesia,0
approaches,intratesticular,0
approaches,cfz,0
approaches,single-granular,0
approaches,desirable,0
approaches,ternary,0
approaches,splitting,0
approaches,correction,0
ignore,variously,0
ignore,wide,0
ignore,interacts,0
ignore,mikae,0
ignore,lutea,0
ignore,low-pass,0
ignore,metal,0
ignore,water-splitting,0
ignore,nitride,0
ignore,pharmacology,0
ignore,published,0
ignore,meiosis,0
ignore,roofs,0
ignore,standards,0
ignore,rna,0
ignore,tcga,0
ignore,pei-gcn,0
ignore,membranes,0
ignore,pharmacological,0
ignore,three-dimensional,0
ignore,recombination,0
ignore,roads,0
ignore,seoul,0
ignore,prohibitively,0
ignore,psycholinguistic,0
ignore,nitrogen-rich,0
ignore,tubes,0
ignore,liquid,0
ignore,self-healing,0
ignore,viable,0
ignore,trna,0
ignore,string,0
ignore,sgc,0
ignore,u-shaped,0
ignore,pressure,0
ignore,separation,0
ignore,topologically,0
ignore,wavelengths,0
ignore,markers,0
ignore,n-acetyltransferase,0
ignore,photocatalyst,0
ignore,investigations,0
ignore,trypanosoma,0
ignore,sciences,0
ignore,medica,0
ignore,plant,0
ignore,obu,0
ignore,material,0
ignore,imdb,0
ignore,kitti,0
ignore,s-triazine,0
ignore,sites,0
ignore,photoreduction,0
ignore,smiles,0
ignore,technologies,0
ignore,svm,0
ignore,knn,0
ignore,softmax,0
ignore,patients,0
ignore,patient,0
ignore,molecules,0
ignore,molecule,0
ignore,matthews,0
ignore,secure,0
ignore,nlp,0
ignore,water,0
ignore,wiki,0
ignore,nanosized,0
ignore,surge,0
ignore,kinetics,0
ignore,vehicle,0
ignore,xps,0
ignore,pose,0
ignore,skeletongait,0
ignore,metsulfuron,0
ignore,revealed,0
ignore,methodology,0
ignore,sentiments,0
ignore,kinetoplastid,0
ignore,unconventional,0
ignore,mcc,0
ignore,unifying,0
ignore,updated,0
ignore,u-net,0
ignore,psf,0
ignore,presentation,0
ignore,indonesia,0
ignore,intratesticular,0
ignore,single-granular,0
ignore,optical,0
ignore,tumor,0
ignore,ternary,0
ignore,surface,0
ignore,immune,0
ignore,layouts,0
ignore,splitting,0
ignore,include,0
ignore,photocatalytic,0
ignore,reactions,0
ignore,light,0
ignore,targets,0
ignore,pollutants,0
ignore,protein,0
benefit,drug-drug,0
benefit,intuitively,0
benefit,inferred,0
benefit,variously,0
benefit,wide,0
benefit,demonstrates,0
benefit,dual,0
benefit,interacts,0
benefit,mikae,0
benefit,eastern,0
benefit,bulbosa,0
benefit,colomatta,0
benefit,lutea,0
benefit,connecting,0
benefit,considered,0
benefit,low-pass,0
benefit,metal,0
benefit,cocatalyst-free,0
benefit,water-splitting,0
benefit,nitride,0
benefit,present,0
benefit,literature,0
benefit,rarely,0
benefit,concentrated,0
benefit,extract,0
benefit,pharmacology,0
benefit,published,0
benefit,curated,0
benefit,generally,0
benefit,meiosis,0
benefit,increasing,0
benefit,gap,0
benefit,roofs,0
benefit,cancers,0
benefit,independently,0
benefit,differently,0
benefit,explicitly,0
benefit,generated,0
benefit,continuation,0
benefit,systems,0
benefit,standards,0
benefit,rna,0
benefit,tcga,0
benefit,pei-gcn,0
benefit,gqa,0
benefit,critical,0
benefit,membranes,0
benefit,result,0
benefit,pharmacological,0
benefit,three-dimensional,0
benefit,problem,0
benefit,node,0
benefit,limited,0
benefit,fast,0
benefit,recombination,0
benefit,dempster-shafer,0
benefit,thousands,0
benefit,hours,0
benefit,owing,0
benefit,roads,0
benefit,utilized,0
benefit,determination,0
benefit,seoul,0
benefit,encoded,0
benefit,time-consuming,0
benefit,prohibitively,0
benefit,psycholinguistic,0
benefit,heterojunction,0
benefit,nitrogen-rich,0
benefit,tubes,0
benefit,chemical,0
benefit,liquid,0
benefit,graphitic,0
benefit,granger,0
benefit,nodes,0
benefit,established,0
benefit,mixed,0
benefit,excellent,0
benefit,capability,0
benefit,self-healing,0
benefit,dual-stimulus,0
benefit,similar,0
benefit,smoothing,0
benefit,perform,0
benefit,households,0
benefit,strategy,0
benefit,presents,0
benefit,viable,0
benefit,trna,0
benefit,cutting-thin,0
benefit,string,0
benefit,descriptor,0
benefit,explore,0
benefit,sgc,0
benefit,u-shaped,0
benefit,couplings,0
benefit,requirement,0
benefit,numerous,0
benefit,separation,0
benefit,topologically,0
benefit,wavelengths,0
benefit,sets,0
benefit,markers,0
benefit,n-acetyltransferase,0
benefit,holes,0
benefit,resulting,0
benefit,photocatalyst,0
benefit,investigations,0
benefit,trypanosoma,0
benefit,sciences,0
benefit,medica,0
benefit,plant,0
benefit,transformers,0
benefit,harmful,0
benefit,videos,0
benefit,language,0
benefit,theory,0
benefit,leading,0
benefit,decisions,0
benefit,heavily,0
benefit,hemisphere,0
benefit,gps,0
benefit,obu,0
benefit,material,0
benefit,heparin,0
benefit,relations,0
benefit,typically,0
benefit,firstly,0
benefit,understanding,0
benefit,imdb,0
benefit,kitti,0
benefit,s-triazine,0
benefit,mscoco,0
benefit,heterogeneous,0
benefit,cnn,0
benefit,sites,0
benefit,cloud,0
benefit,points,0
benefit,photoreduction,0
benefit,ethereum,0
benefit,lstm,0
benefit,smiles,0
benefit,bidirectional,0
benefit,catalysts,0
benefit,technologies,0
benefit,capacity,0
benefit,svm,0
benefit,knn,0
benefit,chloroform,0
benefit,formed,0
benefit,escherichia,0
benefit,euclidean,0
benefit,patient,0
benefit,rnas,0
benefit,fourier,0
benefit,initiative,0
benefit,pca,0
benefit,decades,0
benefit,recently,0
benefit,fixation,0
benefit,molecules,0
benefit,molecule,0
benefit,ntu,0
benefit,edges,0
benefit,unsupervised,0
benefit,matthews,0
benefit,secure,0
benefit,nlp,0
benefit,words,0
benefit,transformer,0
benefit,water,0
benefit,wiki,0
benefit,nanosized,0
benefit,surge,0
benefit,data-driven,0
benefit,kinetics,0
benefit,dft,0
benefit,canadian,0
benefit,vehicle,0
benefit,guided,0
benefit,layer,0
benefit,subgraph,0
benefit,ftir,0
benefit,xps,0
benefit,pose,0
benefit,skeleton-based,0
benefit,euler,0
benefit,skeletongait,0
benefit,graph-based,0
benefit,informative,0
benefit,metsulfuron,0
benefit,conduct,0
benefit,meaningful,0
benefit,revealed,0
benefit,gcaru,0
benefit,probability,0
benefit,methodology,0
benefit,pubmed,0
benefit,sentiments,0
benefit,electron,0
benefit,evaluation,0
benefit,kinetoplastid,0
benefit,unconventional,0
benefit,cgcnimp,0
benefit,mcc,0
benefit,optimization,0
benefit,representation,0
benefit,represent,0
benefit,fenton,0
benefit,generative,0
benefit,dmax,0
benefit,unifying,0
benefit,laplacian,0
benefit,topic,0
benefit,updated,0
benefit,global,0
benefit,local,0
benefit,correlations,0
benefit,u-net,0
benefit,works,0
benefit,generate,0
benefit,capture,0
benefit,showed,0
benefit,psf,0
benefit,presentation,0
benefit,indonesia,0
benefit,pooling,0
benefit,intratesticular,0
benefit,key,0
benefit,technique,0
benefit,factors,0
benefit,propagation,0
benefit,daily,0
benefit,neighbor,0
benefit,evolution,0
benefit,cfz,0
benefit,single-granular,0
benefit,optical,0
benefit,desirable,0
benefit,modalities,0
benefit,module,0
benefit,representations,0
benefit,introduce,0
benefit,user,0
benefit,feature,0
benefit,fully,0
benefit,tumor,0
benefit,target,0
benefit,dense,0
benefit,recognition,0
benefit,convolution,0
benefit,challenges,0
benefit,ternary,0
benefit,trend,0
benefit,sparsity,0
benefit,faces,0
benefit,surface,0
benefit,immune,0
benefit,identification,0
benefit,predicting,0
benefit,number,0
benefit,validate,0
benefit,gat,0
benefit,spatial-temporal,0
benefit,single,0
benefit,interaction,0
benefit,layers,0
benefit,energy,0
benefit,step,0
benefit,machine,0
benefit,traffic,0
benefit,communication,0
benefit,synthetic,0
benefit,real,0
benefit,visual,0
benefit,layouts,0
benefit,cells,0
benefit,remote,0
benefit,splitting,0
benefit,rgb,0
benefit,processing,0
benefit,conditions,0
benefit,pairs,0
benefit,employed,0
benefit,include,0
benefit,learns,0
benefit,effective,0
benefit,photocatalytic,0
benefit,success,0
benefit,cases,0
benefit,variation,0
benefit,identifying,0
benefit,reactions,0
benefit,gated,0
benefit,field,0
benefit,correction,0
benefit,constructing,0
benefit,comprehensive,0
benefit,great,0
benefit,light,0
benefit,functions,0
benefit,targets,0
benefit,utilization,0
benefit,structures,0
benefit,part,0
benefit,progress,0
benefit,video,0
benefit,focuses,0
benefit,capturing,0
benefit,traditional,0
benefit,stability,0
benefit,pollutants,0
benefit,diffusion,0
benefit,tree,0
benefit,motion,0
benefit,point,0
benefit,center,0
benefit,bind,0
graph,variously,0
graph,interacts,0
graph,mikae,0
graph,lutea,0
graph,water-splitting,0
graph,meiosis,0
graph,pei-gcn,0
graph,membranes,0
graph,heterojunction,0
graph,nitrogen-rich,0
graph,tubes,0
graph,graphitic,0
graph,self-healing,0
graph,trna,0
graph,topologically,0
graph,wavelengths,0
graph,n-acetyltransferase,0
graph,holes,0
graph,photocatalyst,0
graph,trypanosoma,0
graph,medica,0
graph,s-triazine,0
graph,photoreduction,0
graph,nanosized,0
graph,xps,0
graph,metsulfuron,0
graph,kinetoplastid,0
graph,unconventional,0
graph,psf,0
graph,indonesia,0
graph,intratesticular,0
graph,photocatalytic,0
connecting,intuitively,0
connecting,inferred,0
connecting,variously,0
connecting,specifically,0
connecting,demonstrates,0
connecting,dual,0
connecting,interacts,0
connecting,mikae,0
connecting,eastern,0
connecting,lutea,0
connecting,input,0
connecting,ignore,0
connecting,considered,0
connecting,low-pass,0
connecting,metal,0
connecting,water-splitting,0
connecting,nitride,0
connecting,present,0
connecting,pharmacology,0
connecting,published,0
connecting,meiosis,0
connecting,increasing,0
connecting,reduced,0
connecting,gap,0
connecting,roofs,0
connecting,hyperlinks,0
connecting,independently,0
connecting,differently,0
connecting,explicitly,0
connecting,obtained,0
connecting,generated,0
connecting,continuation,0
connecting,standards,0
connecting,noise,0
connecting,extracting,0
connecting,rna,0
connecting,tcga,0
connecting,pei-gcn,0
connecting,gqa,0
connecting,membranes,0
connecting,result,0
connecting,pharmacological,0
connecting,three-dimensional,0
connecting,problem,0
connecting,node,0
connecting,fast,0
connecting,recombination,0
connecting,real-world,0
connecting,dempster-shafer,0
connecting,thousands,0
connecting,hours,0
connecting,owing,0
connecting,roads,0
connecting,tasks,0
connecting,utilized,0
connecting,determination,0
connecting,seoul,0
connecting,proteins,0
connecting,encoded,0
connecting,time-consuming,0
connecting,prohibitively,0
connecting,elsevier,0
connecting,psycholinguistic,0
connecting,heterojunction,0
connecting,nitrogen-rich,0
connecting,tubes,0
connecting,liquid,0
connecting,graphitic,0
connecting,granger,0
connecting,established,0
connecting,mixed,0
connecting,excellent,0
connecting,self-healing,0
connecting,dual-stimulus,0
connecting,similar,0
connecting,smoothing,0
connecting,households,0
connecting,presents,0
connecting,viable,0
connecting,trna,0
connecting,outperform,0
connecting,cutting-thin,0
connecting,string,0
connecting,descriptor,0
connecting,explore,0
connecting,sgc,0
connecting,u-shaped,0
connecting,couplings,0
connecting,pressure,0
connecting,f-score,0
connecting,requirement,0
connecting,separation,0
connecting,topologically,0
connecting,wavelengths,0
connecting,sets,0
connecting,markers,0
connecting,n-acetyltransferase,0
connecting,holes,0
connecting,resulting,0
connecting,photocatalyst,0
connecting,investigations,0
connecting,trypanosoma,0
connecting,sciences,0
connecting,medica,0
connecting,transformers,0
connecting,harmful,0
connecting,videos,0
connecting,years,0
connecting,theory,0
connecting,rely,0
connecting,decisions,0
connecting,heavily,0
connecting,hemisphere,0
connecting,gps,0
connecting,obu,0
connecting,material,0
connecting,heparin,0
connecting,relations,0
connecting,typically,0
connecting,firstly,0
connecting,understanding,0
connecting,imdb,0
connecting,kitti,0
connecting,s-triazine,0
connecting,mscoco,0
connecting,due,0
connecting,sites,0
connecting,efficiency,0
connecting,photoreduction,0
connecting,ethereum,0
connecting,lstm,0
connecting,smiles,0
connecting,technologies,0
connecting,svm,0
connecting,knn,0
connecting,softmax,0
connecting,formed,0
connecting,escherichia,0
connecting,euclidean,0
connecting,patients,0
connecting,patient,0
connecting,similarity,0
connecting,rnas,0
connecting,fourier,0
connecting,initiative,0
connecting,pca,0
connecting,decades,0
connecting,copy,0
connecting,fixation,0
connecting,molecules,0
connecting,molecule,0
connecting,ntu,0
connecting,unsupervised,0
connecting,matthews,0
connecting,secure,0
connecting,nlp,0
connecting,words,0
connecting,transformer,0
connecting,water,0
connecting,wiki,0
connecting,nanosized,0
connecting,effectively,0
connecting,surge,0
connecting,data-driven,0
connecting,kinetics,0
connecting,dft,0
connecting,vehicle,0
connecting,guided,0
connecting,learning,0
connecting,subgraph,0
connecting,ftir,0
connecting,xps,0
connecting,pose,0
connecting,euler,0
connecting,skeletongait,0
connecting,informative,0
connecting,dependencies,0
connecting,metsulfuron,0
connecting,meaningful,0
connecting,revealed,0
connecting,gcaru,0
connecting,probability,0
connecting,methodology,0
connecting,pubmed,0
connecting,sentiments,0
connecting,electron,0
connecting,evaluation,0
connecting,kinetoplastid,0
connecting,unconventional,0
connecting,mcc,0
connecting,optimization,0
connecting,relationships,0
connecting,representation,0
connecting,represent,0
connecting,fenton,0
connecting,generative,0
connecting,dmax,0
connecting,unifying,0
connecting,embeddings,0
connecting,laplacian,0
connecting,updated,0
connecting,correlations,0
connecting,u-net,0
connecting,supervised,0
connecting,error,0
connecting,works,0
connecting,psf,0
connecting,presentation,0
connecting,indonesia,0
connecting,pooling,0
connecting,intratesticular,0
connecting,key,0
connecting,technique,0
connecting,factors,0
connecting,propagation,0
connecting,learn,0
connecting,neighbor,0
connecting,evolution,0
connecting,single-granular,0
connecting,optical,0
connecting,focus,0
connecting,desirable,0
connecting,modalities,0
connecting,management,0
connecting,predict,0
connecting,fully,0
connecting,tumor,0
connecting,dense,0
connecting,identify,0
connecting,ternary,0
connecting,trend,0
connecting,sparsity,0
connecting,faces,0
connecting,static,0
connecting,surface,0
connecting,immune,0
connecting,identification,0
connecting,predicting,0
connecting,number,0
connecting,validate,0
connecting,gat,0
connecting,single,0
connecting,energy,0
connecting,step,0
connecting,synthetic,0
connecting,real,0
connecting,visual,0
connecting,layouts,0
connecting,remote,0
connecting,splitting,0
connecting,parameters,0
connecting,rgb,0
connecting,improved,0
connecting,pairs,0
connecting,include,0
connecting,learns,0
connecting,embedding,0
connecting,photocatalytic,0
connecting,success,0
connecting,variation,0
connecting,identifying,0
connecting,important,0
connecting,reactions,0
connecting,memory,0
connecting,field,0
connecting,correction,0
connecting,light,0
connecting,targets,0
connecting,multi-scale,0
connecting,utilization,0
connecting,neighbors,0
connecting,part,0
connecting,traditional,0
connecting,stability,0
connecting,sample,0
connecting,pollutants,0
connecting,diffusion,0
connecting,tree,0
connecting,motion,0
connecting,types,0
connecting,point,0
connecting,remarkable,0
considered,drug-drug,0
considered,intuitively,0
considered,variously,0
considered,interacts,0
considered,mikae,0
considered,eastern,0
considered,lutea,0
considered,water-splitting,0
considered,pharmacology,0
considered,curated,0
considered,meiosis,0
considered,roofs,0
considered,hyperlinks,0
considered,differently,0
considered,continuation,0
considered,standards,0
considered,tcga,0
considered,pei-gcn,0
considered,gqa,0
considered,membranes,0
considered,pharmacological,0
considered,three-dimensional,0
considered,fast,0
considered,dempster-shafer,0
considered,thousands,0
considered,hours,0
considered,roads,0
considered,determination,0
considered,seoul,0
considered,proteins,0
considered,encoded,0
considered,prohibitively,0
considered,psycholinguistic,0
considered,nitrogen-rich,0
considered,tubes,0
considered,liquid,0
considered,granger,0
considered,self-healing,0
considered,dual-stimulus,0
considered,smoothing,0
considered,households,0
considered,trna,0
considered,outperform,0
considered,cutting-thin,0
considered,string,0
considered,descriptor,0
considered,sgc,0
considered,u-shaped,0
considered,couplings,0
considered,pressure,0
considered,f-score,0
considered,requirement,0
considered,numerous,0
considered,topologically,0
considered,wavelengths,0
considered,markers,0
considered,n-acetyltransferase,0
considered,holes,0
considered,trypanosoma,0
considered,sciences,0
considered,medica,0
considered,plant,0
considered,transformers,0
considered,heavily,0
considered,hemisphere,0
considered,gps,0
considered,obu,0
considered,heparin,0
considered,imdb,0
considered,kitti,0
considered,s-triazine,0
considered,mscoco,0
considered,photoreduction,0
considered,ethereum,0
considered,smiles,0
considered,svm,0
considered,knn,0
considered,formed,0
considered,escherichia,0
considered,euclidean,0
considered,rnas,0
considered,fourier,0
considered,initiative,0
considered,fixation,0
considered,edges,0
considered,matthews,0
considered,wiki,0
considered,nanosized,0
considered,surge,0
considered,kinetics,0
considered,guided,0
considered,subgraph,0
considered,ftir,0
considered,euler,0
considered,skeletongait,0
considered,metsulfuron,0
considered,meaningful,0
considered,gcaru,0
considered,pubmed,0
considered,sentiments,0
considered,kinetoplastid,0
considered,unconventional,0
considered,mcc,0
considered,fenton,0
considered,dmax,0
considered,unifying,0
considered,embeddings,0
considered,laplacian,0
considered,topic,0
considered,updated,0
considered,psf,0
considered,daily,0
considered,neighbor,0
considered,single-granular,0
considered,expression,0
considered,dense,0
considered,ternary,0
considered,sparsity,0
considered,faces,0
considered,immune,0
considered,synthetic,0
considered,layouts,0
considered,pairs,0
considered,include,0
considered,variation,0
considered,constructing,0
considered,multi-scale,0
considered,motion,0
considered,types,0
considered,protein,0
considered,reported,0
low-pass,variously,0
low-pass,wide,0
low-pass,mikae,0
low-pass,lutea,0
low-pass,metal,0
low-pass,water-splitting,0
low-pass,nitride,0
low-pass,present,0
low-pass,rarely,0
low-pass,pharmacology,0
low-pass,meiosis,0
low-pass,reduced,0
low-pass,roofs,0
low-pass,obtained,0
low-pass,systems,0
low-pass,standards,0
low-pass,noise,0
low-pass,rna,0
low-pass,tcga,0
low-pass,pei-gcn,0
low-pass,proposes,0
low-pass,membranes,0
low-pass,models,0
low-pass,result,0
low-pass,pharmacological,0
low-pass,three-dimensional,0
low-pass,problem,0
low-pass,recombination,0
low-pass,real-world,0
low-pass,thousands,0
low-pass,owing,0
low-pass,roads,0
low-pass,tasks,0
low-pass,utilized,0
low-pass,process,0
low-pass,seoul,0
low-pass,proteins,0
low-pass,time-consuming,0
low-pass,prohibitively,0
low-pass,psycholinguistic,0
low-pass,nitrogen-rich,0
low-pass,tubes,0
low-pass,work,0
low-pass,mixed,0
low-pass,self-healing,0
low-pass,similar,0
low-pass,study,0
low-pass,strategy,0
low-pass,presents,0
low-pass,viable,0
low-pass,trna,0
low-pass,outperform,0
low-pass,string,0
low-pass,sgc,0
low-pass,u-shaped,0
low-pass,research,0
low-pass,pressure,0
low-pass,requirement,0
low-pass,numerous,0
low-pass,separation,0
low-pass,topologically,0
low-pass,wavelengths,0
low-pass,sets,0
low-pass,simultaneously,0
low-pass,markers,0
low-pass,n-acetyltransferase,0
low-pass,resulting,0
low-pass,photocatalyst,0
low-pass,trypanosoma,0
low-pass,sciences,0
low-pass,medica,0
low-pass,plant,0
low-pass,transformers,0
low-pass,videos,0
low-pass,years,0
low-pass,theory,0
low-pass,rely,0
low-pass,obu,0
low-pass,material,0
low-pass,relation,0
low-pass,typically,0
low-pass,understanding,0
low-pass,s-triazine,0
low-pass,mscoco,0
low-pass,sites,0
low-pass,points,0
low-pass,photoreduction,0
low-pass,lstm,0
low-pass,smiles,0
low-pass,technologies,0
low-pass,svm,0
low-pass,softmax,0
low-pass,patients,0
low-pass,patient,0
low-pass,similarity,0
low-pass,rnas,0
low-pass,pca,0
low-pass,recently,0
low-pass,molecules,0
low-pass,molecule,0
low-pass,ntu,0
low-pass,unsupervised,0
low-pass,matthews,0
low-pass,secure,0
low-pass,nlp,0
low-pass,words,0
low-pass,transformer,0
low-pass,system,0
low-pass,water,0
low-pass,wiki,0
low-pass,nanosized,0
low-pass,surge,0
low-pass,skeleton,0
low-pass,vehicle,0
low-pass,subgraph,0
low-pass,xps,0
low-pass,pose,0
low-pass,skeleton-based,0
low-pass,skeletongait,0
low-pass,metsulfuron,0
low-pass,meaningful,0
low-pass,revealed,0
low-pass,probability,0
low-pass,methodology,0
low-pass,spatial,0
low-pass,pubmed,0
low-pass,sentiments,0
low-pass,role,0
low-pass,unconventional,0
low-pass,mcc,0
low-pass,optimization,0
low-pass,representation,0
low-pass,represent,0
low-pass,unifying,0
low-pass,updated,0
low-pass,training,0
low-pass,u-net,0
low-pass,supervised,0
low-pass,showed,0
low-pass,psf,0
low-pass,optimal,0
low-pass,presentation,0
low-pass,pooling,0
low-pass,technique,0
low-pass,propagation,0
low-pass,time,0
low-pass,neighbor,0
low-pass,single-granular,0
low-pass,optical,0
low-pass,modalities,0
low-pass,module,0
low-pass,representations,0
low-pass,user,0
low-pass,management,0
low-pass,predict,0
low-pass,set,0
low-pass,tumor,0
low-pass,target,0
low-pass,studies,0
low-pass,recognition,0
low-pass,multiple,0
low-pass,ternary,0
low-pass,trend,0
low-pass,sparsity,0
low-pass,recent,0
low-pass,static,0
low-pass,surface,0
low-pass,significant,0
low-pass,temporal,0
low-pass,predicting,0
low-pass,number,0
low-pass,validate,0
low-pass,spatial-temporal,0
low-pass,single,0
low-pass,task,0
low-pass,step,0
low-pass,machine,0
low-pass,traffic,0
low-pass,synthetic,0
low-pass,real,0
low-pass,visual,0
low-pass,remote,0
low-pass,splitting,0
low-pass,parameters,0
low-pass,rgb,0
low-pass,show,0
low-pass,processing,0
low-pass,previous,0
low-pass,pairs,0
low-pass,photocatalytic,0
low-pass,structural,0
low-pass,variation,0
low-pass,reactions,0
low-pass,memory,0
low-pass,unit,0
low-pass,patterns,0
low-pass,targets,0
low-pass,multi-scale,0
low-pass,utilization,0
low-pass,structures,0
low-pass,part,0
low-pass,progress,0
low-pass,video,0
low-pass,traditional,0
low-pass,stability,0
low-pass,sample,0
low-pass,pollutants,0
low-pass,tree,0
low-pass,motion,0
low-pass,types,0
low-pass,protein,0
low-pass,point,0
low-pass,reported,0
low-pass,remarkable,0
attributes,drug-drug,0
attributes,intuitively,0
attributes,inferred,0
attributes,variously,0
attributes,wide,0
attributes,interacts,0
attributes,mikae,0
attributes,eastern,0
attributes,bulbosa,0
attributes,colomatta,0
attributes,lutea,0
attributes,benefit,0
attributes,connecting,0
attributes,low-pass,0
attributes,pharmacology,0
attributes,published,0
attributes,curated,0
attributes,meiosis,0
attributes,reduced,0
attributes,roofs,0
attributes,cancers,0
attributes,hyperlinks,0
attributes,differently,0
attributes,continuation,0
attributes,standards,0
attributes,rna,0
attributes,pei-gcn,0
attributes,gqa,0
attributes,membranes,0
attributes,three-dimensional,0
attributes,recombination,0
attributes,dempster-shafer,0
attributes,hours,0
attributes,roads,0
attributes,determination,0
attributes,seoul,0
attributes,encoded,0
attributes,prohibitively,0
attributes,psycholinguistic,0
attributes,heterojunction,0
attributes,nitrogen-rich,0
attributes,tubes,0
attributes,liquid,0
attributes,mixed,0
attributes,excellent,0
attributes,self-healing,0
attributes,dual-stimulus,0
attributes,households,0
attributes,trna,0
attributes,cutting-thin,0
attributes,string,0
attributes,sgc,0
attributes,u-shaped,0
attributes,couplings,0
attributes,pressure,0
attributes,f-score,0
attributes,requirement,0
attributes,markers,0
attributes,n-acetyltransferase,0
attributes,holes,0
attributes,trypanosoma,0
attributes,sciences,0
attributes,medica,0
attributes,plant,0
attributes,harmful,0
attributes,videos,0
attributes,decisions,0
attributes,hemisphere,0
attributes,gps,0
attributes,obu,0
attributes,material,0
attributes,heparin,0
attributes,imdb,0
attributes,kitti,0
attributes,s-triazine,0
attributes,cloud,0
attributes,points,0
attributes,efficiency,0
attributes,photoreduction,0
attributes,ethereum,0
attributes,smiles,0
attributes,catalysts,0
attributes,technologies,0
attributes,capacity,0
attributes,softmax,0
attributes,chloroform,0
attributes,formed,0
attributes,escherichia,0
attributes,euclidean,0
attributes,patient,0
attributes,fourier,0
attributes,initiative,0
attributes,pca,0
attributes,decades,0
attributes,copy,0
attributes,fixation,0
attributes,ntu,0
attributes,matthews,0
attributes,secure,0
attributes,system,0
attributes,wiki,0
attributes,nanosized,0
attributes,surge,0
attributes,data-driven,0
attributes,kinetics,0
attributes,dft,0
attributes,canadian,0
attributes,ftir,0
attributes,xps,0
attributes,euler,0
attributes,skeletongait,0
attributes,metsulfuron,0
attributes,revealed,0
attributes,gcaru,0
attributes,probability,0
attributes,sentiments,0
attributes,electron,0
attributes,kinetoplastid,0
attributes,unconventional,0
attributes,mcc,0
attributes,auroc,0
attributes,auprc,0
attributes,fenton,0
attributes,dmax,0
attributes,laplacian,0
attributes,topic,0
attributes,updated,0
attributes,correlations,0
attributes,u-net,0
attributes,works,0
attributes,psf,0
attributes,optimal,0
attributes,presentation,0
attributes,indonesia,0
attributes,pooling,0
attributes,intratesticular,0
attributes,factors,0
attributes,cfz,0
attributes,single-granular,0
attributes,optical,0
attributes,management,0
attributes,tumor,0
attributes,ternary,0
attributes,trend,0
attributes,sparsity,0
attributes,surface,0
attributes,immune,0
attributes,energy,0
attributes,communication,0
attributes,visual,0
attributes,layouts,0
attributes,cells,0
attributes,remote,0
attributes,splitting,0
attributes,parameters,0
attributes,employed,0
attributes,include,0
attributes,photocatalytic,0
attributes,reactions,0
attributes,gated,0
attributes,correction,0
attributes,light,0
attributes,targets,0
attributes,multi-scale,0
attributes,part,0
attributes,progress,0
attributes,stability,0
attributes,pollutants,0
attributes,diffusion,0
attributes,tree,0
attributes,point,0
attributes,reported,0
attributes,center,0
attributes,bind,0
attributes,band,0
metal,paper,0
metal,named,0
metal,variously,0
metal,mikae,0
metal,rarely,0
metal,pharmacology,0
metal,roofs,0
metal,noise,0
metal,rna,0
metal,tcga,0
metal,pei-gcn,0
metal,proposes,0
metal,result,0
metal,pharmacological,0
metal,node,0
metal,real-world,0
metal,thousands,0
metal,owing,0
metal,roads,0
metal,tasks,0
metal,seoul,0
metal,proteins,0
metal,time-consuming,0
metal,prohibitively,0
metal,psycholinguistic,0
metal,nitrogen-rich,0
metal,tubes,0
metal,nodes,0
metal,self-healing,0
metal,smoothing,0
metal,viable,0
metal,trna,0
metal,outperform,0
metal,string,0
metal,sgc,0
metal,u-shaped,0
metal,pressure,0
metal,requirement,0
metal,numerous,0
metal,sets,0
metal,simultaneously,0
metal,n-acetyltransferase,0
metal,trypanosoma,0
metal,sciences,0
metal,plant,0
metal,transformers,0
metal,videos,0
metal,years,0
metal,rely,0
metal,obu,0
metal,relation,0
metal,relations,0
metal,typically,0
metal,understanding,0
metal,s-triazine,0
metal,mscoco,0
metal,points,0
metal,photoreduction,0
metal,smiles,0
metal,technologies,0
metal,softmax,0
metal,patients,0
metal,patient,0
metal,rnas,0
metal,pca,0
metal,recently,0
metal,molecule,0
metal,ntu,0
metal,unsupervised,0
metal,secure,0
metal,nlp,0
metal,words,0
metal,transformer,0
metal,wiki,0
metal,nanosized,0
metal,surge,0
metal,skeleton,0
metal,vehicle,0
metal,subgraph,0
metal,skeleton-based,0
metal,skeletongait,0
metal,metsulfuron,0
metal,pubmed,0
metal,sentiments,0
metal,unconventional,0
metal,relationships,0
metal,representation,0
metal,represent,0
metal,unifying,0
metal,topic,0
metal,updated,0
metal,u-net,0
metal,supervised,0
metal,works,0
metal,psf,0
metal,presentation,0
metal,pooling,0
metal,technique,0
metal,propagation,0
metal,neighbor,0
metal,single-granular,0
metal,modalities,0
metal,module,0
metal,representations,0
metal,neural,0
metal,user,0
metal,tumor,0
metal,trend,0
metal,sparsity,0
metal,recent,0
metal,static,0
metal,temporal,0
metal,validate,0
metal,spatial-temporal,0
metal,synthetic,0
metal,real,0
metal,visual,0
metal,remote,0
metal,rgb,0
metal,previous,0
metal,pairs,0
metal,success,0
metal,variation,0
metal,reactions,0
metal,patterns,0
metal,targets,0
metal,multi-scale,0
metal,utilization,0
metal,neighbors,0
metal,progress,0
metal,tree,0
metal,protein,0
metal,reported,0
metal,remarkable,0
cocatalyst-free,drug-drug,0
cocatalyst-free,paper,0
cocatalyst-free,named,0
cocatalyst-free,method,0
cocatalyst-free,methods,0
cocatalyst-free,intuitively,0
cocatalyst-free,inferred,0
cocatalyst-free,variously,0
cocatalyst-free,wide,0
cocatalyst-free,specifically,0
cocatalyst-free,demonstrates,0
cocatalyst-free,interacts,0
cocatalyst-free,structure,0
cocatalyst-free,mikae,0
cocatalyst-free,eastern,0
cocatalyst-free,colomatta,0
cocatalyst-free,lutea,0
cocatalyst-free,input,0
cocatalyst-free,existing,0
cocatalyst-free,ignore,0
cocatalyst-free,graph,0
cocatalyst-free,connecting,0
cocatalyst-free,considered,0
cocatalyst-free,low-pass,0
cocatalyst-free,present,0
cocatalyst-free,literature,0
cocatalyst-free,rarely,0
cocatalyst-free,concentrated,0
cocatalyst-free,extract,0
cocatalyst-free,pharmacology,0
cocatalyst-free,published,0
cocatalyst-free,curated,0
cocatalyst-free,generally,0
cocatalyst-free,common,0
cocatalyst-free,meiosis,0
cocatalyst-free,increasing,0
cocatalyst-free,reduced,0
cocatalyst-free,gap,0
cocatalyst-free,developed,0
cocatalyst-free,roofs,0
cocatalyst-free,hyperlinks,0
cocatalyst-free,independently,0
cocatalyst-free,differently,0
cocatalyst-free,explicitly,0
cocatalyst-free,obtained,0
cocatalyst-free,generated,0
cocatalyst-free,continuation,0
cocatalyst-free,systems,0
cocatalyst-free,network,0
cocatalyst-free,standards,0
cocatalyst-free,networks,0
cocatalyst-free,noise,0
cocatalyst-free,extracting,0
cocatalyst-free,rna,0
cocatalyst-free,tcga,0
cocatalyst-free,pei-gcn,0
cocatalyst-free,gqa,0
cocatalyst-free,proposes,0
cocatalyst-free,critical,0
cocatalyst-free,membranes,0
cocatalyst-free,models,0
cocatalyst-free,result,0
cocatalyst-free,pharmacological,0
cocatalyst-free,efficient,0
cocatalyst-free,three-dimensional,0
cocatalyst-free,problem,0
cocatalyst-free,node,0
cocatalyst-free,performance,0
cocatalyst-free,limited,0
cocatalyst-free,fast,0
cocatalyst-free,recombination,0
cocatalyst-free,real-world,0
cocatalyst-free,dempster-shafer,0
cocatalyst-free,thousands,0
cocatalyst-free,hours,0
cocatalyst-free,owing,0
cocatalyst-free,propose,0
cocatalyst-free,roads,0
cocatalyst-free,tasks,0
cocatalyst-free,utilized,0
cocatalyst-free,determination,0
cocatalyst-free,process,0
cocatalyst-free,seoul,0
cocatalyst-free,proteins,0
cocatalyst-free,encoded,0
cocatalyst-free,time-consuming,0
cocatalyst-free,experimental,0
cocatalyst-free,prohibitively,0
cocatalyst-free,elsevier,0
cocatalyst-free,psycholinguistic,0
cocatalyst-free,heterojunction,0
cocatalyst-free,nitrogen-rich,0
cocatalyst-free,tubes,0
cocatalyst-free,liquid,0
cocatalyst-free,work,0
cocatalyst-free,granger,0
cocatalyst-free,nodes,0
cocatalyst-free,established,0
cocatalyst-free,mixed,0
cocatalyst-free,excellent,0
cocatalyst-free,self-healing,0
cocatalyst-free,dual-stimulus,0
cocatalyst-free,similar,0
cocatalyst-free,smoothing,0
cocatalyst-free,perform,0
cocatalyst-free,households,0
cocatalyst-free,study,0
cocatalyst-free,strategy,0
cocatalyst-free,presents,0
cocatalyst-free,viable,0
cocatalyst-free,trna,0
cocatalyst-free,outperform,0
cocatalyst-free,cutting-thin,0
cocatalyst-free,string,0
cocatalyst-free,descriptor,0
cocatalyst-free,explore,0
cocatalyst-free,sgc,0
cocatalyst-free,u-shaped,0
cocatalyst-free,samples,0
cocatalyst-free,couplings,0
cocatalyst-free,research,0
cocatalyst-free,pressure,0
cocatalyst-free,f-score,0
cocatalyst-free,graphs,0
cocatalyst-free,requirement,0
cocatalyst-free,numerous,0
cocatalyst-free,sets,0
cocatalyst-free,simultaneously,0
cocatalyst-free,markers,0
cocatalyst-free,n-acetyltransferase,0
cocatalyst-free,holes,0
cocatalyst-free,resulting,0
cocatalyst-free,investigations,0
cocatalyst-free,trypanosoma,0
cocatalyst-free,sciences,0
cocatalyst-free,medica,0
cocatalyst-free,plant,0
cocatalyst-free,transformers,0
cocatalyst-free,harmful,0
cocatalyst-free,videos,0
cocatalyst-free,features,0
cocatalyst-free,years,0
cocatalyst-free,language,0
cocatalyst-free,theory,0
cocatalyst-free,leading,0
cocatalyst-free,rely,0
cocatalyst-free,decisions,0
cocatalyst-free,heavily,0
cocatalyst-free,hemisphere,0
cocatalyst-free,gps,0
cocatalyst-free,obu,0
cocatalyst-free,material,0
cocatalyst-free,gcns,0
cocatalyst-free,heparin,0
cocatalyst-free,relation,0
cocatalyst-free,relations,0
cocatalyst-free,typically,0
cocatalyst-free,firstly,0
cocatalyst-free,understanding,0
cocatalyst-free,imdb,0
cocatalyst-free,kitti,0
cocatalyst-free,convolutional,0
cocatalyst-free,s-triazine,0
cocatalyst-free,mscoco,0
cocatalyst-free,heterogeneous,0
cocatalyst-free,model,0
cocatalyst-free,due,0
cocatalyst-free,sites,0
cocatalyst-free,points,0
cocatalyst-free,efficiency,0
cocatalyst-free,improve,0
cocatalyst-free,photoreduction,0
cocatalyst-free,ethereum,0
cocatalyst-free,lstm,0
cocatalyst-free,smiles,0
cocatalyst-free,technologies,0
cocatalyst-free,svm,0
cocatalyst-free,knn,0
cocatalyst-free,softmax,0
cocatalyst-free,formed,0
cocatalyst-free,escherichia,0
cocatalyst-free,euclidean,0
cocatalyst-free,patients,0
cocatalyst-free,patient,0
cocatalyst-free,similarity,0
cocatalyst-free,rnas,0
cocatalyst-free,fourier,0
cocatalyst-free,initiative,0
cocatalyst-free,pca,0
cocatalyst-free,decades,0
cocatalyst-free,copy,0
cocatalyst-free,recently,0
cocatalyst-free,fixation,0
cocatalyst-free,molecules,0
cocatalyst-free,molecule,0
cocatalyst-free,ntu,0
cocatalyst-free,edges,0
cocatalyst-free,unsupervised,0
cocatalyst-free,matthews,0
cocatalyst-free,secure,0
cocatalyst-free,nlp,0
cocatalyst-free,words,0
cocatalyst-free,transformer,0
cocatalyst-free,system,0
cocatalyst-free,water,0
cocatalyst-free,wiki,0
cocatalyst-free,datasets,0
cocatalyst-free,data,0
cocatalyst-free,nanosized,0
cocatalyst-free,effectively,0
cocatalyst-free,surge,0
cocatalyst-free,data-driven,0
cocatalyst-free,kinetics,0
cocatalyst-free,dft,0
cocatalyst-free,skeleton,0
cocatalyst-free,framework,0
cocatalyst-free,vehicle,0
cocatalyst-free,guided,0
cocatalyst-free,end,0
cocatalyst-free,layer,0
cocatalyst-free,learning,0
cocatalyst-free,subgraph,0
cocatalyst-free,ftir,0
cocatalyst-free,xps,0
cocatalyst-free,pose,0
cocatalyst-free,skeleton-based,0
cocatalyst-free,euler,0
cocatalyst-free,skeletongait,0
cocatalyst-free,graph-based,0
cocatalyst-free,informative,0
cocatalyst-free,dependencies,0
cocatalyst-free,proposed,0
cocatalyst-free,metsulfuron,0
cocatalyst-free,conduct,0
cocatalyst-free,meaningful,0
cocatalyst-free,revealed,0
cocatalyst-free,gcaru,0
cocatalyst-free,probability,0
cocatalyst-free,methodology,0
cocatalyst-free,spatial,0
cocatalyst-free,pubmed,0
cocatalyst-free,sentiments,0
cocatalyst-free,electron,0
cocatalyst-free,information,0
cocatalyst-free,evaluation,0
cocatalyst-free,role,0
cocatalyst-free,kinetoplastid,0
cocatalyst-free,unconventional,0
cocatalyst-free,mcc,0
cocatalyst-free,optimization,0
cocatalyst-free,relationships,0
cocatalyst-free,representation,0
cocatalyst-free,represent,0
cocatalyst-free,fenton,0
cocatalyst-free,generative,0
cocatalyst-free,dmax,0
cocatalyst-free,unifying,0
cocatalyst-free,embeddings,0
cocatalyst-free,laplacian,0
cocatalyst-free,topic,0
cocatalyst-free,updated,0
cocatalyst-free,global,0
cocatalyst-free,local,0
cocatalyst-free,deep,0
cocatalyst-free,training,0
cocatalyst-free,correlations,0
cocatalyst-free,u-net,0
cocatalyst-free,supervised,0
cocatalyst-free,error,0
cocatalyst-free,works,0
cocatalyst-free,generate,0
cocatalyst-free,showed,0
cocatalyst-free,psf,0
cocatalyst-free,optimal,0
cocatalyst-free,presentation,0
cocatalyst-free,indonesia,0
cocatalyst-free,pooling,0
cocatalyst-free,dataset,0
cocatalyst-free,intratesticular,0
cocatalyst-free,key,0
cocatalyst-free,human,0
cocatalyst-free,technique,0
cocatalyst-free,prediction,0
cocatalyst-free,factors,0
cocatalyst-free,propagation,0
cocatalyst-free,daily,0
cocatalyst-free,learn,0
cocatalyst-free,neighbor,0
cocatalyst-free,evolution,0
cocatalyst-free,single-granular,0
cocatalyst-free,optical,0
cocatalyst-free,focus,0
cocatalyst-free,modalities,0
cocatalyst-free,high,0
cocatalyst-free,module,0
cocatalyst-free,representations,0
cocatalyst-free,neural,0
cocatalyst-free,expression,0
cocatalyst-free,user,0
cocatalyst-free,management,0
cocatalyst-free,predict,0
cocatalyst-free,feature,0
cocatalyst-free,set,0
cocatalyst-free,fully,0
cocatalyst-free,complex,0
cocatalyst-free,tumor,0
cocatalyst-free,target,0
cocatalyst-free,studies,0
cocatalyst-free,dense,0
cocatalyst-free,recognition,0
cocatalyst-free,identify,0
cocatalyst-free,convolution,0
cocatalyst-free,multiple,0
cocatalyst-free,ternary,0
cocatalyst-free,trend,0
cocatalyst-free,sparsity,0
cocatalyst-free,faces,0
cocatalyst-free,recent,0
cocatalyst-free,static,0
cocatalyst-free,gene,0
cocatalyst-free,surface,0
cocatalyst-free,significant,0
cocatalyst-free,immune,0
cocatalyst-free,knowledge,0
cocatalyst-free,temporal,0
cocatalyst-free,identification,0
cocatalyst-free,predicting,0
cocatalyst-free,number,0
cocatalyst-free,validate,0
cocatalyst-free,gat,0
cocatalyst-free,spatial-temporal,0
cocatalyst-free,single,0
cocatalyst-free,interaction,0
cocatalyst-free,layers,0
cocatalyst-free,task,0
cocatalyst-free,energy,0
cocatalyst-free,step,0
cocatalyst-free,machine,0
cocatalyst-free,traffic,0
cocatalyst-free,communication,0
cocatalyst-free,synthetic,0
cocatalyst-free,real,0
cocatalyst-free,visual,0
cocatalyst-free,layouts,0
cocatalyst-free,remote,0
cocatalyst-free,splitting,0
cocatalyst-free,parameters,0
cocatalyst-free,rgb,0
cocatalyst-free,improved,0
cocatalyst-free,show,0
cocatalyst-free,large,0
cocatalyst-free,processing,0
cocatalyst-free,conditions,0
cocatalyst-free,previous,0
cocatalyst-free,pairs,0
cocatalyst-free,employed,0
cocatalyst-free,include,0
cocatalyst-free,learns,0
cocatalyst-free,embedding,0
cocatalyst-free,effective,0
cocatalyst-free,photocatalytic,0
cocatalyst-free,structural,0
cocatalyst-free,success,0
cocatalyst-free,variation,0
cocatalyst-free,identifying,0
cocatalyst-free,important,0
cocatalyst-free,reactions,0
cocatalyst-free,memory,0
cocatalyst-free,unit,0
cocatalyst-free,gated,0
cocatalyst-free,patterns,0
cocatalyst-free,field,0
cocatalyst-free,correction,0
cocatalyst-free,constructing,0
cocatalyst-free,comprehensive,0
cocatalyst-free,great,0
cocatalyst-free,light,0
cocatalyst-free,functions,0
cocatalyst-free,targets,0
cocatalyst-free,multi-scale,0
cocatalyst-free,utilization,0
cocatalyst-free,structures,0
cocatalyst-free,neighbors,0
cocatalyst-free,part,0
cocatalyst-free,progress,0
cocatalyst-free,video,0
cocatalyst-free,focuses,0
cocatalyst-free,traditional,0
cocatalyst-free,stability,0
cocatalyst-free,sample,0
cocatalyst-free,designed,0
cocatalyst-free,pollutants,0
cocatalyst-free,diffusion,0
cocatalyst-free,tree,0
cocatalyst-free,motion,0
cocatalyst-free,types,0
cocatalyst-free,protein,0
cocatalyst-free,point,0
cocatalyst-free,reported,0
cocatalyst-free,remarkable,0
water-splitting,wide,0
water-splitting,work,0
water-splitting,years,0
water-splitting,words,0
water-splitting,wiki,0
water-splitting,xps,0
water-splitting,works,0
nitride,pharmacology,0
nitride,roofs,0
nitride,noise,0
nitride,rna,0
nitride,tcga,0
nitride,three-dimensional,0
nitride,problem,0
nitride,node,0
nitride,thousands,0
nitride,roads,0
nitride,tasks,0
nitride,seoul,0
nitride,proteins,0
nitride,time-consuming,0
nitride,prohibitively,0
nitride,psycholinguistic,0
nitride,nodes,0
nitride,self-healing,0
nitride,smoothing,0
nitride,trna,0
nitride,outperform,0
nitride,string,0
nitride,sgc,0
nitride,u-shaped,0
nitride,trypanosoma,0
nitride,plant,0
nitride,transformers,0
nitride,videos,0
nitride,rely,0
nitride,obu,0
nitride,relation,0
nitride,relations,0
nitride,typically,0
nitride,s-triazine,0
nitride,points,0
nitride,photoreduction,0
nitride,smiles,0
nitride,svm,0
nitride,softmax,0
nitride,patients,0
nitride,patient,0
nitride,similarity,0
nitride,rnas,0
nitride,pca,0
nitride,recently,0
nitride,ntu,0
nitride,unsupervised,0
nitride,secure,0
nitride,nlp,0
nitride,words,0
nitride,transformer,0
nitride,wiki,0
nitride,surge,0
nitride,vehicle,0
nitride,subgraph,0
nitride,pose,0
nitride,skeleton-based,0
nitride,skeletongait,0
nitride,probability,0
nitride,pubmed,0
nitride,sentiments,0
nitride,unconventional,0
nitride,relationships,0
nitride,representation,0
nitride,represent,0
nitride,unifying,0
nitride,updated,0
nitride,training,0
nitride,u-net,0
nitride,supervised,0
nitride,works,0
nitride,psf,0
nitride,presentation,0
nitride,pooling,0
nitride,prediction,0
nitride,propagation,0
nitride,single-granular,0
nitride,representations,0
nitride,user,0
nitride,tumor,0
nitride,sparsity,0
nitride,static,0
nitride,temporal,0
nitride,predicting,0
nitride,validate,0
nitride,spatial-temporal,0
nitride,single,0
nitride,task,0
nitride,traffic,0
nitride,visual,0
nitride,remote,0
nitride,rgb,0
nitride,success,0
nitride,patterns,0
nitride,progress,0
nitride,video,0
nitride,tree,0
nitride,protein,0
present,variously,0
present,water-splitting,0
present,roofs,0
present,standards,0
present,roads,0
present,seoul,0
present,prohibitively,0
present,psycholinguistic,0
present,tubes,0
present,self-healing,0
present,smoothing,0
present,viable,0
present,trna,0
present,string,0
present,u-shaped,0
present,pressure,0
present,requirement,0
present,topologically,0
present,wavelengths,0
present,smiles,0
present,softmax,0
present,subgraph,0
present,skeletongait,0
present,unconventional,0
present,unifying,0
present,psf,0
present,single-granular,0
present,reactions,0
literature,variously,0
literature,wide,0
literature,mikae,0
literature,lutea,0
literature,low-pass,0
literature,metal,0
literature,water-splitting,0
literature,nitride,0
literature,meiosis,0
literature,roofs,0
literature,standards,0
literature,noise,0
literature,tcga,0
literature,pei-gcn,0
literature,membranes,0
literature,three-dimensional,0
literature,recombination,0
literature,thousands,0
literature,owing,0
literature,roads,0
literature,seoul,0
literature,proteins,0
literature,prohibitively,0
literature,psycholinguistic,0
literature,nitrogen-rich,0
literature,tubes,0
literature,mixed,0
literature,self-healing,0
literature,smoothing,0
literature,perform,0
literature,viable,0
literature,trna,0
literature,string,0
literature,sgc,0
literature,u-shaped,0
literature,requirement,0
literature,topologically,0
literature,wavelengths,0
literature,markers,0
literature,n-acetyltransferase,0
literature,resulting,0
literature,trypanosoma,0
literature,sciences,0
literature,medica,0
literature,plant,0
literature,transformers,0
literature,videos,0
literature,rely,0
literature,obu,0
literature,material,0
literature,s-triazine,0
literature,mscoco,0
literature,sites,0
literature,points,0
literature,photoreduction,0
literature,smiles,0
literature,svm,0
literature,softmax,0
literature,pca,0
literature,matthews,0
literature,secure,0
literature,transformer,0
literature,wiki,0
literature,nanosized,0
literature,surge,0
literature,vehicle,0
literature,subgraph,0
literature,xps,0
literature,pose,0
literature,skeletongait,0
literature,metsulfuron,0
literature,probability,0
literature,sentiments,0
literature,unconventional,0
literature,mcc,0
literature,unifying,0
literature,updated,0
literature,u-net,0
literature,psf,0
literature,presentation,0
literature,pooling,0
literature,propagation,0
literature,single-granular,0
literature,optical,0
literature,modalities,0
literature,module,0
literature,user,0
literature,management,0
literature,tumor,0
literature,ternary,0
literature,trend,0
literature,static,0
literature,surface,0
literature,traffic,0
literature,visual,0
literature,remote,0
literature,splitting,0
literature,pairs,0
literature,photocatalytic,0
literature,structural,0
literature,variation,0
literature,patterns,0
literature,targets,0
literature,multi-scale,0
literature,neighbors,0
literature,part,0
literature,progress,0
literature,stability,0
literature,sample,0
literature,pollutants,0
literature,tree,0
literature,protein,0
literature,remarkable,0
rarely,variously,0
rarely,water-splitting,0
rarely,reduced,0
rarely,roofs,0
rarely,systems,0
rarely,standards,0
rarely,rna,0
rarely,tcga,0
rarely,three-dimensional,0
rarely,real-world,0
rarely,thousands,0
rarely,roads,0
rarely,utilized,0
rarely,seoul,0
rarely,time-consuming,0
rarely,tubes,0
rarely,self-healing,0
rarely,similar,0
rarely,smoothing,0
rarely,viable,0
rarely,trna,0
rarely,string,0
rarely,sgc,0
rarely,u-shaped,0
rarely,samples,0
rarely,requirement,0
rarely,separation,0
rarely,topologically,0
rarely,wavelengths,0
rarely,sets,0
rarely,trypanosoma,0
rarely,sciences,0
rarely,transformers,0
rarely,videos,0
rarely,theory,0
rarely,rely,0
rarely,typically,0
rarely,understanding,0
rarely,s-triazine,0
rarely,sites,0
rarely,smiles,0
rarely,technologies,0
rarely,svm,0
rarely,rnas,0
rarely,secure,0
rarely,words,0
rarely,system,0
rarely,water,0
rarely,wiki,0
rarely,surge,0
rarely,vehicle,0
rarely,subgraph,0
rarely,xps,0
rarely,skeletongait,0
rarely,spatial,0
rarely,sentiments,0
rarely,unconventional,0
rarely,represent,0
rarely,unifying,0
rarely,topic,0
rarely,updated,0
rarely,u-net,0
rarely,single-granular,0
rarely,target,0
rarely,ternary,0
rarely,trend,0
rarely,sparsity,0
rarely,step,0
rarely,traffic,0
rarely,synthetic,0
rarely,visual,0
rarely,remote,0
rarely,splitting,0
rarely,success,0
rarely,variation,0
rarely,reactions,0
rarely,targets,0
rarely,structures,0
rarely,stability,0
rarely,sample,0
rarely,types,0
concentrated,drug-drug,0
concentrated,intuitively,0
concentrated,inferred,0
concentrated,variously,0
concentrated,wide,0
concentrated,specifically,0
concentrated,demonstrates,0
concentrated,dual,0
concentrated,interacts,0
concentrated,mikae,0
concentrated,eastern,0
concentrated,lutea,0
concentrated,existing,0
concentrated,ignore,0
concentrated,considered,0
concentrated,low-pass,0
concentrated,metal,0
concentrated,water-splitting,0
concentrated,present,0
concentrated,extract,0
concentrated,pharmacology,0
concentrated,published,0
concentrated,curated,0
concentrated,meiosis,0
concentrated,increasing,0
concentrated,reduced,0
concentrated,gap,0
concentrated,developed,0
concentrated,roofs,0
concentrated,hyperlinks,0
concentrated,independently,0
concentrated,differently,0
concentrated,explicitly,0
concentrated,obtained,0
concentrated,generated,0
concentrated,continuation,0
concentrated,systems,0
concentrated,standards,0
concentrated,noise,0
concentrated,rna,0
concentrated,tcga,0
concentrated,pei-gcn,0
concentrated,gqa,0
concentrated,proposes,0
concentrated,critical,0
concentrated,membranes,0
concentrated,models,0
concentrated,result,0
concentrated,pharmacological,0
concentrated,three-dimensional,0
concentrated,problem,0
concentrated,limited,0
concentrated,fast,0
concentrated,real-world,0
concentrated,dempster-shafer,0
concentrated,thousands,0
concentrated,hours,0
concentrated,owing,0
concentrated,propose,0
concentrated,roads,0
concentrated,tasks,0
concentrated,utilized,0
concentrated,determination,0
concentrated,seoul,0
concentrated,proteins,0
concentrated,encoded,0
concentrated,time-consuming,0
concentrated,experimental,0
concentrated,prohibitively,0
concentrated,elsevier,0
concentrated,psycholinguistic,0
concentrated,heterojunction,0
concentrated,nitrogen-rich,0
concentrated,tubes,0
concentrated,liquid,0
concentrated,granger,0
concentrated,established,0
concentrated,mixed,0
concentrated,excellent,0
concentrated,self-healing,0
concentrated,dual-stimulus,0
concentrated,similar,0
concentrated,smoothing,0
concentrated,perform,0
concentrated,households,0
concentrated,strategy,0
concentrated,presents,0
concentrated,viable,0
concentrated,trna,0
concentrated,outperform,0
concentrated,cutting-thin,0
concentrated,string,0
concentrated,descriptor,0
concentrated,explore,0
concentrated,sgc,0
concentrated,u-shaped,0
concentrated,samples,0
concentrated,couplings,0
concentrated,pressure,0
concentrated,f-score,0
concentrated,graphs,0
concentrated,requirement,0
concentrated,topologically,0
concentrated,wavelengths,0
concentrated,sets,0
concentrated,simultaneously,0
concentrated,markers,0
concentrated,n-acetyltransferase,0
concentrated,holes,0
concentrated,investigations,0
concentrated,trypanosoma,0
concentrated,sciences,0
concentrated,medica,0
concentrated,plant,0
concentrated,transformers,0
concentrated,harmful,0
concentrated,videos,0
concentrated,years,0
concentrated,language,0
concentrated,theory,0
concentrated,leading,0
concentrated,decisions,0
concentrated,heavily,0
concentrated,hemisphere,0
concentrated,gps,0
concentrated,obu,0
concentrated,material,0
concentrated,gcns,0
concentrated,heparin,0
concentrated,relation,0
concentrated,relations,0
concentrated,typically,0
concentrated,firstly,0
concentrated,understanding,0
concentrated,imdb,0
concentrated,kitti,0
concentrated,convolutional,0
concentrated,s-triazine,0
concentrated,mscoco,0
concentrated,heterogeneous,0
concentrated,due,0
concentrated,sites,0
concentrated,points,0
concentrated,efficiency,0
concentrated,photoreduction,0
concentrated,ethereum,0
concentrated,lstm,0
concentrated,smiles,0
concentrated,technologies,0
concentrated,svm,0
concentrated,knn,0
concentrated,softmax,0
concentrated,formed,0
concentrated,escherichia,0
concentrated,euclidean,0
concentrated,patients,0
concentrated,patient,0
concentrated,similarity,0
concentrated,rnas,0
concentrated,fourier,0
concentrated,initiative,0
concentrated,pca,0
concentrated,decades,0
concentrated,copy,0
concentrated,recently,0
concentrated,fixation,0
concentrated,molecules,0
concentrated,molecule,0
concentrated,ntu,0
concentrated,edges,0
concentrated,unsupervised,0
concentrated,matthews,0
concentrated,secure,0
concentrated,nlp,0
concentrated,words,0
concentrated,transformer,0
concentrated,system,0
concentrated,water,0
concentrated,wiki,0
concentrated,data,0
concentrated,nanosized,0
concentrated,surge,0
concentrated,data-driven,0
concentrated,kinetics,0
concentrated,dft,0
concentrated,vehicle,0
concentrated,guided,0
concentrated,end,0
concentrated,layer,0
concentrated,subgraph,0
concentrated,ftir,0
concentrated,xps,0
concentrated,pose,0
concentrated,skeleton-based,0
concentrated,euler,0
concentrated,skeletongait,0
concentrated,graph-based,0
concentrated,informative,0
concentrated,dependencies,0
concentrated,metsulfuron,0
concentrated,conduct,0
concentrated,meaningful,0
concentrated,revealed,0
concentrated,gcaru,0
concentrated,probability,0
concentrated,methodology,0
concentrated,spatial,0
concentrated,pubmed,0
concentrated,sentiments,0
concentrated,kinetoplastid,0
concentrated,unconventional,0
concentrated,mcc,0
concentrated,optimization,0
concentrated,relationships,0
concentrated,representation,0
concentrated,represent,0
concentrated,fenton,0
concentrated,generative,0
concentrated,dmax,0
concentrated,unifying,0
concentrated,embeddings,0
concentrated,laplacian,0
concentrated,topic,0
concentrated,updated,0
concentrated,global,0
concentrated,training,0
concentrated,correlations,0
concentrated,u-net,0
concentrated,supervised,0
concentrated,error,0
concentrated,works,0
concentrated,psf,0
concentrated,optimal,0
concentrated,presentation,0
concentrated,indonesia,0
concentrated,pooling,0
concentrated,dataset,0
concentrated,intratesticular,0
concentrated,key,0
concentrated,technique,0
concentrated,prediction,0
concentrated,factors,0
concentrated,propagation,0
concentrated,daily,0
concentrated,learn,0
concentrated,neighbor,0
concentrated,evolution,0
concentrated,single-granular,0
concentrated,optical,0
concentrated,focus,0
concentrated,desirable,0
concentrated,modalities,0
concentrated,high,0
concentrated,module,0
concentrated,representations,0
concentrated,introduce,0
concentrated,expression,0
concentrated,user,0
concentrated,management,0
concentrated,predict,0
concentrated,feature,0
concentrated,set,0
concentrated,tumor,0
concentrated,target,0
concentrated,dense,0
concentrated,identify,0
concentrated,convolution,0
concentrated,ternary,0
concentrated,trend,0
concentrated,sparsity,0
concentrated,faces,0
concentrated,recent,0
concentrated,static,0
concentrated,gene,0
concentrated,surface,0
concentrated,immune,0
concentrated,temporal,0
concentrated,identification,0
concentrated,predicting,0
concentrated,number,0
concentrated,validate,0
concentrated,spatial-temporal,0
concentrated,task,0
concentrated,energy,0
concentrated,step,0
concentrated,machine,0
concentrated,traffic,0
concentrated,synthetic,0
concentrated,real,0
concentrated,visual,0
concentrated,layouts,0
concentrated,remote,0
concentrated,splitting,0
concentrated,parameters,0
concentrated,rgb,0
concentrated,improved,0
concentrated,large,0
concentrated,processing,0
concentrated,pairs,0
concentrated,employed,0
concentrated,include,0
concentrated,learns,0
concentrated,embedding,0
concentrated,success,0
concentrated,variation,0
concentrated,identifying,0
concentrated,reactions,0
concentrated,memory,0
concentrated,unit,0
concentrated,gated,0
concentrated,patterns,0
concentrated,correction,0
concentrated,constructing,0
concentrated,great,0
concentrated,light,0
concentrated,functions,0
concentrated,targets,0
concentrated,multi-scale,0
concentrated,utilization,0
concentrated,structures,0
concentrated,neighbors,0
concentrated,part,0
concentrated,progress,0
concentrated,focuses,0
concentrated,sample,0
concentrated,diffusion,0
concentrated,tree,0
concentrated,motion,0
concentrated,types,0
concentrated,protein,0
concentrated,point,0
concentrated,reported,0
concentrated,remarkable,0
extract,intuitively,0
extract,variously,0
extract,interacts,0
extract,mikae,0
extract,lutea,0
extract,low-pass,0
extract,water-splitting,0
extract,nitride,0
extract,meiosis,0
extract,roofs,0
extract,hyperlinks,0
extract,standards,0
extract,pei-gcn,0
extract,gqa,0
extract,membranes,0
extract,recombination,0
extract,seoul,0
extract,prohibitively,0
extract,psycholinguistic,0
extract,heterojunction,0
extract,nitrogen-rich,0
extract,tubes,0
extract,graphitic,0
extract,granger,0
extract,self-healing,0
extract,households,0
extract,viable,0
extract,trna,0
extract,string,0
extract,sgc,0
extract,f-score,0
extract,topologically,0
extract,wavelengths,0
extract,markers,0
extract,n-acetyltransferase,0
extract,holes,0
extract,photocatalyst,0
extract,trypanosoma,0
extract,medica,0
extract,plant,0
extract,hemisphere,0
extract,heparin,0
extract,imdb,0
extract,kitti,0
extract,s-triazine,0
extract,photoreduction,0
extract,knn,0
extract,pca,0
extract,fixation,0
extract,secure,0
extract,water,0
extract,nanosized,0
extract,ftir,0
extract,xps,0
extract,skeletongait,0
extract,metsulfuron,0
extract,gcaru,0
extract,pubmed,0
extract,sentiments,0
extract,kinetoplastid,0
extract,unconventional,0
extract,mcc,0
extract,fenton,0
extract,unifying,0
extract,psf,0
extract,presentation,0
extract,indonesia,0
extract,intratesticular,0
extract,single-granular,0
extract,ternary,0
extract,layouts,0
extract,photocatalytic,0
extract,reactions,0
pharmacology,variously,0
pharmacology,wide,0
pharmacology,specifically,0
pharmacology,structure,0
pharmacology,water-splitting,0
pharmacology,rarely,0
pharmacology,published,0
pharmacology,reduced,0
pharmacology,roofs,0
pharmacology,systems,0
pharmacology,standards,0
pharmacology,rna,0
pharmacology,tcga,0
pharmacology,proposes,0
pharmacology,three-dimensional,0
pharmacology,problem,0
pharmacology,recombination,0
pharmacology,real-world,0
pharmacology,thousands,0
pharmacology,propose,0
pharmacology,roads,0
pharmacology,tasks,0
pharmacology,utilized,0
pharmacology,process,0
pharmacology,seoul,0
pharmacology,proteins,0
pharmacology,prohibitively,0
pharmacology,psycholinguistic,0
pharmacology,tubes,0
pharmacology,self-healing,0
pharmacology,similar,0
pharmacology,smoothing,0
pharmacology,study,0
pharmacology,strategy,0
pharmacology,presents,0
pharmacology,viable,0
pharmacology,trna,0
pharmacology,string,0
pharmacology,sgc,0
pharmacology,u-shaped,0
pharmacology,samples,0
pharmacology,pressure,0
pharmacology,requirement,0
pharmacology,separation,0
pharmacology,topologically,0
pharmacology,wavelengths,0
pharmacology,sets,0
pharmacology,simultaneously,0
pharmacology,resulting,0
pharmacology,photocatalyst,0
pharmacology,trypanosoma,0
pharmacology,sciences,0
pharmacology,plant,0
pharmacology,transformers,0
pharmacology,videos,0
pharmacology,years,0
pharmacology,theory,0
pharmacology,rely,0
pharmacology,relation,0
pharmacology,relations,0
pharmacology,typically,0
pharmacology,understanding,0
pharmacology,s-triazine,0
pharmacology,sites,0
pharmacology,points,0
pharmacology,photoreduction,0
pharmacology,smiles,0
pharmacology,technologies,0
pharmacology,svm,0
pharmacology,softmax,0
pharmacology,similarity,0
pharmacology,rnas,0
pharmacology,recently,0
pharmacology,unsupervised,0
pharmacology,secure,0
pharmacology,words,0
pharmacology,transformer,0
pharmacology,system,0
pharmacology,water,0
pharmacology,wiki,0
pharmacology,surge,0
pharmacology,skeleton,0
pharmacology,vehicle,0
pharmacology,results,0
pharmacology,subgraph,0
pharmacology,xps,0
pharmacology,pose,0
pharmacology,skeleton-based,0
pharmacology,skeletongait,0
pharmacology,proposed,0
pharmacology,revealed,0
pharmacology,probability,0
pharmacology,spatial,0
pharmacology,pubmed,0
pharmacology,sentiments,0
pharmacology,role,0
pharmacology,unconventional,0
pharmacology,relationships,0
pharmacology,representation,0
pharmacology,represent,0
pharmacology,unifying,0
pharmacology,updated,0
pharmacology,training,0
pharmacology,u-net,0
pharmacology,supervised,0
pharmacology,works,0
pharmacology,showed,0
pharmacology,psf,0
pharmacology,presentation,0
pharmacology,pooling,0
pharmacology,technique,0
pharmacology,prediction,0
pharmacology,propagation,0
pharmacology,time,0
pharmacology,single-granular,0
pharmacology,representations,0
pharmacology,user,0
pharmacology,predict,0
pharmacology,set,0
pharmacology,tumor,0
pharmacology,target,0
pharmacology,studies,0
pharmacology,recognition,0
pharmacology,ternary,0
pharmacology,trend,0
pharmacology,sparsity,0
pharmacology,recent,0
pharmacology,static,0
pharmacology,surface,0
pharmacology,significant,0
pharmacology,temporal,0
pharmacology,validate,0
pharmacology,spatial-temporal,0
pharmacology,single,0
pharmacology,step,0
pharmacology,traffic,0
pharmacology,synthetic,0
pharmacology,real,0
pharmacology,visual,0
pharmacology,remote,0
pharmacology,splitting,0
pharmacology,rgb,0
pharmacology,show,0
pharmacology,processing,0
pharmacology,previous,0
pharmacology,photocatalytic,0
pharmacology,structural,0
pharmacology,success,0
pharmacology,variation,0
pharmacology,reactions,0
pharmacology,unit,0
pharmacology,targets,0
pharmacology,utilization,0
pharmacology,structures,0
pharmacology,progress,0
pharmacology,video,0
pharmacology,traditional,0
pharmacology,stability,0
pharmacology,sample,0
pharmacology,pollutants,0
pharmacology,tree,0
pharmacology,types,0
pharmacology,protein,0
pharmacology,point,0
pharmacology,reported,0
pharmacology,remarkable,0
published,variously,0
published,water-splitting,0
published,roofs,0
published,standards,0
published,tcga,0
published,three-dimensional,0
published,thousands,0
published,roads,0
published,seoul,0
published,tubes,0
published,self-healing,0
published,smoothing,0
published,viable,0
published,trna,0
published,sgc,0
published,u-shaped,0
published,requirement,0
published,topologically,0
published,wavelengths,0
published,trypanosoma,0
published,typically,0
published,s-triazine,0
published,smiles,0
published,svm,0
published,rnas,0
published,unsupervised,0
published,secure,0
published,wiki,0
published,skeleton-based,0
published,skeletongait,0
published,sentiments,0
published,unconventional,0
published,unifying,0
published,updated,0
published,u-net,0
published,single-granular,0
published,trend,0
published,sparsity,0
published,static,0
published,remote,0
published,splitting,0
published,targets,0
curated,drug-drug,0
curated,paper,0
curated,named,0
curated,intuitively,0
curated,inferred,0
curated,variously,0
curated,wide,0
curated,specifically,0
curated,demonstrates,0
curated,dual,0
curated,interacts,0
curated,mikae,0
curated,eastern,0
curated,lutea,0
curated,existing,0
curated,ignore,0
curated,low-pass,0
curated,metal,0
curated,water-splitting,0
curated,nitride,0
curated,literature,0
curated,rarely,0
curated,extract,0
curated,pharmacology,0
curated,generally,0
curated,meiosis,0
curated,increasing,0
curated,reduced,0
curated,gap,0
curated,roofs,0
curated,hyperlinks,0
curated,independently,0
curated,differently,0
curated,explicitly,0
curated,obtained,0
curated,standards,0
curated,noise,0
curated,extracting,0
curated,rna,0
curated,pei-gcn,0
curated,gqa,0
curated,proposes,0
curated,membranes,0
curated,pharmacological,0
curated,efficient,0
curated,three-dimensional,0
curated,problem,0
curated,node,0
curated,performance,0
curated,limited,0
curated,recombination,0
curated,real-world,0
curated,dempster-shafer,0
curated,thousands,0
curated,hours,0
curated,owing,0
curated,roads,0
curated,tasks,0
curated,determination,0
curated,seoul,0
curated,encoded,0
curated,time-consuming,0
curated,prohibitively,0
curated,psycholinguistic,0
curated,heterojunction,0
curated,nitrogen-rich,0
curated,tubes,0
curated,liquid,0
curated,work,0
curated,graphitic,0
curated,granger,0
curated,nodes,0
curated,established,0
curated,mixed,0
curated,excellent,0
curated,self-healing,0
curated,dual-stimulus,0
curated,similar,0
curated,smoothing,0
curated,perform,0
curated,households,0
curated,strategy,0
curated,presents,0
curated,viable,0
curated,trna,0
curated,outperform,0
curated,cutting-thin,0
curated,explore,0
curated,sgc,0
curated,u-shaped,0
curated,samples,0
curated,pressure,0
curated,f-score,0
curated,graphs,0
curated,requirement,0
curated,numerous,0
curated,separation,0
curated,topologically,0
curated,wavelengths,0
curated,simultaneously,0
curated,markers,0
curated,n-acetyltransferase,0
curated,holes,0
curated,resulting,0
curated,photocatalyst,0
curated,investigations,0
curated,trypanosoma,0
curated,sciences,0
curated,medica,0
curated,plant,0
curated,transformers,0
curated,harmful,0
curated,videos,0
curated,theory,0
curated,rely,0
curated,decisions,0
curated,heavily,0
curated,hemisphere,0
curated,gps,0
curated,obu,0
curated,material,0
curated,gcns,0
curated,heparin,0
curated,relation,0
curated,relations,0
curated,typically,0
curated,firstly,0
curated,imdb,0
curated,kitti,0
curated,s-triazine,0
curated,mscoco,0
curated,due,0
curated,sites,0
curated,points,0
curated,efficiency,0
curated,photoreduction,0
curated,ethereum,0
curated,lstm,0
curated,smiles,0
curated,technologies,0
curated,svm,0
curated,knn,0
curated,softmax,0
curated,formed,0
curated,escherichia,0
curated,euclidean,0
curated,patients,0
curated,patient,0
curated,similarity,0
curated,rnas,0
curated,fourier,0
curated,initiative,0
curated,pca,0
curated,decades,0
curated,fixation,0
curated,molecules,0
curated,molecule,0
curated,ntu,0
curated,edges,0
curated,unsupervised,0
curated,matthews,0
curated,secure,0
curated,words,0
curated,transformer,0
curated,water,0
curated,wiki,0
curated,nanosized,0
curated,effectively,0
curated,surge,0
curated,data-driven,0
curated,kinetics,0
curated,dft,0
curated,skeleton,0
curated,framework,0
curated,vehicle,0
curated,guided,0
curated,end,0
curated,layer,0
curated,subgraph,0
curated,ftir,0
curated,xps,0
curated,pose,0
curated,skeleton-based,0
curated,euler,0
curated,skeletongait,0
curated,informative,0
curated,dependencies,0
curated,metsulfuron,0
curated,meaningful,0
curated,revealed,0
curated,gcaru,0
curated,probability,0
curated,methodology,0
curated,spatial,0
curated,pubmed,0
curated,sentiments,0
curated,electron,0
curated,evaluation,0
curated,kinetoplastid,0
curated,unconventional,0
curated,mcc,0
curated,optimization,0
curated,relationships,0
curated,representation,0
curated,fenton,0
curated,generative,0
curated,dmax,0
curated,unifying,0
curated,embeddings,0
curated,laplacian,0
curated,updated,0
curated,global,0
curated,local,0
curated,training,0
curated,u-net,0
curated,supervised,0
curated,error,0
curated,works,0
curated,generate,0
curated,showed,0
curated,psf,0
curated,optimal,0
curated,presentation,0
curated,indonesia,0
curated,pooling,0
curated,intratesticular,0
curated,key,0
curated,technique,0
curated,time,0
curated,neighbor,0
curated,evolution,0
curated,single-granular,0
curated,optical,0
curated,focus,0
curated,desirable,0
curated,modalities,0
curated,module,0
curated,introduce,0
curated,management,0
curated,fully,0
curated,tumor,0
curated,target,0
curated,studies,0
curated,dense,0
curated,recognition,0
curated,identify,0
curated,ternary,0
curated,trend,0
curated,sparsity,0
curated,faces,0
curated,static,0
curated,surface,0
curated,significant,0
curated,immune,0
curated,temporal,0
curated,identification,0
curated,predicting,0
curated,number,0
curated,validate,0
curated,gat,0
curated,spatial-temporal,0
curated,single,0
curated,interaction,0
curated,layers,0
curated,energy,0
curated,step,0
curated,machine,0
curated,traffic,0
curated,synthetic,0
curated,real,0
curated,visual,0
curated,layouts,0
curated,remote,0
curated,splitting,0
curated,parameters,0
curated,rgb,0
curated,show,0
curated,previous,0
curated,pairs,0
curated,learns,0
curated,embedding,0
curated,photocatalytic,0
curated,structural,0
curated,success,0
curated,variation,0
curated,memory,0
curated,unit,0
curated,gated,0
curated,great,0
curated,light,0
curated,targets,0
curated,multi-scale,0
curated,utilization,0
curated,structures,0
curated,neighbors,0
curated,part,0
curated,progress,0
curated,video,0
curated,focuses,0
curated,traditional,0
curated,stability,0
curated,sample,0
curated,designed,0
curated,pollutants,0
curated,diffusion,0
curated,tree,0
curated,motion,0
curated,point,0
curated,reported,0
curated,remarkable,0
generally,intuitively,0
generally,variously,0
generally,wide,0
generally,interacts,0
generally,mikae,0
generally,lutea,0
generally,ignore,0
generally,low-pass,0
generally,metal,0
generally,water-splitting,0
generally,literature,0
generally,rarely,0
generally,pharmacology,0
generally,published,0
generally,meiosis,0
generally,increasing,0
generally,roofs,0
generally,hyperlinks,0
generally,independently,0
generally,generated,0
generally,rna,0
generally,tcga,0
generally,pei-gcn,0
generally,gqa,0
generally,membranes,0
generally,pharmacological,0
generally,three-dimensional,0
generally,thousands,0
generally,owing,0
generally,roads,0
generally,utilized,0
generally,seoul,0
generally,prohibitively,0
generally,psycholinguistic,0
generally,heterojunction,0
generally,nitrogen-rich,0
generally,tubes,0
generally,liquid,0
generally,mixed,0
generally,self-healing,0
generally,perform,0
generally,households,0
generally,presents,0
generally,trna,0
generally,outperform,0
generally,string,0
generally,sgc,0
generally,u-shaped,0
generally,pressure,0
generally,separation,0
generally,topologically,0
generally,wavelengths,0
generally,n-acetyltransferase,0
generally,holes,0
generally,photocatalyst,0
generally,trypanosoma,0
generally,sciences,0
generally,medica,0
generally,transformers,0
generally,harmful,0
generally,language,0
generally,leading,0
generally,heavily,0
generally,hemisphere,0
generally,gps,0
generally,obu,0
generally,heparin,0
generally,typically,0
generally,imdb,0
generally,kitti,0
generally,s-triazine,0
generally,mscoco,0
generally,sites,0
generally,photoreduction,0
generally,smiles,0
generally,knn,0
generally,softmax,0
generally,rnas,0
generally,initiative,0
generally,pca,0
generally,molecule,0
generally,ntu,0
generally,matthews,0
generally,secure,0
generally,nlp,0
generally,wiki,0
generally,nanosized,0
generally,kinetics,0
generally,vehicle,0
generally,subgraph,0
generally,xps,0
generally,pose,0
generally,skeletongait,0
generally,metsulfuron,0
generally,probability,0
generally,methodology,0
generally,pubmed,0
generally,sentiments,0
generally,kinetoplastid,0
generally,unconventional,0
generally,mcc,0
generally,generative,0
generally,updated,0
generally,u-net,0
generally,supervised,0
generally,showed,0
generally,psf,0
generally,presentation,0
generally,indonesia,0
generally,intratesticular,0
generally,single-granular,0
generally,optical,0
generally,tumor,0
generally,ternary,0
generally,immune,0
generally,predicting,0
generally,spatial-temporal,0
generally,step,0
generally,layouts,0
generally,remote,0
generally,splitting,0
generally,rgb,0
generally,pairs,0
generally,photocatalytic,0
generally,identifying,0
generally,light,0
generally,targets,0
generally,multi-scale,0
generally,progress,0
generally,video,0
generally,stability,0
generally,pollutants,0
generally,motion,0
generally,point,0
generally,reported,0
generally,remarkable,0
common,inferred,0
common,variously,0
common,wide,0
common,interacts,0
common,mikae,0
common,eastern,0
common,lutea,0
common,connecting,0
common,low-pass,0
common,metal,0
common,water-splitting,0
common,literature,0
common,concentrated,0
common,pharmacology,0
common,curated,0
common,generally,0
common,meiosis,0
common,roofs,0
common,hyperlinks,0
common,differently,0
common,continuation,0
common,standards,0
common,pei-gcn,0
common,gqa,0
common,membranes,0
common,three-dimensional,0
common,fast,0
common,dempster-shafer,0
common,thousands,0
common,hours,0
common,determination,0
common,seoul,0
common,proteins,0
common,encoded,0
common,prohibitively,0
common,psycholinguistic,0
common,heterojunction,0
common,nitrogen-rich,0
common,tubes,0
common,granger,0
common,established,0
common,mixed,0
common,self-healing,0
common,dual-stimulus,0
common,smoothing,0
common,households,0
common,viable,0
common,trna,0
common,cutting-thin,0
common,descriptor,0
common,sgc,0
common,u-shaped,0
common,couplings,0
common,pressure,0
common,f-score,0
common,separation,0
common,topologically,0
common,wavelengths,0
common,markers,0
common,n-acetyltransferase,0
common,holes,0
common,photocatalyst,0
common,trypanosoma,0
common,sciences,0
common,medica,0
common,plant,0
common,harmful,0
common,theory,0
common,decisions,0
common,heavily,0
common,hemisphere,0
common,gps,0
common,obu,0
common,material,0
common,heparin,0
common,imdb,0
common,kitti,0
common,s-triazine,0
common,points,0
common,photoreduction,0
common,ethereum,0
common,smiles,0
common,knn,0
common,softmax,0
common,formed,0
common,escherichia,0
common,euclidean,0
common,rnas,0
common,fourier,0
common,pca,0
common,fixation,0
common,matthews,0
common,secure,0
common,wiki,0
common,nanosized,0
common,surge,0
common,dft,0
common,guided,0
common,ftir,0
common,xps,0
common,euler,0
common,metsulfuron,0
common,gcaru,0
common,kinetoplastid,0
common,unconventional,0
common,mcc,0
common,fenton,0
common,dmax,0
common,unifying,0
common,laplacian,0
common,updated,0
common,u-net,0
common,psf,0
common,presentation,0
common,indonesia,0
common,pooling,0
common,intratesticular,0
common,evolution,0
common,single-granular,0
common,desirable,0
common,dense,0
common,ternary,0
common,faces,0
common,energy,0
common,communication,0
common,synthetic,0
common,layouts,0
common,splitting,0
common,photocatalytic,0
common,light,0
common,neighbors,0
common,stability,0
common,pollutants,0
common,diffusion,0
common,tree,0
common,point,0
meiosis,paper,0
meiosis,named,0
meiosis,method,0
meiosis,methods,0
meiosis,variously,0
meiosis,wide,0
meiosis,specifically,0
meiosis,structure,0
meiosis,mikae,0
meiosis,metal,0
meiosis,water-splitting,0
meiosis,nitride,0
meiosis,present,0
meiosis,rarely,0
meiosis,pharmacology,0
meiosis,published,0
meiosis,reduced,0
meiosis,roofs,0
meiosis,obtained,0
meiosis,systems,0
meiosis,network,0
meiosis,standards,0
meiosis,networks,0
meiosis,noise,0
meiosis,tcga,0
meiosis,pei-gcn,0
meiosis,proposes,0
meiosis,membranes,0
meiosis,models,0
meiosis,result,0
meiosis,pharmacological,0
meiosis,three-dimensional,0
meiosis,problem,0
meiosis,node,0
meiosis,performance,0
meiosis,recombination,0
meiosis,real-world,0
meiosis,thousands,0
meiosis,owing,0
meiosis,propose,0
meiosis,roads,0
meiosis,tasks,0
meiosis,utilized,0
meiosis,process,0
meiosis,seoul,0
meiosis,time-consuming,0
meiosis,prohibitively,0
meiosis,psycholinguistic,0
meiosis,nitrogen-rich,0
meiosis,tubes,0
meiosis,work,0
meiosis,nodes,0
meiosis,mixed,0
meiosis,self-healing,0
meiosis,similar,0
meiosis,smoothing,0
meiosis,perform,0
meiosis,study,0
meiosis,strategy,0
meiosis,presents,0
meiosis,viable,0
meiosis,trna,0
meiosis,outperform,0
meiosis,string,0
meiosis,sgc,0
meiosis,u-shaped,0
meiosis,samples,0
meiosis,research,0
meiosis,pressure,0
meiosis,requirement,0
meiosis,numerous,0
meiosis,separation,0
meiosis,topologically,0
meiosis,wavelengths,0
meiosis,sets,0
meiosis,simultaneously,0
meiosis,resulting,0
meiosis,photocatalyst,0
meiosis,sciences,0
meiosis,plant,0
meiosis,transformers,0
meiosis,videos,0
meiosis,years,0
meiosis,theory,0
meiosis,rely,0
meiosis,obu,0
meiosis,relation,0
meiosis,relations,0
meiosis,typically,0
meiosis,understanding,0
meiosis,s-triazine,0
meiosis,mscoco,0
meiosis,model,0
meiosis,sites,0
meiosis,points,0
meiosis,photoreduction,0
meiosis,smiles,0
meiosis,technologies,0
meiosis,svm,0
meiosis,softmax,0
meiosis,patients,0
meiosis,patient,0
meiosis,similarity,0
meiosis,rnas,0
meiosis,pca,0
meiosis,recently,0
meiosis,molecules,0
meiosis,molecule,0
meiosis,ntu,0
meiosis,unsupervised,0
meiosis,secure,0
meiosis,nlp,0
meiosis,words,0
meiosis,transformer,0
meiosis,system,0
meiosis,water,0
meiosis,wiki,0
meiosis,nanosized,0
meiosis,surge,0
meiosis,skeleton,0
meiosis,vehicle,0
meiosis,results,0
meiosis,subgraph,0
meiosis,xps,0
meiosis,pose,0
meiosis,skeleton-based,0
meiosis,skeletongait,0
meiosis,proposed,0
meiosis,metsulfuron,0
meiosis,revealed,0
meiosis,probability,0
meiosis,methodology,0
meiosis,spatial,0
meiosis,pubmed,0
meiosis,sentiments,0
meiosis,role,0
meiosis,optimization,0
meiosis,relationships,0
meiosis,representation,0
meiosis,represent,0
meiosis,unifying,0
meiosis,topic,0
meiosis,updated,0
meiosis,training,0
meiosis,u-net,0
meiosis,supervised,0
meiosis,works,0
meiosis,showed,0
meiosis,psf,0
meiosis,optimal,0
meiosis,presentation,0
meiosis,pooling,0
meiosis,technique,0
meiosis,prediction,0
meiosis,propagation,0
meiosis,time,0
meiosis,neighbor,0
meiosis,single-granular,0
meiosis,optical,0
meiosis,modalities,0
meiosis,module,0
meiosis,representations,0
meiosis,neural,0
meiosis,user,0
meiosis,predict,0
meiosis,set,0
meiosis,tumor,0
meiosis,target,0
meiosis,studies,0
meiosis,recognition,0
meiosis,multiple,0
meiosis,ternary,0
meiosis,trend,0
meiosis,sparsity,0
meiosis,recent,0
meiosis,static,0
meiosis,surface,0
meiosis,significant,0
meiosis,temporal,0
meiosis,predicting,0
meiosis,validate,0
meiosis,spatial-temporal,0
meiosis,single,0
meiosis,task,0
meiosis,step,0
meiosis,traffic,0
meiosis,synthetic,0
meiosis,real,0
meiosis,visual,0
meiosis,remote,0
meiosis,splitting,0
meiosis,parameters,0
meiosis,rgb,0
meiosis,previous,0
meiosis,pairs,0
meiosis,photocatalytic,0
meiosis,structural,0
meiosis,success,0
meiosis,variation,0
meiosis,reactions,0
meiosis,memory,0
meiosis,unit,0
meiosis,patterns,0
meiosis,targets,0
meiosis,multi-scale,0
meiosis,utilization,0
meiosis,structures,0
meiosis,neighbors,0
meiosis,part,0
meiosis,progress,0
meiosis,video,0
meiosis,traditional,0
meiosis,stability,0
meiosis,sample,0
meiosis,pollutants,0
meiosis,tree,0
meiosis,motion,0
meiosis,types,0
meiosis,point,0
meiosis,reported,0
meiosis,remarkable,0
increasing,intuitively,0
increasing,inferred,0
increasing,variously,0
increasing,interacts,0
increasing,mikae,0
increasing,lutea,0
increasing,low-pass,0
increasing,metal,0
increasing,water-splitting,0
increasing,rarely,0
increasing,pharmacology,0
increasing,meiosis,0
increasing,roofs,0
increasing,standards,0
increasing,rna,0
increasing,tcga,0
increasing,pei-gcn,0
increasing,membranes,0
increasing,pharmacological,0
increasing,three-dimensional,0
increasing,recombination,0
increasing,thousands,0
increasing,roads,0
increasing,prohibitively,0
increasing,psycholinguistic,0
increasing,nitrogen-rich,0
increasing,tubes,0
increasing,liquid,0
increasing,mixed,0
increasing,self-healing,0
increasing,smoothing,0
increasing,viable,0
increasing,trna,0
increasing,string,0
increasing,sgc,0
increasing,u-shaped,0
increasing,pressure,0
increasing,topologically,0
increasing,wavelengths,0
increasing,n-acetyltransferase,0
increasing,investigations,0
increasing,trypanosoma,0
increasing,sciences,0
increasing,medica,0
increasing,plant,0
increasing,transformers,0
increasing,videos,0
increasing,obu,0
increasing,material,0
increasing,s-triazine,0
increasing,mscoco,0
increasing,photoreduction,0
increasing,svm,0
increasing,knn,0
increasing,softmax,0
increasing,patient,0
increasing,molecules,0
increasing,molecule,0
increasing,ntu,0
increasing,matthews,0
increasing,nlp,0
increasing,wiki,0
increasing,nanosized,0
increasing,kinetics,0
increasing,subgraph,0
increasing,pose,0
increasing,skeletongait,0
increasing,metsulfuron,0
increasing,meaningful,0
increasing,revealed,0
increasing,sentiments,0
increasing,kinetoplastid,0
increasing,unconventional,0
increasing,mcc,0
increasing,unifying,0
increasing,updated,0
increasing,u-net,0
increasing,supervised,0
increasing,psf,0
increasing,presentation,0
increasing,indonesia,0
increasing,pooling,0
increasing,intratesticular,0
increasing,propagation,0
increasing,neighbor,0
increasing,single-granular,0
increasing,ternary,0
increasing,sparsity,0
increasing,layouts,0
increasing,remote,0
increasing,splitting,0
increasing,rgb,0
increasing,variation,0
increasing,reactions,0
increasing,targets,0
increasing,progress,0
increasing,tree,0
reduced,variously,0
reduced,water-splitting,0
reduced,roofs,0
reduced,rna,0
reduced,tcga,0
reduced,thousands,0
reduced,time-consuming,0
reduced,tubes,0
reduced,self-healing,0
reduced,viable,0
reduced,trna,0
reduced,string,0
reduced,sgc,0
reduced,u-shaped,0
reduced,topologically,0
reduced,wavelengths,0
reduced,trypanosoma,0
reduced,sciences,0
reduced,transformers,0
reduced,videos,0
reduced,rely,0
reduced,relation,0
reduced,typically,0
reduced,s-triazine,0
reduced,smiles,0
reduced,svm,0
reduced,softmax,0
reduced,similarity,0
reduced,secure,0
reduced,transformer,0
reduced,surge,0
reduced,subgraph,0
reduced,skeletongait,0
reduced,sentiments,0
reduced,unconventional,0
reduced,represent,0
reduced,unifying,0
reduced,updated,0
reduced,u-net,0
reduced,supervised,0
reduced,single-granular,0
reduced,user,0
reduced,sparsity,0
reduced,static,0
reduced,remote,0
reduced,splitting,0
reduced,types,0
reduced,remarkable,0
gap,inferred,0
gap,variously,0
gap,wide,0
gap,interacts,0
gap,mikae,0
gap,lutea,0
gap,low-pass,0
gap,water-splitting,0
gap,literature,0
gap,rarely,0
gap,pharmacology,0
gap,meiosis,0
gap,roofs,0
gap,hyperlinks,0
gap,standards,0
gap,rna,0
gap,tcga,0
gap,pei-gcn,0
gap,gqa,0
gap,result,0
gap,pharmacological,0
gap,three-dimensional,0
gap,thousands,0
gap,hours,0
gap,owing,0
gap,roads,0
gap,tasks,0
gap,prohibitively,0
gap,psycholinguistic,0
gap,nitrogen-rich,0
gap,tubes,0
gap,liquid,0
gap,granger,0
gap,self-healing,0
gap,households,0
gap,presents,0
gap,viable,0
gap,trna,0
gap,outperform,0
gap,string,0
gap,sgc,0
gap,u-shaped,0
gap,pressure,0
gap,requirement,0
gap,topologically,0
gap,wavelengths,0
gap,markers,0
gap,n-acetyltransferase,0
gap,resulting,0
gap,trypanosoma,0
gap,sciences,0
gap,medica,0
gap,plant,0
gap,videos,0
gap,heavily,0
gap,hemisphere,0
gap,gps,0
gap,obu,0
gap,heparin,0
gap,relation,0
gap,kitti,0
gap,s-triazine,0
gap,points,0
gap,photoreduction,0
gap,smiles,0
gap,technologies,0
gap,svm,0
gap,knn,0
gap,softmax,0
gap,patients,0
gap,similarity,0
gap,rnas,0
gap,initiative,0
gap,pca,0
gap,molecule,0
gap,matthews,0
gap,secure,0
gap,nlp,0
gap,wiki,0
gap,nanosized,0
gap,subgraph,0
gap,skeletongait,0
gap,metsulfuron,0
gap,gcaru,0
gap,methodology,0
gap,pubmed,0
gap,sentiments,0
gap,kinetoplastid,0
gap,unconventional,0
gap,mcc,0
gap,optimization,0
gap,updated,0
gap,local,0
gap,u-net,0
gap,psf,0
gap,presentation,0
gap,indonesia,0
gap,pooling,0
gap,intratesticular,0
gap,technique,0
gap,neighbor,0
gap,single-granular,0
gap,ternary,0
gap,trend,0
gap,sparsity,0
gap,static,0
gap,gene,0
gap,immune,0
gap,number,0
gap,layers,0
gap,synthetic,0
gap,layouts,0
gap,include,0
gap,learns,0
gap,unit,0
gap,neighbors,0
gap,sample,0
gap,tree,0
gap,motion,0
gap,protein,0
developed,intuitively,0
developed,variously,0
developed,interacts,0
developed,mikae,0
developed,eastern,0
developed,lutea,0
developed,low-pass,0
developed,water-splitting,0
developed,pharmacology,0
developed,meiosis,0
developed,roofs,0
developed,differently,0
developed,standards,0
developed,pei-gcn,0
developed,gqa,0
developed,hours,0
developed,seoul,0
developed,prohibitively,0
developed,psycholinguistic,0
developed,nitrogen-rich,0
developed,tubes,0
developed,granger,0
developed,self-healing,0
developed,dual-stimulus,0
developed,smoothing,0
developed,households,0
developed,trna,0
developed,sgc,0
developed,u-shaped,0
developed,pressure,0
developed,f-score,0
developed,topologically,0
developed,wavelengths,0
developed,markers,0
developed,n-acetyltransferase,0
developed,holes,0
developed,trypanosoma,0
developed,medica,0
developed,plant,0
developed,gps,0
developed,obu,0
developed,heparin,0
developed,kitti,0
developed,s-triazine,0
developed,mscoco,0
developed,photoreduction,0
developed,ethereum,0
developed,smiles,0
developed,knn,0
developed,formed,0
developed,escherichia,0
developed,euclidean,0
developed,pca,0
developed,fixation,0
developed,ntu,0
developed,matthews,0
developed,words,0
developed,wiki,0
developed,nanosized,0
developed,surge,0
developed,kinetics,0
developed,guided,0
developed,end,0
developed,skeleton-based,0
developed,euler,0
developed,skeletongait,0
developed,metsulfuron,0
developed,gcaru,0
developed,pubmed,0
developed,sentiments,0
developed,kinetoplastid,0
developed,unconventional,0
developed,mcc,0
developed,dmax,0
developed,unifying,0
developed,laplacian,0
developed,updated,0
developed,u-net,0
developed,psf,0
developed,presentation,0
developed,indonesia,0
developed,intratesticular,0
developed,single-granular,0
developed,layouts,0
roofs,variously,0
roofs,wide,0
roofs,specifically,0
roofs,water-splitting,0
roofs,systems,0
roofs,standards,0
roofs,tcga,0
roofs,three-dimensional,0
roofs,thousands,0
roofs,tasks,0
roofs,utilized,0
roofs,seoul,0
roofs,time-consuming,0
roofs,tubes,0
roofs,work,0
roofs,self-healing,0
roofs,similar,0
roofs,smoothing,0
roofs,study,0
roofs,strategy,0
roofs,viable,0
roofs,trna,0
roofs,string,0
roofs,sgc,0
roofs,u-shaped,0
roofs,samples,0
roofs,separation,0
roofs,topologically,0
roofs,wavelengths,0
roofs,sets,0
roofs,simultaneously,0
roofs,trypanosoma,0
roofs,sciences,0
roofs,videos,0
roofs,years,0
roofs,theory,0
roofs,typically,0
roofs,understanding,0
roofs,s-triazine,0
roofs,sites,0
roofs,smiles,0
roofs,technologies,0
roofs,svm,0
roofs,softmax,0
roofs,similarity,0
roofs,unsupervised,0
roofs,secure,0
roofs,words,0
roofs,transformer,0
roofs,system,0
roofs,water,0
roofs,wiki,0
roofs,surge,0
roofs,vehicle,0
roofs,subgraph,0
roofs,xps,0
roofs,skeleton-based,0
roofs,skeletongait,0
roofs,spatial,0
roofs,sentiments,0
roofs,unconventional,0
roofs,unifying,0
roofs,topic,0
roofs,updated,0
roofs,training,0
roofs,u-net,0
roofs,supervised,0
roofs,works,0
roofs,showed,0
roofs,technique,0
roofs,time,0
roofs,single-granular,0
roofs,set,0
roofs,tumor,0
roofs,target,0
roofs,studies,0
roofs,ternary,0
roofs,trend,0
roofs,sparsity,0
roofs,static,0
roofs,surface,0
roofs,significant,0
roofs,temporal,0
roofs,validate,0
roofs,spatial-temporal,0
roofs,single,0
roofs,task,0
roofs,step,0
roofs,traffic,0
roofs,synthetic,0
roofs,visual,0
roofs,splitting,0
roofs,show,0
roofs,structural,0
roofs,success,0
roofs,variation,0
roofs,unit,0
roofs,targets,0
roofs,utilization,0
roofs,structures,0
roofs,video,0
roofs,traditional,0
roofs,stability,0
roofs,sample,0
roofs,tree,0
roofs,types,0
cancers,drug-drug,0
cancers,intuitively,0
cancers,inferred,0
cancers,variously,0
cancers,wide,0
cancers,specifically,0
cancers,demonstrates,0
cancers,dual,0
cancers,interacts,0
cancers,mikae,0
cancers,eastern,0
cancers,colomatta,0
cancers,lutea,0
cancers,input,0
cancers,ignore,0
cancers,considered,0
cancers,low-pass,0
cancers,metal,0
cancers,cocatalyst-free,0
cancers,water-splitting,0
cancers,nitride,0
cancers,rarely,0
cancers,concentrated,0
cancers,extract,0
cancers,pharmacology,0
cancers,published,0
cancers,curated,0
cancers,generally,0
cancers,meiosis,0
cancers,increasing,0
cancers,reduced,0
cancers,gap,0
cancers,roofs,0
cancers,hyperlinks,0
cancers,independently,0
cancers,differently,0
cancers,explicitly,0
cancers,generated,0
cancers,continuation,0
cancers,systems,0
cancers,standards,0
cancers,noise,0
cancers,extracting,0
cancers,rna,0
cancers,pei-gcn,0
cancers,gqa,0
cancers,proposes,0
cancers,membranes,0
cancers,pharmacological,0
cancers,efficient,0
cancers,three-dimensional,0
cancers,problem,0
cancers,node,0
cancers,limited,0
cancers,fast,0
cancers,recombination,0
cancers,real-world,0
cancers,dempster-shafer,0
cancers,thousands,0
cancers,hours,0
cancers,owing,0
cancers,propose,0
cancers,roads,0
cancers,utilized,0
cancers,determination,0
cancers,seoul,0
cancers,encoded,0
cancers,time-consuming,0
cancers,experimental,0
cancers,prohibitively,0
cancers,elsevier,0
cancers,psycholinguistic,0
cancers,heterojunction,0
cancers,nitrogen-rich,0
cancers,tubes,0
cancers,chemical,0
cancers,liquid,0
cancers,graphitic,0
cancers,granger,0
cancers,mixed,0
cancers,excellent,0
cancers,capability,0
cancers,self-healing,0
cancers,dual-stimulus,0
cancers,smoothing,0
cancers,perform,0
cancers,households,0
cancers,strategy,0
cancers,viable,0
cancers,trna,0
cancers,cutting-thin,0
cancers,string,0
cancers,descriptor,0
cancers,explore,0
cancers,sgc,0
cancers,u-shaped,0
cancers,couplings,0
cancers,pressure,0
cancers,f-score,0
cancers,graphs,0
cancers,requirement,0
cancers,numerous,0
cancers,separation,0
cancers,topologically,0
cancers,wavelengths,0
cancers,sets,0
cancers,simultaneously,0
cancers,markers,0
cancers,n-acetyltransferase,0
cancers,holes,0
cancers,resulting,0
cancers,photocatalyst,0
cancers,investigations,0
cancers,trypanosoma,0
cancers,sciences,0
cancers,medica,0
cancers,plant,0
cancers,transformers,0
cancers,harmful,0
cancers,videos,0
cancers,years,0
cancers,language,0
cancers,theory,0
cancers,leading,0
cancers,rely,0
cancers,decisions,0
cancers,heavily,0
cancers,hemisphere,0
cancers,gps,0
cancers,obu,0
cancers,material,0
cancers,heparin,0
cancers,relation,0
cancers,typically,0
cancers,firstly,0
cancers,understanding,0
cancers,imdb,0
cancers,kitti,0
cancers,s-triazine,0
cancers,mscoco,0
cancers,heterogeneous,0
cancers,cnn,0
cancers,sites,0
cancers,cloud,0
cancers,points,0
cancers,efficiency,0
cancers,photoreduction,0
cancers,ethereum,0
cancers,lstm,0
cancers,smiles,0
cancers,catalysts,0
cancers,technologies,0
cancers,capacity,0
cancers,svm,0
cancers,knn,0
cancers,softmax,0
cancers,chloroform,0
cancers,formed,0
cancers,escherichia,0
cancers,euclidean,0
cancers,patient,0
cancers,rnas,0
cancers,fourier,0
cancers,initiative,0
cancers,pca,0
cancers,decades,0
cancers,recently,0
cancers,fixation,0
cancers,molecules,0
cancers,molecule,0
cancers,ntu,0
cancers,unsupervised,0
cancers,secure,0
cancers,nlp,0
cancers,words,0
cancers,transformer,0
cancers,water,0
cancers,wiki,0
cancers,nanosized,0
cancers,surge,0
cancers,data-driven,0
cancers,kinetics,0
cancers,dft,0
cancers,skeleton,0
cancers,vehicle,0
cancers,guided,0
cancers,end,0
cancers,layer,0
cancers,subgraph,0
cancers,ftir,0
cancers,xps,0
cancers,skeleton-based,0
cancers,euler,0
cancers,skeletongait,0
cancers,graph-based,0
cancers,dependencies,0
cancers,metsulfuron,0
cancers,gcaru,0
cancers,probability,0
cancers,methodology,0
cancers,spatial,0
cancers,pubmed,0
cancers,sentiments,0
cancers,electron,0
cancers,kinetoplastid,0
cancers,unconventional,0
cancers,cgcnimp,0
cancers,optimization,0
cancers,relationships,0
cancers,representation,0
cancers,fenton,0
cancers,generative,0
cancers,dmax,0
cancers,unifying,0
cancers,embeddings,0
cancers,laplacian,0
cancers,topic,0
cancers,updated,0
cancers,global,0
cancers,u-net,0
cancers,supervised,0
cancers,error,0
cancers,works,0
cancers,capture,0
cancers,showed,0
cancers,psf,0
cancers,presentation,0
cancers,indonesia,0
cancers,pooling,0
cancers,dataset,0
cancers,intratesticular,0
cancers,key,0
cancers,technique,0
cancers,factors,0
cancers,propagation,0
cancers,daily,0
cancers,learn,0
cancers,neighbor,0
cancers,evolution,0
cancers,cfz,0
cancers,single-granular,0
cancers,optical,0
cancers,focus,0
cancers,desirable,0
cancers,representations,0
cancers,introduce,0
cancers,user,0
cancers,management,0
cancers,set,0
cancers,fully,0
cancers,tumor,0
cancers,dense,0
cancers,convolution,0
cancers,ternary,0
cancers,sparsity,0
cancers,faces,0
cancers,static,0
cancers,surface,0
cancers,temporal,0
cancers,identification,0
cancers,predicting,0
cancers,validate,0
cancers,gat,0
cancers,spatial-temporal,0
cancers,layers,0
cancers,energy,0
cancers,step,0
cancers,machine,0
cancers,traffic,0
cancers,communication,0
cancers,synthetic,0
cancers,real,0
cancers,visual,0
cancers,layouts,0
cancers,remote,0
cancers,splitting,0
cancers,parameters,0
cancers,rgb,0
cancers,improved,0
cancers,large,0
cancers,processing,0
cancers,conditions,0
cancers,employed,0
cancers,include,0
cancers,captures,0
cancers,learns,0
cancers,embedding,0
cancers,photocatalytic,0
cancers,success,0
cancers,cases,0
cancers,variation,0
cancers,identifying,0
cancers,reactions,0
cancers,memory,0
cancers,unit,0
cancers,gated,0
cancers,field,0
cancers,correction,0
cancers,constructing,0
cancers,great,0
cancers,light,0
cancers,multi-scale,0
cancers,neighbors,0
cancers,progress,0
cancers,video,0
cancers,focuses,0
cancers,capturing,0
cancers,traditional,0
cancers,stability,0
cancers,designed,0
cancers,pollutants,0
cancers,diffusion,0
cancers,tree,0
cancers,motion,0
cancers,point,0
cancers,remarkable,0
cancers,center,0
hyperlinks,paper,0
hyperlinks,named,0
hyperlinks,method,0
hyperlinks,intuitively,0
hyperlinks,inferred,0
hyperlinks,variously,0
hyperlinks,interacts,0
hyperlinks,structure,0
hyperlinks,mikae,0
hyperlinks,lutea,0
hyperlinks,input,0
hyperlinks,ignore,0
hyperlinks,low-pass,0
hyperlinks,metal,0
hyperlinks,water-splitting,0
hyperlinks,nitride,0
hyperlinks,present,0
hyperlinks,literature,0
hyperlinks,rarely,0
hyperlinks,pharmacology,0
hyperlinks,published,0
hyperlinks,meiosis,0
hyperlinks,increasing,0
hyperlinks,reduced,0
hyperlinks,roofs,0
hyperlinks,independently,0
hyperlinks,obtained,0
hyperlinks,standards,0
hyperlinks,noise,0
hyperlinks,rna,0
hyperlinks,tcga,0
hyperlinks,pei-gcn,0
hyperlinks,proposes,0
hyperlinks,membranes,0
hyperlinks,models,0
hyperlinks,result,0
hyperlinks,pharmacological,0
hyperlinks,three-dimensional,0
hyperlinks,problem,0
hyperlinks,node,0
hyperlinks,limited,0
hyperlinks,recombination,0
hyperlinks,thousands,0
hyperlinks,owing,0
hyperlinks,roads,0
hyperlinks,tasks,0
hyperlinks,utilized,0
hyperlinks,process,0
hyperlinks,seoul,0
hyperlinks,proteins,0
hyperlinks,time-consuming,0
hyperlinks,prohibitively,0
hyperlinks,psycholinguistic,0
hyperlinks,nitrogen-rich,0
hyperlinks,tubes,0
hyperlinks,liquid,0
hyperlinks,mixed,0
hyperlinks,self-healing,0
hyperlinks,similar,0
hyperlinks,smoothing,0
hyperlinks,strategy,0
hyperlinks,presents,0
hyperlinks,viable,0
hyperlinks,trna,0
hyperlinks,string,0
hyperlinks,sgc,0
hyperlinks,u-shaped,0
hyperlinks,samples,0
hyperlinks,research,0
hyperlinks,pressure,0
hyperlinks,requirement,0
hyperlinks,numerous,0
hyperlinks,separation,0
hyperlinks,topologically,0
hyperlinks,wavelengths,0
hyperlinks,sets,0
hyperlinks,markers,0
hyperlinks,n-acetyltransferase,0
hyperlinks,resulting,0
hyperlinks,photocatalyst,0
hyperlinks,investigations,0
hyperlinks,trypanosoma,0
hyperlinks,sciences,0
hyperlinks,medica,0
hyperlinks,plant,0
hyperlinks,transformers,0
hyperlinks,videos,0
hyperlinks,language,0
hyperlinks,theory,0
hyperlinks,leading,0
hyperlinks,rely,0
hyperlinks,obu,0
hyperlinks,material,0
hyperlinks,relation,0
hyperlinks,relations,0
hyperlinks,typically,0
hyperlinks,understanding,0
hyperlinks,imdb,0
hyperlinks,kitti,0
hyperlinks,s-triazine,0
hyperlinks,mscoco,0
hyperlinks,sites,0
hyperlinks,points,0
hyperlinks,improve,0
hyperlinks,photoreduction,0
hyperlinks,lstm,0
hyperlinks,smiles,0
hyperlinks,technologies,0
hyperlinks,svm,0
hyperlinks,knn,0
hyperlinks,softmax,0
hyperlinks,patients,0
hyperlinks,patient,0
hyperlinks,similarity,0
hyperlinks,rnas,0
hyperlinks,initiative,0
hyperlinks,pca,0
hyperlinks,recently,0
hyperlinks,molecules,0
hyperlinks,molecule,0
hyperlinks,ntu,0
hyperlinks,unsupervised,0
hyperlinks,matthews,0
hyperlinks,secure,0
hyperlinks,nlp,0
hyperlinks,words,0
hyperlinks,transformer,0
hyperlinks,system,0
hyperlinks,water,0
hyperlinks,wiki,0
hyperlinks,nanosized,0
hyperlinks,surge,0
hyperlinks,kinetics,0
hyperlinks,skeleton,0
hyperlinks,vehicle,0
hyperlinks,layer,0
hyperlinks,results,0
hyperlinks,learning,0
hyperlinks,subgraph,0
hyperlinks,xps,0
hyperlinks,pose,0
hyperlinks,skeleton-based,0
hyperlinks,skeletongait,0
hyperlinks,informative,0
hyperlinks,metsulfuron,0
hyperlinks,meaningful,0
hyperlinks,revealed,0
hyperlinks,probability,0
hyperlinks,methodology,0
hyperlinks,pubmed,0
hyperlinks,sentiments,0
hyperlinks,role,0
hyperlinks,kinetoplastid,0
hyperlinks,unconventional,0
hyperlinks,mcc,0
hyperlinks,optimization,0
hyperlinks,relationships,0
hyperlinks,representation,0
hyperlinks,represent,0
hyperlinks,unifying,0
hyperlinks,laplacian,0
hyperlinks,topic,0
hyperlinks,updated,0
hyperlinks,local,0
hyperlinks,u-net,0
hyperlinks,supervised,0
hyperlinks,works,0
hyperlinks,showed,0
hyperlinks,psf,0
hyperlinks,optimal,0
hyperlinks,presentation,0
hyperlinks,indonesia,0
hyperlinks,pooling,0
hyperlinks,intratesticular,0
hyperlinks,key,0
hyperlinks,technique,0
hyperlinks,propagation,0
hyperlinks,time,0
hyperlinks,learn,0
hyperlinks,neighbor,0
hyperlinks,single-granular,0
hyperlinks,optical,0
hyperlinks,modalities,0
hyperlinks,module,0
hyperlinks,representations,0
hyperlinks,introduce,0
hyperlinks,user,0
hyperlinks,management,0
hyperlinks,set,0
hyperlinks,tumor,0
hyperlinks,target,0
hyperlinks,studies,0
hyperlinks,recognition,0
hyperlinks,identify,0
hyperlinks,multiple,0
hyperlinks,ternary,0
hyperlinks,trend,0
hyperlinks,sparsity,0
hyperlinks,static,0
hyperlinks,surface,0
hyperlinks,significant,0
hyperlinks,immune,0
hyperlinks,identification,0
hyperlinks,predicting,0
hyperlinks,number,0
hyperlinks,validate,0
hyperlinks,spatial-temporal,0
hyperlinks,single,0
hyperlinks,layers,0
hyperlinks,step,0
hyperlinks,machine,0
hyperlinks,traffic,0
hyperlinks,synthetic,0
hyperlinks,real,0
hyperlinks,visual,0
hyperlinks,layouts,0
hyperlinks,remote,0
hyperlinks,splitting,0
hyperlinks,parameters,0
hyperlinks,rgb,0
hyperlinks,improved,0
hyperlinks,show,0
hyperlinks,large,0
hyperlinks,processing,0
hyperlinks,previous,0
hyperlinks,pairs,0
hyperlinks,include,0
hyperlinks,learns,0
hyperlinks,photocatalytic,0
hyperlinks,structural,0
hyperlinks,success,0
hyperlinks,variation,0
hyperlinks,identifying,0
hyperlinks,important,0
hyperlinks,reactions,0
hyperlinks,memory,0
hyperlinks,light,0
hyperlinks,targets,0
hyperlinks,multi-scale,0
hyperlinks,utilization,0
hyperlinks,structures,0
hyperlinks,part,0
hyperlinks,progress,0
hyperlinks,video,0
hyperlinks,traditional,0
hyperlinks,stability,0
hyperlinks,sample,0
hyperlinks,pollutants,0
hyperlinks,tree,0
hyperlinks,motion,0
hyperlinks,types,0
hyperlinks,protein,0
hyperlinks,point,0
hyperlinks,reported,0
hyperlinks,remarkable,0
independently,inferred,0
independently,variously,0
independently,interacts,0
independently,mikae,0
independently,lutea,0
independently,low-pass,0
independently,metal,0
independently,water-splitting,0
independently,nitride,0
independently,rarely,0
independently,pharmacology,0
independently,meiosis,0
independently,reduced,0
independently,roofs,0
independently,standards,0
independently,tcga,0
independently,pei-gcn,0
independently,membranes,0
independently,three-dimensional,0
independently,recombination,0
independently,thousands,0
independently,owing,0
independently,seoul,0
independently,proteins,0
independently,time-consuming,0
independently,prohibitively,0
independently,psycholinguistic,0
independently,nitrogen-rich,0
independently,tubes,0
independently,liquid,0
independently,mixed,0
independently,self-healing,0
independently,presents,0
independently,viable,0
independently,trna,0
independently,string,0
independently,sgc,0
independently,u-shaped,0
independently,pressure,0
independently,requirement,0
independently,separation,0
independently,topologically,0
independently,wavelengths,0
independently,markers,0
independently,n-acetyltransferase,0
independently,resulting,0
independently,photocatalyst,0
independently,investigations,0
independently,sciences,0
independently,medica,0
independently,plant,0
independently,transformers,0
independently,videos,0
independently,theory,0
independently,obu,0
independently,material,0
independently,kitti,0
independently,s-triazine,0
independently,mscoco,0
independently,sites,0
independently,points,0
independently,photoreduction,0
independently,lstm,0
independently,smiles,0
independently,technologies,0
independently,svm,0
independently,knn,0
independently,softmax,0
independently,rnas,0
independently,pca,0
independently,molecule,0
independently,ntu,0
independently,unsupervised,0
independently,matthews,0
independently,secure,0
independently,transformer,0
independently,water,0
independently,wiki,0
independently,nanosized,0
independently,surge,0
independently,kinetics,0
independently,vehicle,0
independently,subgraph,0
independently,xps,0
independently,pose,0
independently,skeleton-based,0
independently,skeletongait,0
independently,metsulfuron,0
independently,revealed,0
independently,probability,0
independently,methodology,0
independently,pubmed,0
independently,sentiments,0
independently,kinetoplastid,0
independently,unconventional,0
independently,mcc,0
independently,relationships,0
independently,unifying,0
independently,topic,0
independently,u-net,0
independently,psf,0
independently,optimal,0
independently,presentation,0
independently,indonesia,0
independently,intratesticular,0
independently,neighbor,0
independently,single-granular,0
independently,optical,0
independently,management,0
independently,tumor,0
independently,target,0
independently,ternary,0
independently,trend,0
independently,sparsity,0
independently,static,0
independently,surface,0
independently,temporal,0
independently,spatial-temporal,0
independently,synthetic,0
independently,visual,0
independently,layouts,0
independently,remote,0
independently,splitting,0
independently,rgb,0
independently,pairs,0
independently,photocatalytic,0
independently,success,0
independently,variation,0
independently,reactions,0
independently,light,0
independently,multi-scale,0
independently,utilization,0
independently,part,0
independently,progress,0
independently,video,0
independently,stability,0
independently,sample,0
independently,pollutants,0
independently,tree,0
independently,motion,0
independently,point,0
independently,reported,0
independently,remarkable,0
differently,drug-drug,0
differently,named,0
differently,intuitively,0
differently,inferred,0
differently,variously,0
differently,wide,0
differently,dual,0
differently,interacts,0
differently,mikae,0
differently,eastern,0
differently,lutea,0
differently,input,0
differently,ignore,0
differently,low-pass,0
differently,metal,0
differently,water-splitting,0
differently,rarely,0
differently,pharmacology,0
differently,published,0
differently,generally,0
differently,meiosis,0
differently,increasing,0
differently,reduced,0
differently,gap,0
differently,roofs,0
differently,hyperlinks,0
differently,independently,0
differently,explicitly,0
differently,obtained,0
differently,generated,0
differently,systems,0
differently,standards,0
differently,noise,0
differently,extracting,0
differently,rna,0
differently,tcga,0
differently,pei-gcn,0
differently,gqa,0
differently,proposes,0
differently,membranes,0
differently,result,0
differently,pharmacological,0
differently,efficient,0
differently,three-dimensional,0
differently,node,0
differently,fast,0
differently,recombination,0
differently,real-world,0
differently,thousands,0
differently,hours,0
differently,owing,0
differently,roads,0
differently,tasks,0
differently,process,0
differently,seoul,0
differently,proteins,0
differently,encoded,0
differently,time-consuming,0
differently,prohibitively,0
differently,psycholinguistic,0
differently,heterojunction,0
differently,nitrogen-rich,0
differently,tubes,0
differently,liquid,0
differently,granger,0
differently,established,0
differently,mixed,0
differently,excellent,0
differently,self-healing,0
differently,dual-stimulus,0
differently,similar,0
differently,smoothing,0
differently,households,0
differently,strategy,0
differently,presents,0
differently,viable,0
differently,trna,0
differently,outperform,0
differently,string,0
differently,explore,0
differently,sgc,0
differently,u-shaped,0
differently,research,0
differently,pressure,0
differently,f-score,0
differently,requirement,0
differently,numerous,0
differently,separation,0
differently,topologically,0
differently,wavelengths,0
differently,sets,0
differently,simultaneously,0
differently,markers,0
differently,n-acetyltransferase,0
differently,holes,0
differently,resulting,0
differently,photocatalyst,0
differently,investigations,0
differently,trypanosoma,0
differently,sciences,0
differently,medica,0
differently,plant,0
differently,harmful,0
differently,videos,0
differently,years,0
differently,language,0
differently,theory,0
differently,leading,0
differently,rely,0
differently,heavily,0
differently,hemisphere,0
differently,gps,0
differently,obu,0
differently,gcns,0
differently,heparin,0
differently,typically,0
differently,firstly,0
differently,imdb,0
differently,kitti,0
differently,s-triazine,0
differently,mscoco,0
differently,heterogeneous,0
differently,sites,0
differently,points,0
differently,efficiency,0
differently,improve,0
differently,photoreduction,0
differently,ethereum,0
differently,lstm,0
differently,smiles,0
differently,technologies,0
differently,svm,0
differently,knn,0
differently,softmax,0
differently,formed,0
differently,escherichia,0
differently,euclidean,0
differently,patients,0
differently,patient,0
differently,similarity,0
differently,rnas,0
differently,initiative,0
differently,pca,0
differently,recently,0
differently,fixation,0
differently,molecules,0
differently,molecule,0
differently,ntu,0
differently,edges,0
differently,unsupervised,0
differently,matthews,0
differently,secure,0
differently,nlp,0
differently,transformer,0
differently,system,0
differently,water,0
differently,wiki,0
differently,nanosized,0
differently,surge,0
differently,kinetics,0
differently,skeleton,0
differently,framework,0
differently,vehicle,0
differently,guided,0
differently,end,0
differently,learning,0
differently,subgraph,0
differently,pose,0
differently,skeleton-based,0
differently,euler,0
differently,skeletongait,0
differently,informative,0
differently,metsulfuron,0
differently,meaningful,0
differently,revealed,0
differently,gcaru,0
differently,probability,0
differently,pubmed,0
differently,sentiments,0
differently,kinetoplastid,0
differently,unconventional,0
differently,mcc,0
differently,optimization,0
differently,relationships,0
differently,represent,0
differently,fenton,0
differently,generative,0
differently,dmax,0
differently,unifying,0
differently,embeddings,0
differently,laplacian,0
differently,topic,0
differently,updated,0
differently,global,0
differently,local,0
differently,u-net,0
differently,supervised,0
differently,works,0
differently,generate,0
differently,showed,0
differently,psf,0
differently,optimal,0
differently,presentation,0
differently,indonesia,0
differently,intratesticular,0
differently,human,0
differently,technique,0
differently,propagation,0
differently,neighbor,0
differently,evolution,0
differently,single-granular,0
differently,modalities,0
differently,expression,0
differently,user,0
differently,management,0
differently,predict,0
differently,feature,0
differently,fully,0
differently,tumor,0
differently,studies,0
differently,recognition,0
differently,identify,0
differently,ternary,0
differently,trend,0
differently,faces,0
differently,recent,0
differently,static,0
differently,gene,0
differently,significant,0
differently,immune,0
differently,identification,0
differently,predicting,0
differently,number,0
differently,validate,0
differently,gat,0
differently,single,0
differently,layers,0
differently,step,0
differently,machine,0
differently,traffic,0
differently,synthetic,0
differently,real,0
differently,visual,0
differently,layouts,0
differently,remote,0
differently,splitting,0
differently,rgb,0
differently,improved,0
differently,show,0
differently,large,0
differently,processing,0
differently,pairs,0
differently,include,0
differently,learns,0
differently,embedding,0
differently,success,0
differently,identifying,0
differently,reactions,0
differently,memory,0
differently,unit,0
differently,gated,0
differently,patterns,0
differently,great,0
differently,functions,0
differently,targets,0
differently,multi-scale,0
differently,utilization,0
differently,structures,0
differently,neighbors,0
differently,part,0
differently,progress,0
differently,focuses,0
differently,traditional,0
differently,diffusion,0
differently,tree,0
differently,motion,0
differently,types,0
differently,protein,0
differently,point,0
differently,reported,0
differently,remarkable,0
explicitly,intuitively,0
explicitly,inferred,0
explicitly,variously,0
explicitly,wide,0
explicitly,interacts,0
explicitly,mikae,0
explicitly,lutea,0
explicitly,low-pass,0
explicitly,metal,0
explicitly,water-splitting,0
explicitly,nitride,0
explicitly,rarely,0
explicitly,pharmacology,0
explicitly,meiosis,0
explicitly,increasing,0
explicitly,reduced,0
explicitly,roofs,0
explicitly,hyperlinks,0
explicitly,obtained,0
explicitly,standards,0
explicitly,rna,0
explicitly,tcga,0
explicitly,pei-gcn,0
explicitly,gqa,0
explicitly,membranes,0
explicitly,pharmacological,0
explicitly,three-dimensional,0
explicitly,fast,0
explicitly,recombination,0
explicitly,thousands,0
explicitly,hours,0
explicitly,owing,0
explicitly,roads,0
explicitly,seoul,0
explicitly,proteins,0
explicitly,time-consuming,0
explicitly,prohibitively,0
explicitly,psycholinguistic,0
explicitly,heterojunction,0
explicitly,nitrogen-rich,0
explicitly,tubes,0
explicitly,liquid,0
explicitly,graphitic,0
explicitly,granger,0
explicitly,mixed,0
explicitly,self-healing,0
explicitly,smoothing,0
explicitly,presents,0
explicitly,trna,0
explicitly,string,0
explicitly,u-shaped,0
explicitly,pressure,0
explicitly,f-score,0
explicitly,requirement,0
explicitly,separation,0
explicitly,topologically,0
explicitly,wavelengths,0
explicitly,markers,0
explicitly,n-acetyltransferase,0
explicitly,holes,0
explicitly,photocatalyst,0
explicitly,investigations,0
explicitly,trypanosoma,0
explicitly,sciences,0
explicitly,medica,0
explicitly,plant,0
explicitly,harmful,0
explicitly,videos,0
explicitly,years,0
explicitly,rely,0
explicitly,heavily,0
explicitly,hemisphere,0
explicitly,gps,0
explicitly,obu,0
explicitly,material,0
explicitly,heparin,0
explicitly,imdb,0
explicitly,kitti,0
explicitly,s-triazine,0
explicitly,sites,0
explicitly,points,0
explicitly,photoreduction,0
explicitly,smiles,0
explicitly,technologies,0
explicitly,svm,0
explicitly,knn,0
explicitly,formed,0
explicitly,patients,0
explicitly,patient,0
explicitly,rnas,0
explicitly,fourier,0
explicitly,initiative,0
explicitly,fixation,0
explicitly,molecules,0
explicitly,molecule,0
explicitly,unsupervised,0
explicitly,secure,0
explicitly,wiki,0
explicitly,nanosized,0
explicitly,vehicle,0
explicitly,subgraph,0
explicitly,ftir,0
explicitly,xps,0
explicitly,pose,0
explicitly,skeletongait,0
explicitly,metsulfuron,0
explicitly,revealed,0
explicitly,gcaru,0
explicitly,probability,0
explicitly,pubmed,0
explicitly,kinetoplastid,0
explicitly,unconventional,0
explicitly,fenton,0
explicitly,generative,0
explicitly,unifying,0
explicitly,laplacian,0
explicitly,topic,0
explicitly,updated,0
explicitly,u-net,0
explicitly,psf,0
explicitly,presentation,0
explicitly,indonesia,0
explicitly,intratesticular,0
explicitly,technique,0
explicitly,factors,0
explicitly,single-granular,0
explicitly,optical,0
explicitly,modalities,0
explicitly,expression,0
explicitly,management,0
explicitly,tumor,0
explicitly,ternary,0
explicitly,trend,0
explicitly,surface,0
explicitly,immune,0
explicitly,identification,0
explicitly,gat,0
explicitly,synthetic,0
explicitly,layouts,0
explicitly,splitting,0
explicitly,include,0
explicitly,photocatalytic,0
explicitly,success,0
explicitly,variation,0
explicitly,reactions,0
explicitly,gated,0
explicitly,field,0
explicitly,light,0
explicitly,targets,0
explicitly,utilization,0
explicitly,video,0
explicitly,focuses,0
explicitly,stability,0
explicitly,pollutants,0
explicitly,protein,0
explicitly,point,0
explicitly,reported,0
explicitly,remarkable,0
attention,variously,0
attention,interacts,0
attention,mikae,0
attention,eastern,0
attention,bulbosa,0
attention,colomatta,0
attention,lutea,0
attention,cocatalyst-free,0
attention,water-splitting,0
attention,concentrated,0
attention,pharmacology,0
attention,meiosis,0
attention,roofs,0
attention,cancers,0
attention,hyperlinks,0
attention,pei-gcn,0
attention,gqa,0
attention,pharmacological,0
attention,dempster-shafer,0
attention,hours,0
attention,determination,0
attention,seoul,0
attention,prohibitively,0
attention,psycholinguistic,0
attention,nitrogen-rich,0
attention,tubes,0
attention,granger,0
attention,self-healing,0
attention,dual-stimulus,0
attention,households,0
attention,trna,0
attention,cutting-thin,0
attention,pressure,0
attention,f-score,0
attention,topologically,0
attention,wavelengths,0
attention,markers,0
attention,n-acetyltransferase,0
attention,trypanosoma,0
attention,sciences,0
attention,medica,0
attention,hemisphere,0
attention,heparin,0
attention,s-triazine,0
attention,photoreduction,0
attention,catalysts,0
attention,chloroform,0
attention,escherichia,0
attention,pca,0
attention,fixation,0
attention,matthews,0
attention,wiki,0
attention,nanosized,0
attention,dft,0
attention,euler,0
attention,skeletongait,0
attention,metsulfuron,0
attention,sentiments,0
attention,kinetoplastid,0
attention,unconventional,0
attention,cgcnimp,0
attention,mcc,0
attention,auprc,0
attention,fenton,0
attention,dmax,0
attention,psf,0
attention,presentation,0
attention,indonesia,0
attention,intratesticular,0
attention,cfz,0
attention,single-granular,0
attention,desirable,0
attention,correction,0
attention,band,0
obtained,variously,0
obtained,water-splitting,0
obtained,pharmacology,0
obtained,roofs,0
obtained,rna,0
obtained,pei-gcn,0
obtained,pharmacological,0
obtained,seoul,0
obtained,prohibitively,0
obtained,psycholinguistic,0
obtained,tubes,0
obtained,self-healing,0
obtained,smoothing,0
obtained,viable,0
obtained,trna,0
obtained,string,0
obtained,u-shaped,0
obtained,requirement,0
obtained,topologically,0
obtained,wavelengths,0
obtained,trypanosoma,0
obtained,obu,0
obtained,s-triazine,0
obtained,secure,0
obtained,wiki,0
obtained,surge,0
obtained,skeleton-based,0
obtained,skeletongait,0
obtained,sentiments,0
obtained,unconventional,0
obtained,unifying,0
obtained,psf,0
obtained,single-granular,0
obtained,trend,0
generated,intuitively,0
generated,inferred,0
generated,variously,0
generated,interacts,0
generated,mikae,0
generated,lutea,0
generated,low-pass,0
generated,metal,0
generated,water-splitting,0
generated,rarely,0
generated,pharmacology,0
generated,meiosis,0
generated,roofs,0
generated,hyperlinks,0
generated,tcga,0
generated,gqa,0
generated,pharmacological,0
generated,recombination,0
generated,thousands,0
generated,hours,0
generated,roads,0
generated,seoul,0
generated,prohibitively,0
generated,psycholinguistic,0
generated,nitrogen-rich,0
generated,tubes,0
generated,liquid,0
generated,granger,0
generated,self-healing,0
generated,trna,0
generated,string,0
generated,u-shaped,0
generated,topologically,0
generated,wavelengths,0
generated,markers,0
generated,n-acetyltransferase,0
generated,sciences,0
generated,medica,0
generated,plant,0
generated,transformers,0
generated,harmful,0
generated,hemisphere,0
generated,gps,0
generated,obu,0
generated,heparin,0
generated,imdb,0
generated,kitti,0
generated,s-triazine,0
generated,mscoco,0
generated,photoreduction,0
generated,technologies,0
generated,knn,0
generated,softmax,0
generated,patient,0
generated,initiative,0
generated,pca,0
generated,ntu,0
generated,matthews,0
generated,water,0
generated,wiki,0
generated,nanosized,0
generated,surge,0
generated,kinetics,0
generated,guided,0
generated,skeletongait,0
generated,informative,0
generated,metsulfuron,0
generated,pubmed,0
generated,sentiments,0
generated,kinetoplastid,0
generated,unconventional,0
generated,mcc,0
generated,unifying,0
generated,laplacian,0
generated,u-net,0
generated,psf,0
generated,presentation,0
generated,indonesia,0
generated,intratesticular,0
generated,neighbor,0
generated,single-granular,0
generated,trend,0
generated,immune,0
generated,splitting,0
generated,rgb,0
generated,include,0
generated,variation,0
generated,utilization,0
generated,motion,0
continuation,drug-drug,0
continuation,paper,0
continuation,named,0
continuation,method,0
continuation,intuitively,0
continuation,inferred,0
continuation,variously,0
continuation,wide,0
continuation,specifically,0
continuation,demonstrates,0
continuation,dual,0
continuation,interacts,0
continuation,structure,0
continuation,mikae,0
continuation,eastern,0
continuation,lutea,0
continuation,input,0
continuation,ignore,0
continuation,graph,0
continuation,low-pass,0
continuation,metal,0
continuation,water-splitting,0
continuation,nitride,0
continuation,present,0
continuation,literature,0
continuation,rarely,0
continuation,extract,0
continuation,pharmacology,0
continuation,published,0
continuation,curated,0
continuation,generally,0
continuation,meiosis,0
continuation,increasing,0
continuation,reduced,0
continuation,gap,0
continuation,developed,0
continuation,roofs,0
continuation,hyperlinks,0
continuation,independently,0
continuation,differently,0
continuation,explicitly,0
continuation,obtained,0
continuation,generated,0
continuation,network,0
continuation,standards,0
continuation,networks,0
continuation,noise,0
continuation,extracting,0
continuation,rna,0
continuation,tcga,0
continuation,pei-gcn,0
continuation,gqa,0
continuation,proposes,0
continuation,critical,0
continuation,membranes,0
continuation,models,0
continuation,result,0
continuation,pharmacological,0
continuation,efficient,0
continuation,three-dimensional,0
continuation,problem,0
continuation,node,0
continuation,limited,0
continuation,fast,0
continuation,recombination,0
continuation,real-world,0
continuation,dempster-shafer,0
continuation,thousands,0
continuation,hours,0
continuation,owing,0
continuation,roads,0
continuation,tasks,0
continuation,utilized,0
continuation,determination,0
continuation,seoul,0
continuation,proteins,0
continuation,encoded,0
continuation,time-consuming,0
continuation,experimental,0
continuation,prohibitively,0
continuation,elsevier,0
continuation,psycholinguistic,0
continuation,heterojunction,0
continuation,nitrogen-rich,0
continuation,tubes,0
continuation,liquid,0
continuation,work,0
continuation,graphitic,0
continuation,gcn,0
continuation,granger,0
continuation,nodes,0
continuation,established,0
continuation,mixed,0
continuation,excellent,0
continuation,self-healing,0
continuation,dual-stimulus,0
continuation,similar,0
continuation,smoothing,0
continuation,perform,0
continuation,households,0
continuation,strategy,0
continuation,presents,0
continuation,viable,0
continuation,trna,0
continuation,outperform,0
continuation,cutting-thin,0
continuation,string,0
continuation,descriptor,0
continuation,explore,0
continuation,sgc,0
continuation,u-shaped,0
continuation,samples,0
continuation,couplings,0
continuation,pressure,0
continuation,f-score,0
continuation,graphs,0
continuation,requirement,0
continuation,numerous,0
continuation,separation,0
continuation,topologically,0
continuation,wavelengths,0
continuation,sets,0
continuation,simultaneously,0
continuation,markers,0
continuation,n-acetyltransferase,0
continuation,holes,0
continuation,resulting,0
continuation,photocatalyst,0
continuation,investigations,0
continuation,trypanosoma,0
continuation,sciences,0
continuation,medica,0
continuation,plant,0
continuation,transformers,0
continuation,harmful,0
continuation,videos,0
continuation,features,0
continuation,years,0
continuation,language,0
continuation,theory,0
continuation,leading,0
continuation,rely,0
continuation,decisions,0
continuation,heavily,0
continuation,hemisphere,0
continuation,gps,0
continuation,obu,0
continuation,material,0
continuation,gcns,0
continuation,heparin,0
continuation,relation,0
continuation,relations,0
continuation,typically,0
continuation,firstly,0
continuation,understanding,0
continuation,imdb,0
continuation,kitti,0
continuation,convolutional,0
continuation,s-triazine,0
continuation,mscoco,0
continuation,heterogeneous,0
continuation,due,0
continuation,sites,0
continuation,points,0
continuation,efficiency,0
continuation,photoreduction,0
continuation,ethereum,0
continuation,lstm,0
continuation,smiles,0
continuation,technologies,0
continuation,svm,0
continuation,knn,0
continuation,softmax,0
continuation,formed,0
continuation,escherichia,0
continuation,euclidean,0
continuation,patients,0
continuation,patient,0
continuation,similarity,0
continuation,rnas,0
continuation,fourier,0
continuation,initiative,0
continuation,pca,0
continuation,decades,0
continuation,copy,0
continuation,recently,0
continuation,fixation,0
continuation,molecules,0
continuation,molecule,0
continuation,ntu,0
continuation,edges,0
continuation,unsupervised,0
continuation,matthews,0
continuation,secure,0
continuation,nlp,0
continuation,words,0
continuation,transformer,0
continuation,water,0
continuation,wiki,0
continuation,data,0
continuation,nanosized,0
continuation,effectively,0
continuation,surge,0
continuation,data-driven,0
continuation,kinetics,0
continuation,dft,0
continuation,skeleton,0
continuation,framework,0
continuation,vehicle,0
continuation,guided,0
continuation,layer,0
continuation,learning,0
continuation,subgraph,0
continuation,ftir,0
continuation,xps,0
continuation,pose,0
continuation,skeleton-based,0
continuation,euler,0
continuation,skeletongait,0
continuation,graph-based,0
continuation,informative,0
continuation,dependencies,0
continuation,proposed,0
continuation,metsulfuron,0
continuation,meaningful,0
continuation,revealed,0
continuation,gcaru,0
continuation,probability,0
continuation,methodology,0
continuation,spatial,0
continuation,pubmed,0
continuation,sentiments,0
continuation,electron,0
continuation,information,0
continuation,evaluation,0
continuation,role,0
continuation,kinetoplastid,0
continuation,unconventional,0
continuation,mcc,0
continuation,optimization,0
continuation,relationships,0
continuation,representation,0
continuation,represent,0
continuation,fenton,0
continuation,generative,0
continuation,dmax,0
continuation,unifying,0
continuation,embeddings,0
continuation,laplacian,0
continuation,topic,0
continuation,updated,0
continuation,global,0
continuation,local,0
continuation,deep,0
continuation,training,0
continuation,correlations,0
continuation,u-net,0
continuation,supervised,0
continuation,error,0
continuation,works,0
continuation,generate,0
continuation,showed,0
continuation,psf,0
continuation,optimal,0
continuation,presentation,0
continuation,indonesia,0
continuation,pooling,0
continuation,dataset,0
continuation,intratesticular,0
continuation,key,0
continuation,human,0
continuation,technique,0
continuation,prediction,0
continuation,propagation,0
continuation,daily,0
continuation,learn,0
continuation,neighbor,0
continuation,evolution,0
continuation,single-granular,0
continuation,optical,0
continuation,desirable,0
continuation,modalities,0
continuation,high,0
continuation,module,0
continuation,representations,0
continuation,introduce,0
continuation,neural,0
continuation,expression,0
continuation,management,0
continuation,predict,0
continuation,feature,0
continuation,set,0
continuation,fully,0
continuation,tumor,0
continuation,target,0
continuation,studies,0
continuation,dense,0
continuation,recognition,0
continuation,identify,0
continuation,convolution,0
continuation,multiple,0
continuation,ternary,0
continuation,trend,0
continuation,sparsity,0
continuation,faces,0
continuation,recent,0
continuation,static,0
continuation,gene,0
continuation,surface,0
continuation,significant,0
continuation,immune,0
continuation,knowledge,0
continuation,temporal,0
continuation,identification,0
continuation,predicting,0
continuation,validate,0
continuation,gat,0
continuation,spatial-temporal,0
continuation,single,0
continuation,interaction,0
continuation,layers,0
continuation,task,0
continuation,energy,0
continuation,step,0
continuation,machine,0
continuation,traffic,0
continuation,synthetic,0
continuation,visual,0
continuation,layouts,0
continuation,remote,0
continuation,splitting,0
continuation,parameters,0
continuation,rgb,0
continuation,improved,0
continuation,processing,0
continuation,previous,0
continuation,pairs,0
continuation,employed,0
continuation,include,0
continuation,learns,0
continuation,embedding,0
continuation,effective,0
continuation,photocatalytic,0
continuation,structural,0
continuation,success,0
continuation,variation,0
continuation,identifying,0
continuation,important,0
continuation,reactions,0
continuation,memory,0
continuation,unit,0
continuation,gated,0
continuation,patterns,0
continuation,field,0
continuation,correction,0
continuation,great,0
continuation,light,0
continuation,functions,0
continuation,targets,0
continuation,multi-scale,0
continuation,utilization,0
continuation,structures,0
continuation,neighbors,0
continuation,part,0
continuation,progress,0
continuation,video,0
continuation,focuses,0
continuation,traditional,0
continuation,stability,0
continuation,sample,0
continuation,designed,0
continuation,pollutants,0
continuation,diffusion,0
continuation,tree,0
continuation,motion,0
continuation,types,0
continuation,protein,0
continuation,point,0
continuation,reported,0
continuation,remarkable,0
systems,variously,0
systems,water-splitting,0
systems,tcga,0
systems,tubes,0
systems,u-shaped,0
systems,topologically,0
systems,wavelengths,0
systems,trypanosoma,0
systems,wiki,0
systems,xps,0
systems,unconventional,0
systems,unifying,0
systems,u-net,0
systems,ternary,0
network,variously,0
network,water-splitting,0
network,pharmacology,0
network,roofs,0
network,pei-gcn,0
network,seoul,0
network,nitrogen-rich,0
network,tubes,0
network,self-healing,0
network,trna,0
network,string,0
network,topologically,0
network,wavelengths,0
network,trypanosoma,0
network,s-triazine,0
network,photoreduction,0
network,unconventional,0
network,psf,0
standards,variously,0
standards,wide,0
standards,water-splitting,0
standards,tcga,0
standards,three-dimensional,0
standards,thousands,0
standards,tasks,0
standards,utilized,0
standards,time-consuming,0
standards,tubes,0
standards,strategy,0
standards,viable,0
standards,trna,0
standards,string,0
standards,topologically,0
standards,wavelengths,0
standards,trypanosoma,0
standards,transformers,0
standards,videos,0
standards,years,0
standards,theory,0
standards,typically,0
standards,understanding,0
standards,technologies,0
standards,svm,0
standards,unsupervised,0
standards,words,0
standards,transformer,0
standards,wiki,0
standards,surge,0
standards,vehicle,0
standards,subgraph,0
standards,unconventional,0
standards,unifying,0
standards,topic,0
standards,updated,0
standards,training,0
standards,supervised,0
standards,works,0
standards,technique,0
standards,user,0
standards,tumor,0
standards,studies,0
standards,ternary,0
standards,trend,0
standards,static,0
standards,temporal,0
standards,validate,0
standards,task,0
standards,step,0
standards,traffic,0
standards,synthetic,0
standards,visual,0
standards,structural,0
standards,success,0
standards,variation,0
standards,unit,0
standards,targets,0
standards,video,0
standards,tree,0
networks,variously,0
networks,water-splitting,0
networks,nitride,0
networks,pei-gcn,0
networks,recombination,0
networks,prohibitively,0
networks,psycholinguistic,0
networks,nitrogen-rich,0
networks,tubes,0
networks,trna,0
networks,topologically,0
networks,wavelengths,0
networks,photocatalyst,0
networks,trypanosoma,0
networks,sciences,0
networks,obu,0
networks,s-triazine,0
networks,photoreduction,0
networks,xps,0
networks,skeletongait,0
networks,unconventional,0
networks,psf,0
networks,photocatalytic,0
noise,variously,0
noise,water-splitting,0
noise,pharmacology,0
noise,roofs,0
noise,standards,0
noise,tcga,0
noise,pei-gcn,0
noise,pharmacological,0
noise,recombination,0
noise,thousands,0
noise,roads,0
noise,seoul,0
noise,proteins,0
noise,time-consuming,0
noise,prohibitively,0
noise,psycholinguistic,0
noise,tubes,0
noise,self-healing,0
noise,perform,0
noise,viable,0
noise,trna,0
noise,string,0
noise,sgc,0
noise,u-shaped,0
noise,pressure,0
noise,requirement,0
noise,separation,0
noise,topologically,0
noise,wavelengths,0
noise,photocatalyst,0
noise,trypanosoma,0
noise,sciences,0
noise,plant,0
noise,transformers,0
noise,rely,0
noise,obu,0
noise,typically,0
noise,s-triazine,0
noise,sites,0
noise,photoreduction,0
noise,smiles,0
noise,svm,0
noise,softmax,0
noise,patients,0
noise,rnas,0
noise,pca,0
noise,ntu,0
noise,secure,0
noise,water,0
noise,wiki,0
noise,surge,0
noise,xps,0
noise,skeletongait,0
noise,probability,0
noise,pubmed,0
noise,sentiments,0
noise,unconventional,0
noise,unifying,0
noise,updated,0
noise,psf,0
noise,presentation,0
noise,pooling,0
noise,single-granular,0
noise,ternary,0
noise,static,0
noise,surface,0
noise,synthetic,0
noise,splitting,0
noise,photocatalytic,0
noise,reactions,0
noise,targets,0
noise,pollutants,0
noise,protein,0
noise,reported,0
extracting,intuitively,0
extracting,inferred,0
extracting,variously,0
extracting,interacts,0
extracting,mikae,0
extracting,lutea,0
extracting,low-pass,0
extracting,metal,0
extracting,water-splitting,0
extracting,nitride,0
extracting,rarely,0
extracting,pharmacology,0
extracting,meiosis,0
extracting,roofs,0
extracting,hyperlinks,0
extracting,standards,0
extracting,noise,0
extracting,tcga,0
extracting,pei-gcn,0
extracting,gqa,0
extracting,membranes,0
extracting,pharmacological,0
extracting,fast,0
extracting,thousands,0
extracting,owing,0
extracting,seoul,0
extracting,prohibitively,0
extracting,psycholinguistic,0
extracting,heterojunction,0
extracting,nitrogen-rich,0
extracting,tubes,0
extracting,liquid,0
extracting,graphitic,0
extracting,granger,0
extracting,mixed,0
extracting,self-healing,0
extracting,similar,0
extracting,smoothing,0
extracting,viable,0
extracting,trna,0
extracting,string,0
extracting,sgc,0
extracting,pressure,0
extracting,f-score,0
extracting,requirement,0
extracting,topologically,0
extracting,wavelengths,0
extracting,markers,0
extracting,n-acetyltransferase,0
extracting,holes,0
extracting,photocatalyst,0
extracting,investigations,0
extracting,trypanosoma,0
extracting,sciences,0
extracting,medica,0
extracting,plant,0
extracting,harmful,0
extracting,heavily,0
extracting,hemisphere,0
extracting,gps,0
extracting,obu,0
extracting,material,0
extracting,heparin,0
extracting,typically,0
extracting,imdb,0
extracting,kitti,0
extracting,s-triazine,0
extracting,mscoco,0
extracting,sites,0
extracting,photoreduction,0
extracting,smiles,0
extracting,technologies,0
extracting,svm,0
extracting,knn,0
extracting,formed,0
extracting,fourier,0
extracting,pca,0
extracting,fixation,0
extracting,molecules,0
extracting,molecule,0
extracting,ntu,0
extracting,matthews,0
extracting,nlp,0
extracting,wiki,0
extracting,nanosized,0
extracting,guided,0
extracting,subgraph,0
extracting,ftir,0
extracting,xps,0
extracting,skeletongait,0
extracting,metsulfuron,0
extracting,revealed,0
extracting,gcaru,0
extracting,methodology,0
extracting,pubmed,0
extracting,sentiments,0
extracting,kinetoplastid,0
extracting,unconventional,0
extracting,mcc,0
extracting,optimization,0
extracting,fenton,0
extracting,unifying,0
extracting,laplacian,0
extracting,updated,0
extracting,showed,0
extracting,psf,0
extracting,presentation,0
extracting,indonesia,0
extracting,intratesticular,0
extracting,neighbor,0
extracting,single-granular,0
extracting,optical,0
extracting,target,0
extracting,ternary,0
extracting,sparsity,0
extracting,faces,0
extracting,immune,0
extracting,identification,0
extracting,synthetic,0
extracting,layouts,0
extracting,splitting,0
extracting,pairs,0
extracting,include,0
extracting,photocatalytic,0
extracting,identifying,0
extracting,light,0
extracting,targets,0
extracting,neighbors,0
extracting,part,0
extracting,stability,0
extracting,pollutants,0
extracting,tree,0
extracting,remarkable,0
rna,variously,0
rna,specifically,0
rna,water-splitting,0
rna,roofs,0
rna,systems,0
rna,standards,0
rna,tcga,0
rna,thousands,0
rna,roads,0
rna,tasks,0
rna,seoul,0
rna,tubes,0
rna,self-healing,0
rna,smoothing,0
rna,strategy,0
rna,viable,0
rna,trna,0
rna,string,0
rna,sgc,0
rna,u-shaped,0
rna,separation,0
rna,topologically,0
rna,wavelengths,0
rna,sets,0
rna,simultaneously,0
rna,sciences,0
rna,transformers,0
rna,videos,0
rna,theory,0
rna,typically,0
rna,s-triazine,0
rna,smiles,0
rna,svm,0
rna,softmax,0
rna,unsupervised,0
rna,secure,0
rna,words,0
rna,transformer,0
rna,water,0
rna,wiki,0
rna,surge,0
rna,skeleton,0
rna,vehicle,0
rna,subgraph,0
rna,xps,0
rna,skeleton-based,0
rna,skeletongait,0
rna,spatial,0
rna,sentiments,0
rna,unifying,0
rna,topic,0
rna,updated,0
rna,training,0
rna,u-net,0
rna,supervised,0
rna,works,0
rna,technique,0
rna,single-granular,0
rna,user,0
rna,tumor,0
rna,ternary,0
rna,trend,0
rna,sparsity,0
rna,static,0
rna,surface,0
rna,significant,0
rna,temporal,0
rna,validate,0
rna,spatial-temporal,0
rna,task,0
rna,traffic,0
rna,synthetic,0
rna,visual,0
rna,splitting,0
rna,success,0
rna,unit,0
rna,targets,0
rna,utilization,0
rna,video,0
rna,traditional,0
rna,stability,0
rna,sample,0
rna,tree,0
tcga,variously,0
tcga,wide,0
tcga,water-splitting,0
tcga,three-dimensional,0
tcga,thousands,0
tcga,utilized,0
tcga,time-consuming,0
tcga,tubes,0
tcga,viable,0
tcga,trna,0
tcga,u-shaped,0
tcga,topologically,0
tcga,wavelengths,0
tcga,trypanosoma,0
tcga,transformers,0
tcga,videos,0
tcga,years,0
tcga,typically,0
tcga,unsupervised,0
tcga,words,0
tcga,transformer,0
tcga,water,0
tcga,wiki,0
tcga,vehicle,0
tcga,xps,0
tcga,unconventional,0
tcga,unifying,0
tcga,topic,0
tcga,updated,0
tcga,u-net,0
tcga,works,0
tcga,technique,0
tcga,time,0
tcga,user,0
tcga,ternary,0
tcga,temporal,0
tcga,traffic,0
tcga,visual,0
tcga,variation,0
tcga,unit,0
tcga,utilization,0
tcga,video,0
tcga,traditional,0
tcga,tree,0
pei-gcn,variously,0
pei-gcn,wide,0
pei-gcn,specifically,0
pei-gcn,structure,0
pei-gcn,water-splitting,0
pei-gcn,present,0
pei-gcn,rarely,0
pei-gcn,pharmacology,0
pei-gcn,published,0
pei-gcn,reduced,0
pei-gcn,roofs,0
pei-gcn,systems,0
pei-gcn,standards,0
pei-gcn,rna,0
pei-gcn,tcga,0
pei-gcn,proposes,0
pei-gcn,result,0
pei-gcn,pharmacological,0
pei-gcn,three-dimensional,0
pei-gcn,problem,0
pei-gcn,performance,0
pei-gcn,recombination,0
pei-gcn,real-world,0
pei-gcn,thousands,0
pei-gcn,propose,0
pei-gcn,roads,0
pei-gcn,tasks,0
pei-gcn,utilized,0
pei-gcn,process,0
pei-gcn,seoul,0
pei-gcn,proteins,0
pei-gcn,time-consuming,0
pei-gcn,prohibitively,0
pei-gcn,psycholinguistic,0
pei-gcn,tubes,0
pei-gcn,self-healing,0
pei-gcn,similar,0
pei-gcn,smoothing,0
pei-gcn,perform,0
pei-gcn,study,0
pei-gcn,strategy,0
pei-gcn,presents,0
pei-gcn,viable,0
pei-gcn,trna,0
pei-gcn,string,0
pei-gcn,sgc,0
pei-gcn,u-shaped,0
pei-gcn,samples,0
pei-gcn,research,0
pei-gcn,requirement,0
pei-gcn,topologically,0
pei-gcn,wavelengths,0
pei-gcn,sets,0
pei-gcn,simultaneously,0
pei-gcn,resulting,0
pei-gcn,photocatalyst,0
pei-gcn,trypanosoma,0
pei-gcn,sciences,0
pei-gcn,plant,0
pei-gcn,transformers,0
pei-gcn,videos,0
pei-gcn,years,0
pei-gcn,theory,0
pei-gcn,rely,0
pei-gcn,relation,0
pei-gcn,relations,0
pei-gcn,typically,0
pei-gcn,understanding,0
pei-gcn,s-triazine,0
pei-gcn,sites,0
pei-gcn,points,0
pei-gcn,photoreduction,0
pei-gcn,smiles,0
pei-gcn,technologies,0
pei-gcn,svm,0
pei-gcn,softmax,0
pei-gcn,similarity,0
pei-gcn,rnas,0
pei-gcn,recently,0
pei-gcn,unsupervised,0
pei-gcn,secure,0
pei-gcn,words,0
pei-gcn,transformer,0
pei-gcn,system,0
pei-gcn,water,0
pei-gcn,wiki,0
pei-gcn,surge,0
pei-gcn,skeleton,0
pei-gcn,vehicle,0
pei-gcn,results,0
pei-gcn,subgraph,0
pei-gcn,xps,0
pei-gcn,pose,0
pei-gcn,skeleton-based,0
pei-gcn,skeletongait,0
pei-gcn,proposed,0
pei-gcn,revealed,0
pei-gcn,probability,0
pei-gcn,spatial,0
pei-gcn,pubmed,0
pei-gcn,sentiments,0
pei-gcn,role,0
pei-gcn,unconventional,0
pei-gcn,relationships,0
pei-gcn,representation,0
pei-gcn,represent,0
pei-gcn,unifying,0
pei-gcn,topic,0
pei-gcn,updated,0
pei-gcn,training,0
pei-gcn,u-net,0
pei-gcn,supervised,0
pei-gcn,works,0
pei-gcn,showed,0
pei-gcn,psf,0
pei-gcn,presentation,0
pei-gcn,pooling,0
pei-gcn,prediction,0
pei-gcn,propagation,0
pei-gcn,time,0
pei-gcn,single-granular,0
pei-gcn,representations,0
pei-gcn,user,0
pei-gcn,predict,0
pei-gcn,set,0
pei-gcn,tumor,0
pei-gcn,target,0
pei-gcn,studies,0
pei-gcn,recognition,0
pei-gcn,ternary,0
pei-gcn,trend,0
pei-gcn,sparsity,0
pei-gcn,recent,0
pei-gcn,static,0
pei-gcn,surface,0
pei-gcn,significant,0
pei-gcn,temporal,0
pei-gcn,predicting,0
pei-gcn,validate,0
pei-gcn,spatial-temporal,0
pei-gcn,single,0
pei-gcn,task,0
pei-gcn,step,0
pei-gcn,traffic,0
pei-gcn,synthetic,0
pei-gcn,real,0
pei-gcn,visual,0
pei-gcn,remote,0
pei-gcn,splitting,0
pei-gcn,rgb,0
pei-gcn,show,0
pei-gcn,processing,0
pei-gcn,previous,0
pei-gcn,structural,0
pei-gcn,success,0
pei-gcn,variation,0
pei-gcn,unit,0
pei-gcn,targets,0
pei-gcn,utilization,0
pei-gcn,structures,0
pei-gcn,progress,0
pei-gcn,video,0
pei-gcn,traditional,0
pei-gcn,stability,0
pei-gcn,sample,0
pei-gcn,pollutants,0
pei-gcn,tree,0
pei-gcn,types,0
pei-gcn,protein,0
pei-gcn,point,0
pei-gcn,reported,0
pei-gcn,remarkable,0
gqa,paper,0
gqa,named,0
gqa,method,0
gqa,intuitively,0
gqa,inferred,0
gqa,variously,0
gqa,wide,0
gqa,specifically,0
gqa,interacts,0
gqa,structure,0
gqa,mikae,0
gqa,lutea,0
gqa,input,0
gqa,ignore,0
gqa,low-pass,0
gqa,metal,0
gqa,water-splitting,0
gqa,nitride,0
gqa,present,0
gqa,literature,0
gqa,rarely,0
gqa,pharmacology,0
gqa,published,0
gqa,meiosis,0
gqa,increasing,0
gqa,reduced,0
gqa,roofs,0
gqa,hyperlinks,0
gqa,independently,0
gqa,systems,0
gqa,standards,0
gqa,noise,0
gqa,rna,0
gqa,tcga,0
gqa,pei-gcn,0
gqa,proposes,0
gqa,membranes,0
gqa,models,0
gqa,pharmacological,0
gqa,three-dimensional,0
gqa,problem,0
gqa,node,0
gqa,limited,0
gqa,recombination,0
gqa,real-world,0
gqa,thousands,0
gqa,hours,0
gqa,owing,0
gqa,propose,0
gqa,roads,0
gqa,utilized,0
gqa,process,0
gqa,seoul,0
gqa,proteins,0
gqa,time-consuming,0
gqa,prohibitively,0
gqa,psycholinguistic,0
gqa,heterojunction,0
gqa,nitrogen-rich,0
gqa,tubes,0
gqa,liquid,0
gqa,work,0
gqa,graphitic,0
gqa,granger,0
gqa,nodes,0
gqa,mixed,0
gqa,self-healing,0
gqa,smoothing,0
gqa,perform,0
gqa,households,0
gqa,strategy,0
gqa,presents,0
gqa,viable,0
gqa,trna,0
gqa,string,0
gqa,sgc,0
gqa,u-shaped,0
gqa,samples,0
gqa,research,0
gqa,pressure,0
gqa,graphs,0
gqa,requirement,0
gqa,numerous,0
gqa,separation,0
gqa,topologically,0
gqa,wavelengths,0
gqa,sets,0
gqa,simultaneously,0
gqa,markers,0
gqa,n-acetyltransferase,0
gqa,holes,0
gqa,resulting,0
gqa,photocatalyst,0
gqa,investigations,0
gqa,trypanosoma,0
gqa,sciences,0
gqa,medica,0
gqa,plant,0
gqa,transformers,0
gqa,harmful,0
gqa,videos,0
gqa,years,0
gqa,language,0
gqa,theory,0
gqa,leading,0
gqa,rely,0
gqa,heavily,0
gqa,hemisphere,0
gqa,obu,0
gqa,material,0
gqa,heparin,0
gqa,relation,0
gqa,relations,0
gqa,typically,0
gqa,understanding,0
gqa,imdb,0
gqa,kitti,0
gqa,s-triazine,0
gqa,mscoco,0
gqa,heterogeneous,0
gqa,model,0
gqa,sites,0
gqa,points,0
gqa,improve,0
gqa,photoreduction,0
gqa,lstm,0
gqa,smiles,0
gqa,technologies,0
gqa,svm,0
gqa,knn,0
gqa,softmax,0
gqa,patients,0
gqa,patient,0
gqa,similarity,0
gqa,rnas,0
gqa,initiative,0
gqa,pca,0
gqa,recently,0
gqa,molecules,0
gqa,molecule,0
gqa,ntu,0
gqa,unsupervised,0
gqa,matthews,0
gqa,secure,0
gqa,nlp,0
gqa,words,0
gqa,transformer,0
gqa,system,0
gqa,water,0
gqa,wiki,0
gqa,nanosized,0
gqa,surge,0
gqa,kinetics,0
gqa,skeleton,0
gqa,vehicle,0
gqa,guided,0
gqa,layer,0
gqa,learning,0
gqa,subgraph,0
gqa,xps,0
gqa,pose,0
gqa,skeleton-based,0
gqa,skeletongait,0
gqa,graph-based,0
gqa,informative,0
gqa,metsulfuron,0
gqa,meaningful,0
gqa,revealed,0
gqa,probability,0
gqa,methodology,0
gqa,pubmed,0
gqa,sentiments,0
gqa,information,0
gqa,role,0
gqa,kinetoplastid,0
gqa,unconventional,0
gqa,mcc,0
gqa,optimization,0
gqa,represent,0
gqa,unifying,0
gqa,laplacian,0
gqa,topic,0
gqa,updated,0
gqa,local,0
gqa,u-net,0
gqa,supervised,0
gqa,works,0
gqa,showed,0
gqa,psf,0
gqa,optimal,0
gqa,presentation,0
gqa,indonesia,0
gqa,pooling,0
gqa,intratesticular,0
gqa,key,0
gqa,human,0
gqa,technique,0
gqa,prediction,0
gqa,propagation,0
gqa,time,0
gqa,learn,0
gqa,neighbor,0
gqa,single-granular,0
gqa,optical,0
gqa,modalities,0
gqa,high,0
gqa,module,0
gqa,representations,0
gqa,introduce,0
gqa,user,0
gqa,management,0
gqa,predict,0
gqa,set,0
gqa,tumor,0
gqa,target,0
gqa,studies,0
gqa,recognition,0
gqa,identify,0
gqa,multiple,0
gqa,ternary,0
gqa,trend,0
gqa,sparsity,0
gqa,static,0
gqa,surface,0
gqa,significant,0
gqa,immune,0
gqa,knowledge,0
gqa,temporal,0
gqa,identification,0
gqa,predicting,0
gqa,number,0
gqa,validate,0
gqa,spatial-temporal,0
gqa,single,0
gqa,interaction,0
gqa,layers,0
gqa,task,0
gqa,step,0
gqa,machine,0
gqa,traffic,0
gqa,synthetic,0
gqa,real,0
gqa,layouts,0
gqa,remote,0
gqa,splitting,0
gqa,parameters,0
gqa,rgb,0
gqa,improved,0
gqa,show,0
gqa,large,0
gqa,processing,0
gqa,previous,0
gqa,pairs,0
gqa,include,0
gqa,learns,0
gqa,photocatalytic,0
gqa,structural,0
gqa,success,0
gqa,variation,0
gqa,identifying,0
gqa,important,0
gqa,reactions,0
gqa,memory,0
gqa,unit,0
gqa,patterns,0
gqa,great,0
gqa,light,0
gqa,targets,0
gqa,multi-scale,0
gqa,utilization,0
gqa,structures,0
gqa,neighbors,0
gqa,part,0
gqa,progress,0
gqa,video,0
gqa,traditional,0
gqa,stability,0
gqa,sample,0
gqa,pollutants,0
gqa,tree,0
gqa,motion,0
gqa,types,0
gqa,protein,0
gqa,point,0
gqa,reported,0
gqa,remarkable,0
proposes,variously,0
proposes,water-splitting,0
proposes,rarely,0
proposes,roofs,0
proposes,rna,0
proposes,seoul,0
proposes,psycholinguistic,0
proposes,tubes,0
proposes,self-healing,0
proposes,viable,0
proposes,trna,0
proposes,string,0
proposes,separation,0
proposes,topologically,0
proposes,wavelengths,0
proposes,trypanosoma,0
proposes,sciences,0
proposes,s-triazine,0
proposes,sites,0
proposes,smiles,0
proposes,svm,0
proposes,rnas,0
proposes,surge,0
proposes,xps,0
proposes,skeletongait,0
proposes,sentiments,0
proposes,unconventional,0
proposes,unifying,0
proposes,u-net,0
proposes,single-granular,0
proposes,splitting,0
proposes,reactions,0
assist,drug-drug,0
assist,intuitively,0
assist,inferred,0
assist,variously,0
assist,demonstrates,0
assist,dual,0
assist,interacts,0
assist,mikae,0
assist,eastern,0
assist,bulbosa,0
assist,colomatta,0
assist,lutea,0
assist,benefit,0
assist,connecting,0
assist,low-pass,0
assist,attributes,0
assist,metal,0
assist,cocatalyst-free,0
assist,water-splitting,0
assist,nitride,0
assist,rarely,0
assist,concentrated,0
assist,pharmacology,0
assist,curated,0
assist,generally,0
assist,common,0
assist,meiosis,0
assist,increasing,0
assist,reduced,0
assist,gap,0
assist,roofs,0
assist,cancers,0
assist,hyperlinks,0
assist,independently,0
assist,differently,0
assist,explicitly,0
assist,continuation,0
assist,standards,0
assist,noise,0
assist,rna,0
assist,tcga,0
assist,pei-gcn,0
assist,gqa,0
assist,critical,0
assist,membranes,0
assist,result,0
assist,beneficial,0
assist,pharmacological,0
assist,efficient,0
assist,three-dimensional,0
assist,node,0
assist,fast,0
assist,recombination,0
assist,dempster-shafer,0
assist,thousands,0
assist,roads,0
assist,utilized,0
assist,determination,0
assist,seoul,0
assist,proteins,0
assist,encoded,0
assist,prohibitively,0
assist,psycholinguistic,0
assist,attack,0
assist,heterojunction,0
assist,nitrogen-rich,0
assist,tubes,0
assist,chemical,0
assist,liquid,0
assist,graphitic,0
assist,granger,0
assist,established,0
assist,mixed,0
assist,self-healing,0
assist,dual-stimulus,0
assist,smoothing,0
assist,households,0
assist,presents,0
assist,viable,0
assist,trna,0
assist,outperform,0
assist,cutting-thin,0
assist,string,0
assist,descriptor,0
assist,explore,0
assist,sgc,0
assist,u-shaped,0
assist,samples,0
assist,couplings,0
assist,pressure,0
assist,f-score,0
assist,auc,0
assist,requirement,0
assist,numerous,0
assist,separation,0
assist,topologically,0
assist,wavelengths,0
assist,sets,0
assist,markers,0
assist,n-acetyltransferase,0
assist,holes,0
assist,resulting,0
assist,photocatalyst,0
assist,investigations,0
assist,trypanosoma,0
assist,sciences,0
assist,medica,0
assist,plant,0
assist,transformers,0
assist,harmful,0
assist,videos,0
assist,theory,0
assist,leading,0
assist,rely,0
assist,hemisphere,0
assist,gps,0
assist,obu,0
assist,material,0
assist,heparin,0
assist,relations,0
assist,typically,0
assist,understanding,0
assist,imdb,0
assist,kitti,0
assist,s-triazine,0
assist,mscoco,0
assist,sites,0
assist,cloud,0
assist,points,0
assist,photoreduction,0
assist,ethereum,0
assist,smiles,0
assist,catalysts,0
assist,technologies,0
assist,capacity,0
assist,svm,0
assist,knn,0
assist,softmax,0
assist,chloroform,0
assist,formed,0
assist,escherichia,0
assist,euclidean,0
assist,patient,0
assist,rnas,0
assist,fourier,0
assist,pca,0
assist,decades,0
assist,copy,0
assist,recently,0
assist,fixation,0
assist,molecules,0
assist,molecule,0
assist,ntu,0
assist,edges,0
assist,matthews,0
assist,secure,0
assist,nlp,0
assist,transformer,0
assist,water,0
assist,wiki,0
assist,nanosized,0
assist,surge,0
assist,data-driven,0
assist,kinetics,0
assist,dft,0
assist,skeleton,0
assist,canadian,0
assist,vehicle,0
assist,guided,0
assist,end,0
assist,layer,0
assist,subgraph,0
assist,ftir,0
assist,xps,0
assist,pose,0
assist,skeleton-based,0
assist,euler,0
assist,skeletongait,0
assist,graph-based,0
assist,informative,0
assist,metsulfuron,0
assist,revealed,0
assist,gcaru,0
assist,probability,0
assist,pubmed,0
assist,sentiments,0
assist,electron,0
assist,kinetoplastid,0
assist,unconventional,0
assist,cgcnimp,0
assist,mcc,0
assist,auroc,0
assist,auprc,0
assist,fenton,0
assist,generative,0
assist,dmax,0
assist,unifying,0
assist,laplacian,0
assist,updated,0
assist,training,0
assist,u-net,0
assist,supervised,0
assist,showed,0
assist,optimal,0
assist,presentation,0
assist,indonesia,0
assist,pooling,0
assist,intratesticular,0
assist,key,0
assist,technique,0
assist,daily,0
assist,evolution,0
assist,cfz,0
assist,single-granular,0
assist,optical,0
assist,desirable,0
assist,module,0
assist,expression,0
assist,tumor,0
assist,dense,0
assist,ternary,0
assist,faces,0
assist,static,0
assist,surface,0
assist,immune,0
assist,identification,0
assist,gat,0
assist,single,0
assist,interaction,0
assist,energy,0
assist,step,0
assist,machine,0
assist,communication,0
assist,synthetic,0
assist,visual,0
assist,layouts,0
assist,remote,0
assist,splitting,0
assist,parameters,0
assist,rgb,0
assist,improved,0
assist,conditions,0
assist,pairs,0
assist,include,0
assist,captures,0
assist,photocatalytic,0
assist,structural,0
assist,success,0
assist,cases,0
assist,variation,0
assist,identifying,0
assist,reactions,0
assist,unit,0
assist,gated,0
assist,field,0
assist,correction,0
assist,constructing,0
assist,light,0
assist,functions,0
assist,targets,0
assist,multi-scale,0
assist,utilization,0
assist,neighbors,0
assist,part,0
assist,capturing,0
assist,traditional,0
assist,behaviors,0
assist,diffusion,0
assist,tree,0
assist,motion,0
assist,protein,0
assist,point,0
assist,reported,0
assist,remarkable,0
assist,center,0
assist,bind,0
assist,band,0
critical,intuitively,0
critical,variously,0
critical,interacts,0
critical,mikae,0
critical,eastern,0
critical,lutea,0
critical,low-pass,0
critical,metal,0
critical,water-splitting,0
critical,rarely,0
critical,pharmacology,0
critical,curated,0
critical,meiosis,0
critical,roofs,0
critical,hyperlinks,0
critical,differently,0
critical,standards,0
critical,pei-gcn,0
critical,gqa,0
critical,membranes,0
critical,fast,0
critical,recombination,0
critical,dempster-shafer,0
critical,thousands,0
critical,owing,0
critical,seoul,0
critical,prohibitively,0
critical,psycholinguistic,0
critical,nitrogen-rich,0
critical,tubes,0
critical,liquid,0
critical,granger,0
critical,self-healing,0
critical,dual-stimulus,0
critical,households,0
critical,viable,0
critical,trna,0
critical,cutting-thin,0
critical,string,0
critical,sgc,0
critical,u-shaped,0
critical,pressure,0
critical,f-score,0
critical,topologically,0
critical,wavelengths,0
critical,markers,0
critical,n-acetyltransferase,0
critical,holes,0
critical,photocatalyst,0
critical,investigations,0
critical,trypanosoma,0
critical,sciences,0
critical,medica,0
critical,plant,0
critical,transformers,0
critical,harmful,0
critical,language,0
critical,gps,0
critical,obu,0
critical,material,0
critical,heparin,0
critical,imdb,0
critical,kitti,0
critical,s-triazine,0
critical,mscoco,0
critical,photoreduction,0
critical,ethereum,0
critical,smiles,0
critical,svm,0
critical,knn,0
critical,softmax,0
critical,formed,0
critical,escherichia,0
critical,rnas,0
critical,fourier,0
critical,pca,0
critical,decades,0
critical,fixation,0
critical,molecule,0
critical,ntu,0
critical,matthews,0
critical,nlp,0
critical,wiki,0
critical,nanosized,0
critical,dft,0
critical,ftir,0
critical,xps,0
critical,euler,0
critical,skeletongait,0
critical,metsulfuron,0
critical,revealed,0
critical,gcaru,0
critical,pubmed,0
critical,sentiments,0
critical,kinetoplastid,0
critical,unconventional,0
critical,mcc,0
critical,fenton,0
critical,dmax,0
critical,unifying,0
critical,laplacian,0
critical,topic,0
critical,updated,0
critical,psf,0
critical,presentation,0
critical,indonesia,0
critical,pooling,0
critical,intratesticular,0
critical,neighbor,0
critical,single-granular,0
critical,ternary,0
critical,sparsity,0
critical,static,0
critical,gat,0
critical,synthetic,0
critical,visual,0
critical,layouts,0
critical,splitting,0
critical,pairs,0
critical,reactions,0
critical,functions,0
critical,tree,0
critical,reported,0
assessment,drug-drug,0
assessment,intuitively,0
assessment,inferred,0
assessment,variously,0
assessment,wide,0
assessment,demonstrates,0
assessment,dual,0
assessment,interacts,0
assessment,mikae,0
assessment,eastern,0
assessment,bulbosa,0
assessment,colomatta,0
assessment,lutea,0
assessment,ignore,0
assessment,benefit,0
assessment,connecting,0
assessment,low-pass,0
assessment,cocatalyst-free,0
assessment,water-splitting,0
assessment,nitride,0
assessment,rarely,0
assessment,concentrated,0
assessment,pharmacology,0
assessment,published,0
assessment,curated,0
assessment,common,0
assessment,meiosis,0
assessment,increasing,0
assessment,reduced,0
assessment,gap,0
assessment,roofs,0
assessment,hyperlinks,0
assessment,independently,0
assessment,differently,0
assessment,continuation,0
assessment,standards,0
assessment,noise,0
assessment,tcga,0
assessment,pei-gcn,0
assessment,gqa,0
assessment,assist,0
assessment,membranes,0
assessment,result,0
assessment,beneficial,0
assessment,pharmacological,0
assessment,recombination,0
assessment,dempster-shafer,0
assessment,thousands,0
assessment,hours,0
assessment,owing,0
assessment,roads,0
assessment,determination,0
assessment,seoul,0
assessment,proteins,0
assessment,encoded,0
assessment,prohibitively,0
assessment,elsevier,0
assessment,psycholinguistic,0
assessment,attack,0
assessment,heterojunction,0
assessment,nitrogen-rich,0
assessment,tubes,0
assessment,liquid,0
assessment,graphitic,0
assessment,granger,0
assessment,mixed,0
assessment,self-healing,0
assessment,dual-stimulus,0
assessment,smoothing,0
assessment,households,0
assessment,presents,0
assessment,viable,0
assessment,trna,0
assessment,cutting-thin,0
assessment,string,0
assessment,descriptor,0
assessment,explore,0
assessment,sgc,0
assessment,u-shaped,0
assessment,couplings,0
assessment,pressure,0
assessment,f-score,0
assessment,auc,0
assessment,requirement,0
assessment,numerous,0
assessment,separation,0
assessment,topologically,0
assessment,wavelengths,0
assessment,sets,0
assessment,n-acetyltransferase,0
assessment,holes,0
assessment,photocatalyst,0
assessment,trypanosoma,0
assessment,medica,0
assessment,plant,0
assessment,transformers,0
assessment,years,0
assessment,theory,0
assessment,rely,0
assessment,decisions,0
assessment,heavily,0
assessment,hemisphere,0
assessment,gps,0
assessment,obu,0
assessment,heparin,0
assessment,relation,0
assessment,typically,0
assessment,firstly,0
assessment,imdb,0
assessment,kitti,0
assessment,s-triazine,0
assessment,mscoco,0
assessment,sites,0
assessment,cloud,0
assessment,points,0
assessment,efficiency,0
assessment,photoreduction,0
assessment,smiles,0
assessment,bidirectional,0
assessment,catalysts,0
assessment,svm,0
assessment,knn,0
assessment,chloroform,0
assessment,formed,0
assessment,escherichia,0
assessment,euclidean,0
assessment,fourier,0
assessment,initiative,0
assessment,pca,0
assessment,copy,0
assessment,fixation,0
assessment,molecules,0
assessment,molecule,0
assessment,ntu,0
assessment,edges,0
assessment,matthews,0
assessment,secure,0
assessment,nlp,0
assessment,words,0
assessment,transformer,0
assessment,wiki,0
assessment,nanosized,0
assessment,surge,0
assessment,kinetics,0
assessment,dft,0
assessment,canadian,0
assessment,guided,0
assessment,end,0
assessment,subgraph,0
assessment,ftir,0
assessment,xps,0
assessment,pose,0
assessment,skeleton-based,0
assessment,euler,0
assessment,skeletongait,0
assessment,informative,0
assessment,metsulfuron,0
assessment,revealed,0
assessment,gcaru,0
assessment,methodology,0
assessment,pubmed,0
assessment,sentiments,0
assessment,electron,0
assessment,role,0
assessment,kinetoplastid,0
assessment,unconventional,0
assessment,cgcnimp,0
assessment,mcc,0
assessment,auprc,0
assessment,optimization,0
assessment,fenton,0
assessment,dmax,0
assessment,unifying,0
assessment,embeddings,0
assessment,laplacian,0
assessment,topic,0
assessment,updated,0
assessment,u-net,0
assessment,works,0
assessment,psf,0
assessment,presentation,0
assessment,indonesia,0
assessment,intratesticular,0
assessment,key,0
assessment,factors,0
assessment,propagation,0
assessment,daily,0
assessment,neighbor,0
assessment,evolution,0
assessment,cfz,0
assessment,single-granular,0
assessment,optical,0
assessment,set,0
assessment,fully,0
assessment,tumor,0
assessment,ternary,0
assessment,trend,0
assessment,sparsity,0
assessment,gat,0
assessment,single,0
assessment,energy,0
assessment,machine,0
assessment,communication,0
assessment,layouts,0
assessment,splitting,0
assessment,parameters,0
assessment,rgb,0
assessment,processing,0
assessment,pairs,0
assessment,captures,0
assessment,learns,0
assessment,embedding,0
assessment,photocatalytic,0
assessment,success,0
assessment,cases,0
assessment,variation,0
assessment,identifying,0
assessment,correction,0
assessment,great,0
assessment,light,0
assessment,targets,0
assessment,multi-scale,0
assessment,neighbors,0
assessment,pollutants,0
assessment,diffusion,0
assessment,tree,0
assessment,point,0
assessment,reported,0
assessment,remarkable,0
assessment,center,0
assessment,bind,0
assessment,band,0
achieve,drug-drug,0
achieve,variously,0
achieve,interacts,0
achieve,mikae,0
achieve,eastern,0
achieve,bulbosa,0
achieve,colomatta,0
achieve,lutea,0
achieve,benefit,0
achieve,connecting,0
achieve,low-pass,0
achieve,metal,0
achieve,cocatalyst-free,0
achieve,water-splitting,0
achieve,concentrated,0
achieve,pharmacology,0
achieve,meiosis,0
achieve,roofs,0
achieve,hyperlinks,0
achieve,differently,0
achieve,continuation,0
achieve,standards,0
achieve,tcga,0
achieve,pei-gcn,0
achieve,gqa,0
achieve,membranes,0
achieve,pharmacological,0
achieve,recombination,0
achieve,dempster-shafer,0
achieve,alternatively,0
achieve,seoul,0
achieve,prohibitively,0
achieve,psycholinguistic,0
achieve,nitrogen-rich,0
achieve,tubes,0
achieve,liquid,0
achieve,granger,0
achieve,mixed,0
achieve,self-healing,0
achieve,dual-stimulus,0
achieve,smoothing,0
achieve,households,0
achieve,apartments,0
achieve,viable,0
achieve,trna,0
achieve,cutting-thin,0
achieve,string,0
achieve,couplings,0
achieve,f-score,0
achieve,topologically,0
achieve,wavelengths,0
achieve,markers,0
achieve,n-acetyltransferase,0
achieve,investigations,0
achieve,trypanosoma,0
achieve,sciences,0
achieve,medica,0
achieve,plant,0
achieve,achievement,0
achieve,hemisphere,0
achieve,material,0
achieve,heparin,0
achieve,artifact,0
achieve,s-triazine,0
achieve,mscoco,0
achieve,photoreduction,0
achieve,ethereum,0
achieve,smiles,0
achieve,catalysts,0
achieve,chloroform,0
achieve,formed,0
achieve,escherichia,0
achieve,fourier,0
achieve,pca,0
achieve,fixation,0
achieve,molecule,0
achieve,matthews,0
achieve,wiki,0
achieve,nanosized,0
achieve,surge,0
achieve,data-driven,0
achieve,dft,0
achieve,canadian,0
achieve,end,0
achieve,subgraph,0
achieve,ftir,0
achieve,skeletongait,0
achieve,metsulfuron,0
achieve,gcaru,0
achieve,sentiments,0
achieve,kinetoplastid,0
achieve,unconventional,0
achieve,cgcnimp,0
achieve,mcc,0
achieve,auroc,0
achieve,auprc,0
achieve,dmax,0
achieve,unifying,0
achieve,laplacian,0
achieve,psf,0
achieve,presentation,0
achieve,indonesia,0
achieve,intratesticular,0
achieve,aminoacyl,0
achieve,cfz,0
achieve,single-granular,0
achieve,desirable,0
achieve,ternary,0
achieve,immune,0
achieve,splitting,0
achieve,correction,0
achieve,adsorption,0
achieve,center,0
achieve,bind,0
achieve,band,0
membranes,paper,0
membranes,named,0
membranes,methods,0
membranes,variously,0
membranes,wide,0
membranes,specifically,0
membranes,mikae,0
membranes,metal,0
membranes,water-splitting,0
membranes,present,0
membranes,rarely,0
membranes,pharmacology,0
membranes,reduced,0
membranes,roofs,0
membranes,systems,0
membranes,standards,0
membranes,noise,0
membranes,rna,0
membranes,tcga,0
membranes,proposes,0
membranes,models,0
membranes,result,0
membranes,pharmacological,0
membranes,three-dimensional,0
membranes,problem,0
membranes,node,0
membranes,recombination,0
membranes,real-world,0
membranes,thousands,0
membranes,owing,0
membranes,propose,0
membranes,roads,0
membranes,tasks,0
membranes,utilized,0
membranes,seoul,0
membranes,time-consuming,0
membranes,prohibitively,0
membranes,psycholinguistic,0
membranes,nitrogen-rich,0
membranes,tubes,0
membranes,nodes,0
membranes,mixed,0
membranes,self-healing,0
membranes,similar,0
membranes,smoothing,0
membranes,perform,0
membranes,strategy,0
membranes,presents,0
membranes,viable,0
membranes,trna,0
membranes,outperform,0
membranes,string,0
membranes,sgc,0
membranes,u-shaped,0
membranes,samples,0
membranes,research,0
membranes,requirement,0
membranes,topologically,0
membranes,wavelengths,0
membranes,sets,0
membranes,simultaneously,0
membranes,n-acetyltransferase,0
membranes,resulting,0
membranes,trypanosoma,0
membranes,sciences,0
membranes,plant,0
membranes,transformers,0
membranes,videos,0
membranes,years,0
membranes,theory,0
membranes,rely,0
membranes,obu,0
membranes,relation,0
membranes,relations,0
membranes,typically,0
membranes,understanding,0
membranes,s-triazine,0
membranes,mscoco,0
membranes,model,0
membranes,sites,0
membranes,points,0
membranes,photoreduction,0
membranes,smiles,0
membranes,technologies,0
membranes,svm,0
membranes,softmax,0
membranes,patients,0
membranes,patient,0
membranes,similarity,0
membranes,rnas,0
membranes,pca,0
membranes,recently,0
membranes,molecules,0
membranes,ntu,0
membranes,unsupervised,0
membranes,secure,0
membranes,nlp,0
membranes,words,0
membranes,transformer,0
membranes,system,0
membranes,wiki,0
membranes,nanosized,0
membranes,surge,0
membranes,skeleton,0
membranes,vehicle,0
membranes,subgraph,0
membranes,xps,0
membranes,pose,0
membranes,skeleton-based,0
membranes,skeletongait,0
membranes,proposed,0
membranes,metsulfuron,0
membranes,probability,0
membranes,methodology,0
membranes,spatial,0
membranes,pubmed,0
membranes,sentiments,0
membranes,role,0
membranes,unconventional,0
membranes,optimization,0
membranes,representation,0
membranes,represent,0
membranes,unifying,0
membranes,topic,0
membranes,updated,0
membranes,training,0
membranes,u-net,0
membranes,supervised,0
membranes,works,0
membranes,psf,0
membranes,optimal,0
membranes,presentation,0
membranes,pooling,0
membranes,prediction,0
membranes,propagation,0
membranes,time,0
membranes,neighbor,0
membranes,single-granular,0
membranes,optical,0
membranes,modalities,0
membranes,representations,0
membranes,neural,0
membranes,user,0
membranes,predict,0
membranes,set,0
membranes,tumor,0
membranes,target,0
membranes,studies,0
membranes,recognition,0
membranes,multiple,0
membranes,ternary,0
membranes,trend,0
membranes,sparsity,0
membranes,recent,0
membranes,static,0
membranes,temporal,0
membranes,predicting,0
membranes,number,0
membranes,validate,0
membranes,spatial-temporal,0
membranes,single,0
membranes,task,0
membranes,step,0
membranes,traffic,0
membranes,synthetic,0
membranes,real,0
membranes,visual,0
membranes,remote,0
membranes,splitting,0
membranes,parameters,0
membranes,rgb,0
membranes,processing,0
membranes,previous,0
membranes,pairs,0
membranes,success,0
membranes,variation,0
membranes,memory,0
membranes,unit,0
membranes,targets,0
membranes,multi-scale,0
membranes,utilization,0
membranes,neighbors,0
membranes,part,0
membranes,progress,0
membranes,video,0
membranes,traditional,0
membranes,stability,0
membranes,sample,0
membranes,pollutants,0
membranes,tree,0
membranes,motion,0
membranes,types,0
membranes,point,0
membranes,reported,0
membranes,remarkable,0
applications,drug-drug,0
applications,intuitively,0
applications,variously,0
applications,interacts,0
applications,mikae,0
applications,eastern,0
applications,bulbosa,0
applications,colomatta,0
applications,lutea,0
applications,low-pass,0
applications,cocatalyst-free,0
applications,water-splitting,0
applications,pharmacology,0
applications,meiosis,0
applications,differently,0
applications,continuation,0
applications,standards,0
applications,tcga,0
applications,pei-gcn,0
applications,gqa,0
applications,membranes,0
applications,pharmacological,0
applications,seoul,0
applications,encoded,0
applications,prohibitively,0
applications,psycholinguistic,0
applications,nitrogen-rich,0
applications,tubes,0
applications,liquid,0
applications,self-healing,0
applications,dual-stimulus,0
applications,households,0
applications,viable,0
applications,trna,0
applications,cutting-thin,0
applications,string,0
applications,sgc,0
applications,u-shaped,0
applications,couplings,0
applications,pressure,0
applications,f-score,0
applications,topologically,0
applications,wavelengths,0
applications,markers,0
applications,n-acetyltransferase,0
applications,holes,0
applications,trypanosoma,0
applications,medica,0
applications,plant,0
applications,decisions,0
applications,heavily,0
applications,hemisphere,0
applications,gps,0
applications,obu,0
applications,heparin,0
applications,imdb,0
applications,kitti,0
applications,artifact,0
applications,s-triazine,0
applications,mscoco,0
applications,photoreduction,0
applications,ethereum,0
applications,smiles,0
applications,softmax,0
applications,chloroform,0
applications,formed,0
applications,escherichia,0
applications,fourier,0
applications,pca,0
applications,fixation,0
applications,ntu,0
applications,matthews,0
applications,secure,0
applications,wiki,0
applications,nanosized,0
applications,dft,0
applications,canadian,0
applications,ftir,0
applications,euler,0
applications,skeletongait,0
applications,metsulfuron,0
applications,gcaru,0
applications,pubmed,0
applications,sentiments,0
applications,kinetoplastid,0
applications,unconventional,0
applications,dmax,0
applications,laplacian,0
applications,psf,0
applications,presentation,0
applications,indonesia,0
applications,intratesticular,0
applications,cfz,0
applications,single-granular,0
applications,layouts,0
applications,splitting,0
applications,correction,0
applications,targets,0
applications,bind,0
applications,band,0
models,variously,0
models,water-splitting,0
models,nitride,0
models,roofs,0
models,standards,0
models,pei-gcn,0
models,nitrogen-rich,0
models,tubes,0
models,self-healing,0
models,trna,0
models,topologically,0
models,wavelengths,0
models,n-acetyltransferase,0
models,photocatalyst,0
models,trypanosoma,0
models,sciences,0
models,plant,0
models,s-triazine,0
models,mscoco,0
models,photoreduction,0
models,nanosized,0
models,xps,0
models,skeletongait,0
models,unconventional,0
models,unifying,0
models,psf,0
models,presentation,0
models,single-granular,0
models,ternary,0
models,splitting,0
models,photocatalytic,0
result,variously,0
result,water-splitting,0
result,roofs,0
result,tcga,0
result,three-dimensional,0
result,seoul,0
result,self-healing,0
result,smoothing,0
result,viable,0
result,trna,0
result,string,0
result,sgc,0
result,u-shaped,0
result,topologically,0
result,wavelengths,0
result,trypanosoma,0
result,transformers,0
result,s-triazine,0
result,sites,0
result,smiles,0
result,technologies,0
result,svm,0
result,rnas,0
result,secure,0
result,transformer,0
result,xps,0
result,skeletongait,0
result,unconventional,0
result,updated,0
result,u-net,0
result,tumor,0
result,ternary,0
result,trend,0
result,static,0
result,rgb,0
beneficial,named,0
beneficial,intuitively,0
beneficial,inferred,0
beneficial,variously,0
beneficial,dual,0
beneficial,interacts,0
beneficial,mikae,0
beneficial,eastern,0
beneficial,bulbosa,0
beneficial,colomatta,0
beneficial,lutea,0
beneficial,ignore,0
beneficial,benefit,0
beneficial,connecting,0
beneficial,low-pass,0
beneficial,metal,0
beneficial,cocatalyst-free,0
beneficial,water-splitting,0
beneficial,rarely,0
beneficial,concentrated,0
beneficial,curated,0
beneficial,generally,0
beneficial,meiosis,0
beneficial,reduced,0
beneficial,roofs,0
beneficial,cancers,0
beneficial,hyperlinks,0
beneficial,independently,0
beneficial,differently,0
beneficial,explicitly,0
beneficial,generated,0
beneficial,continuation,0
beneficial,standards,0
beneficial,extracting,0
beneficial,rna,0
beneficial,tcga,0
beneficial,pei-gcn,0
beneficial,gqa,0
beneficial,membranes,0
beneficial,three-dimensional,0
beneficial,node,0
beneficial,fast,0
beneficial,dempster-shafer,0
beneficial,thousands,0
beneficial,hours,0
beneficial,roads,0
beneficial,determination,0
beneficial,seoul,0
beneficial,proteins,0
beneficial,encoded,0
beneficial,prohibitively,0
beneficial,psycholinguistic,0
beneficial,liquid,0
beneficial,granger,0
beneficial,nodes,0
beneficial,established,0
beneficial,self-healing,0
beneficial,dual-stimulus,0
beneficial,similar,0
beneficial,smoothing,0
beneficial,households,0
beneficial,trna,0
beneficial,cutting-thin,0
beneficial,string,0
beneficial,descriptor,0
beneficial,sgc,0
beneficial,u-shaped,0
beneficial,samples,0
beneficial,couplings,0
beneficial,pressure,0
beneficial,f-score,0
beneficial,requirement,0
beneficial,topologically,0
beneficial,wavelengths,0
beneficial,markers,0
beneficial,n-acetyltransferase,0
beneficial,holes,0
beneficial,photocatalyst,0
beneficial,investigations,0
beneficial,trypanosoma,0
beneficial,sciences,0
beneficial,medica,0
beneficial,plant,0
beneficial,transformers,0
beneficial,language,0
beneficial,theory,0
beneficial,rely,0
beneficial,heavily,0
beneficial,hemisphere,0
beneficial,gps,0
beneficial,obu,0
beneficial,heparin,0
beneficial,relation,0
beneficial,relations,0
beneficial,typically,0
beneficial,firstly,0
beneficial,imdb,0
beneficial,kitti,0
beneficial,s-triazine,0
beneficial,mscoco,0
beneficial,cloud,0
beneficial,photoreduction,0
beneficial,ethereum,0
beneficial,lstm,0
beneficial,smiles,0
beneficial,bidirectional,0
beneficial,technologies,0
beneficial,svm,0
beneficial,knn,0
beneficial,softmax,0
beneficial,chloroform,0
beneficial,formed,0
beneficial,escherichia,0
beneficial,euclidean,0
beneficial,rnas,0
beneficial,fourier,0
beneficial,initiative,0
beneficial,pca,0
beneficial,decades,0
beneficial,copy,0
beneficial,fixation,0
beneficial,molecules,0
beneficial,molecule,0
beneficial,ntu,0
beneficial,edges,0
beneficial,unsupervised,0
beneficial,matthews,0
beneficial,secure,0
beneficial,nlp,0
beneficial,words,0
beneficial,transformer,0
beneficial,wiki,0
beneficial,surge,0
beneficial,data-driven,0
beneficial,kinetics,0
beneficial,dft,0
beneficial,skeleton,0
beneficial,canadian,0
beneficial,guided,0
beneficial,subgraph,0
beneficial,ftir,0
beneficial,pose,0
beneficial,skeleton-based,0
beneficial,euler,0
beneficial,skeletongait,0
beneficial,graph-based,0
beneficial,informative,0
beneficial,dependencies,0
beneficial,metsulfuron,0
beneficial,conduct,0
beneficial,meaningful,0
beneficial,gcaru,0
beneficial,probability,0
beneficial,pubmed,0
beneficial,sentiments,0
beneficial,kinetoplastid,0
beneficial,unconventional,0
beneficial,cgcnimp,0
beneficial,mcc,0
beneficial,represent,0
beneficial,fenton,0
beneficial,generative,0
beneficial,dmax,0
beneficial,unifying,0
beneficial,updated,0
beneficial,global,0
beneficial,correlations,0
beneficial,u-net,0
beneficial,error,0
beneficial,psf,0
beneficial,presentation,0
beneficial,indonesia,0
beneficial,pooling,0
beneficial,intratesticular,0
beneficial,technique,0
beneficial,daily,0
beneficial,neighbor,0
beneficial,cfz,0
beneficial,single-granular,0
beneficial,focus,0
beneficial,desirable,0
beneficial,modalities,0
beneficial,fully,0
beneficial,dense,0
beneficial,trend,0
beneficial,sparsity,0
beneficial,faces,0
beneficial,static,0
beneficial,significant,0
beneficial,immune,0
beneficial,gat,0
beneficial,spatial-temporal,0
beneficial,synthetic,0
beneficial,real,0
beneficial,visual,0
beneficial,layouts,0
beneficial,cells,0
beneficial,rgb,0
beneficial,processing,0
beneficial,employed,0
beneficial,include,0
beneficial,learns,0
beneficial,cases,0
beneficial,reactions,0
beneficial,memory,0
beneficial,correction,0
beneficial,constructing,0
beneficial,functions,0
beneficial,multi-scale,0
beneficial,utilization,0
beneficial,structures,0
beneficial,part,0
beneficial,progress,0
beneficial,video,0
beneficial,focuses,0
beneficial,capturing,0
beneficial,diffusion,0
beneficial,tree,0
beneficial,motion,0
beneficial,types,0
beneficial,reported,0
beneficial,bind,0
pharmacological,variously,0
pharmacological,structure,0
pharmacological,water-splitting,0
pharmacological,rarely,0
pharmacological,published,0
pharmacological,reduced,0
pharmacological,roofs,0
pharmacological,systems,0
pharmacological,standards,0
pharmacological,rna,0
pharmacological,tcga,0
pharmacological,proposes,0
pharmacological,three-dimensional,0
pharmacological,problem,0
pharmacological,recombination,0
pharmacological,real-world,0
pharmacological,thousands,0
pharmacological,propose,0
pharmacological,roads,0
pharmacological,utilized,0
pharmacological,process,0
pharmacological,seoul,0
pharmacological,prohibitively,0
pharmacological,psycholinguistic,0
pharmacological,tubes,0
pharmacological,self-healing,0
pharmacological,smoothing,0
pharmacological,study,0
pharmacological,strategy,0
pharmacological,presents,0
pharmacological,viable,0
pharmacological,trna,0
pharmacological,string,0
pharmacological,sgc,0
pharmacological,u-shaped,0
pharmacological,pressure,0
pharmacological,requirement,0
pharmacological,separation,0
pharmacological,topologically,0
pharmacological,wavelengths,0
pharmacological,sets,0
pharmacological,simultaneously,0
pharmacological,resulting,0
pharmacological,photocatalyst,0
pharmacological,trypanosoma,0
pharmacological,sciences,0
pharmacological,plant,0
pharmacological,transformers,0
pharmacological,videos,0
pharmacological,theory,0
pharmacological,rely,0
pharmacological,relation,0
pharmacological,relations,0
pharmacological,typically,0
pharmacological,understanding,0
pharmacological,s-triazine,0
pharmacological,sites,0
pharmacological,points,0
pharmacological,photoreduction,0
pharmacological,smiles,0
pharmacological,technologies,0
pharmacological,svm,0
pharmacological,softmax,0
pharmacological,similarity,0
pharmacological,rnas,0
pharmacological,recently,0
pharmacological,unsupervised,0
pharmacological,secure,0
pharmacological,words,0
pharmacological,water,0
pharmacological,wiki,0
pharmacological,surge,0
pharmacological,skeleton,0
pharmacological,vehicle,0
pharmacological,subgraph,0
pharmacological,xps,0
pharmacological,pose,0
pharmacological,skeleton-based,0
pharmacological,skeletongait,0
pharmacological,revealed,0
pharmacological,probability,0
pharmacological,spatial,0
pharmacological,pubmed,0
pharmacological,sentiments,0
pharmacological,role,0
pharmacological,unconventional,0
pharmacological,represent,0
pharmacological,unifying,0
pharmacological,updated,0
pharmacological,training,0
pharmacological,u-net,0
pharmacological,supervised,0
pharmacological,works,0
pharmacological,showed,0
pharmacological,psf,0
pharmacological,presentation,0
pharmacological,pooling,0
pharmacological,technique,0
pharmacological,propagation,0
pharmacological,time,0
pharmacological,single-granular,0
pharmacological,user,0
pharmacological,set,0
pharmacological,tumor,0
pharmacological,recognition,0
pharmacological,ternary,0
pharmacological,trend,0
pharmacological,sparsity,0
pharmacological,static,0
pharmacological,temporal,0
pharmacological,validate,0
pharmacological,spatial-temporal,0
pharmacological,single,0
pharmacological,traffic,0
pharmacological,synthetic,0
pharmacological,visual,0
pharmacological,remote,0
pharmacological,splitting,0
pharmacological,rgb,0
pharmacological,processing,0
pharmacological,previous,0
pharmacological,photocatalytic,0
pharmacological,structural,0
pharmacological,success,0
pharmacological,variation,0
pharmacological,reactions,0
pharmacological,unit,0
pharmacological,targets,0
pharmacological,utilization,0
pharmacological,structures,0
pharmacological,progress,0
pharmacological,video,0
pharmacological,traditional,0
pharmacological,sample,0
pharmacological,pollutants,0
pharmacological,tree,0
pharmacological,point,0
pharmacological,reported,0
pharmacological,remarkable,0
efficient,variously,0
efficient,interacts,0
efficient,mikae,0
efficient,lutea,0
efficient,low-pass,0
efficient,water-splitting,0
efficient,literature,0
efficient,rarely,0
efficient,pharmacology,0
efficient,meiosis,0
efficient,independently,0
efficient,gqa,0
efficient,pharmacological,0
efficient,thousands,0
efficient,hours,0
efficient,roads,0
efficient,seoul,0
efficient,encoded,0
efficient,prohibitively,0
efficient,psycholinguistic,0
efficient,nitrogen-rich,0
efficient,tubes,0
efficient,liquid,0
efficient,granger,0
efficient,self-healing,0
efficient,households,0
efficient,trna,0
efficient,string,0
efficient,u-shaped,0
efficient,topologically,0
efficient,wavelengths,0
efficient,markers,0
efficient,n-acetyltransferase,0
efficient,investigations,0
efficient,trypanosoma,0
efficient,sciences,0
efficient,medica,0
efficient,plant,0
efficient,hemisphere,0
efficient,gps,0
efficient,obu,0
efficient,heparin,0
efficient,imdb,0
efficient,kitti,0
efficient,s-triazine,0
efficient,mscoco,0
efficient,ethereum,0
efficient,smiles,0
efficient,svm,0
efficient,knn,0
efficient,softmax,0
efficient,escherichia,0
efficient,patients,0
efficient,patient,0
efficient,initiative,0
efficient,ntu,0
efficient,matthews,0
efficient,nlp,0
efficient,wiki,0
efficient,nanosized,0
efficient,euler,0
efficient,skeletongait,0
efficient,metsulfuron,0
efficient,meaningful,0
efficient,gcaru,0
efficient,pubmed,0
efficient,sentiments,0
efficient,kinetoplastid,0
efficient,unconventional,0
efficient,mcc,0
efficient,unifying,0
efficient,psf,0
efficient,presentation,0
efficient,indonesia,0
efficient,intratesticular,0
efficient,single-granular,0
efficient,gat,0
efficient,layouts,0
efficient,protein,0
efficient,reported,0
three-dimensional,variously,0
three-dimensional,wide,0
three-dimensional,water-splitting,0
three-dimensional,utilized,0
three-dimensional,time-consuming,0
three-dimensional,tubes,0
three-dimensional,work,0
three-dimensional,viable,0
three-dimensional,trna,0
three-dimensional,topologically,0
three-dimensional,wavelengths,0
three-dimensional,trypanosoma,0
three-dimensional,transformers,0
three-dimensional,videos,0
three-dimensional,years,0
three-dimensional,typically,0
three-dimensional,understanding,0
three-dimensional,unsupervised,0
three-dimensional,words,0
three-dimensional,transformer,0
three-dimensional,water,0
three-dimensional,wiki,0
three-dimensional,xps,0
three-dimensional,unconventional,0
three-dimensional,unifying,0
three-dimensional,topic,0
three-dimensional,updated,0
three-dimensional,user,0
three-dimensional,tumor,0
three-dimensional,trend,0
three-dimensional,validate,0
three-dimensional,traffic,0
three-dimensional,visual,0
three-dimensional,unit,0
three-dimensional,utilization,0
three-dimensional,tree,0
classification,drug-drug,0
classification,inferred,0
classification,variously,0
classification,mikae,0
classification,eastern,0
classification,colomatta,0
classification,lutea,0
classification,connecting,0
classification,cocatalyst-free,0
classification,water-splitting,0
classification,nitride,0
classification,pharmacology,0
classification,meiosis,0
classification,roofs,0
classification,hyperlinks,0
classification,continuation,0
classification,standards,0
classification,pei-gcn,0
classification,gqa,0
classification,membranes,0
classification,pharmacological,0
classification,recombination,0
classification,dempster-shafer,0
classification,hours,0
classification,roads,0
classification,determination,0
classification,seoul,0
classification,prohibitively,0
classification,psycholinguistic,0
classification,heterojunction,0
classification,nitrogen-rich,0
classification,tubes,0
classification,liquid,0
classification,graphitic,0
classification,granger,0
classification,self-healing,0
classification,dual-stimulus,0
classification,households,0
classification,viable,0
classification,trna,0
classification,cutting-thin,0
classification,string,0
classification,couplings,0
classification,pressure,0
classification,topologically,0
classification,wavelengths,0
classification,markers,0
classification,n-acetyltransferase,0
classification,holes,0
classification,photocatalyst,0
classification,investigations,0
classification,trypanosoma,0
classification,sciences,0
classification,medica,0
classification,plant,0
classification,harmful,0
classification,gps,0
classification,obu,0
classification,material,0
classification,heparin,0
classification,kitti,0
classification,s-triazine,0
classification,mscoco,0
classification,photoreduction,0
classification,smiles,0
classification,escherichia,0
classification,fourier,0
classification,fixation,0
classification,nanosized,0
classification,surge,0
classification,dft,0
classification,ftir,0
classification,xps,0
classification,euler,0
classification,skeletongait,0
classification,metsulfuron,0
classification,gcaru,0
classification,kinetoplastid,0
classification,unconventional,0
classification,mcc,0
classification,fenton,0
classification,dmax,0
classification,unifying,0
classification,psf,0
classification,indonesia,0
classification,intratesticular,0
classification,ternary,0
classification,surface,0
classification,layouts,0
classification,splitting,0
classification,photocatalytic,0
classification,reactions,0
classification,correction,0
classification,pollutants,0
problem,variously,0
problem,water-splitting,0
problem,roofs,0
problem,standards,0
problem,seoul,0
problem,prohibitively,0
problem,psycholinguistic,0
problem,tubes,0
problem,self-healing,0
problem,viable,0
problem,trna,0
problem,sgc,0
problem,topologically,0
problem,wavelengths,0
problem,trypanosoma,0
problem,sciences,0
problem,s-triazine,0
problem,smiles,0
problem,wiki,0
problem,xps,0
problem,skeletongait,0
problem,revealed,0
problem,unconventional,0
problem,unifying,0
problem,psf,0
problem,single-granular,0
problem,ternary,0
node,variously,0
node,water-splitting,0
node,pharmacology,0
node,roofs,0
node,standards,0
node,rna,0
node,pei-gcn,0
node,pharmacological,0
node,recombination,0
node,roads,0
node,seoul,0
node,prohibitively,0
node,psycholinguistic,0
node,tubes,0
node,self-healing,0
node,trna,0
node,string,0
node,sgc,0
node,pressure,0
node,topologically,0
node,wavelengths,0
node,photocatalyst,0
node,trypanosoma,0
node,plant,0
node,transformers,0
node,obu,0
node,s-triazine,0
node,photoreduction,0
node,rnas,0
node,pca,0
node,xps,0
node,skeletongait,0
node,sentiments,0
node,unconventional,0
node,unifying,0
node,psf,0
node,presentation,0
node,optical,0
node,ternary,0
node,splitting,0
node,photocatalytic,0
node,reactions,0
address,variously,0
address,anchored,0
address,interacts,0
address,mikae,0
address,eastern,0
address,bulbosa,0
address,colomatta,0
address,lutea,0
address,connecting,0
address,low-pass,0
address,metal,0
address,cocatalyst-free,0
address,water-splitting,0
address,nitride,0
address,concentrated,0
address,pharmacology,0
address,curated,0
address,meiosis,0
address,roofs,0
address,cancers,0
address,hyperlinks,0
address,differently,0
address,continuation,0
address,standards,0
address,tcga,0
address,pei-gcn,0
address,gqa,0
address,membranes,0
address,pharmacological,0
address,recombination,0
address,hours,0
address,determination,0
address,seoul,0
address,prohibitively,0
address,psycholinguistic,0
address,heterojunction,0
address,nitrogen-rich,0
address,tubes,0
address,chemical,0
address,liquid,0
address,graphitic,0
address,self-healing,0
address,dual-stimulus,0
address,households,0
address,apartments,0
address,viable,0
address,trna,0
address,cutting-thin,0
address,sgc,0
address,u-shaped,0
address,couplings,0
address,pressure,0
address,topologically,0
address,wavelengths,0
address,markers,0
address,n-acetyltransferase,0
address,photocatalyst,0
address,trypanosoma,0
address,medica,0
address,plant,0
address,harmful,0
address,heavily,0
address,hemisphere,0
address,gps,0
address,obu,0
address,material,0
address,heparin,0
address,imdb,0
address,artifact,0
address,s-triazine,0
address,photoreduction,0
address,smiles,0
address,catalysts,0
address,technologies,0
address,svm,0
address,knn,0
address,chloroform,0
address,escherichia,0
address,fourier,0
address,pca,0
address,fixation,0
address,molecule,0
address,matthews,0
address,wiki,0
address,nanosized,0
address,surge,0
address,dft,0
address,ftir,0
address,xps,0
address,euler,0
address,skeletongait,0
address,metsulfuron,0
address,sentiments,0
address,kinetoplastid,0
address,unconventional,0
address,mcc,0
address,fenton,0
address,dmax,0
address,unifying,0
address,u-net,0
address,psf,0
address,presentation,0
address,indonesia,0
address,intratesticular,0
address,aminoacyl,0
address,cfz,0
address,single-granular,0
address,ternary,0
address,immune,0
address,layouts,0
address,cells,0
address,remote,0
address,splitting,0
address,photocatalytic,0
address,reactions,0
address,correction,0
address,adsorption,0
address,reported,0
address,center,0
address,bind,0
address,band,0
performance,variously,0
performance,water-splitting,0
performance,pharmacology,0
performance,roofs,0
performance,prohibitively,0
performance,psycholinguistic,0
performance,tubes,0
performance,self-healing,0
performance,trna,0
performance,string,0
performance,topologically,0
performance,wavelengths,0
performance,trypanosoma,0
performance,sciences,0
performance,s-triazine,0
performance,photoreduction,0
performance,wiki,0
performance,skeletongait,0
performance,unconventional,0
performance,unifying,0
performance,single-granular,0
limited,variously,0
limited,mikae,0
limited,lutea,0
limited,low-pass,0
limited,metal,0
limited,water-splitting,0
limited,rarely,0
limited,pharmacology,0
limited,meiosis,0
limited,roofs,0
limited,standards,0
limited,tcga,0
limited,pei-gcn,0
limited,membranes,0
limited,thousands,0
limited,roads,0
limited,seoul,0
limited,prohibitively,0
limited,psycholinguistic,0
limited,nitrogen-rich,0
limited,tubes,0
limited,liquid,0
limited,mixed,0
limited,self-healing,0
limited,smoothing,0
limited,viable,0
limited,trna,0
limited,string,0
limited,sgc,0
limited,u-shaped,0
limited,pressure,0
limited,topologically,0
limited,wavelengths,0
limited,markers,0
limited,n-acetyltransferase,0
limited,trypanosoma,0
limited,sciences,0
limited,medica,0
limited,obu,0
limited,s-triazine,0
limited,mscoco,0
limited,photoreduction,0
limited,smiles,0
limited,svm,0
limited,rnas,0
limited,pca,0
limited,molecule,0
limited,matthews,0
limited,secure,0
limited,wiki,0
limited,nanosized,0
limited,surge,0
limited,vehicle,0
limited,skeletongait,0
limited,metsulfuron,0
limited,pubmed,0
limited,unconventional,0
limited,mcc,0
limited,unifying,0
limited,psf,0
limited,single-granular,0
limited,tumor,0
limited,trend,0
limited,reactions,0
limited,targets,0
fast,intuitively,0
fast,inferred,0
fast,variously,0
fast,interacts,0
fast,mikae,0
fast,lutea,0
fast,input,0
fast,ignore,0
fast,low-pass,0
fast,water-splitting,0
fast,rarely,0
fast,pharmacology,0
fast,generally,0
fast,meiosis,0
fast,gap,0
fast,roofs,0
fast,hyperlinks,0
fast,independently,0
fast,standards,0
fast,noise,0
fast,rna,0
fast,tcga,0
fast,pei-gcn,0
fast,gqa,0
fast,membranes,0
fast,pharmacological,0
fast,three-dimensional,0
fast,seoul,0
fast,prohibitively,0
fast,psycholinguistic,0
fast,nitrogen-rich,0
fast,tubes,0
fast,liquid,0
fast,granger,0
fast,mixed,0
fast,self-healing,0
fast,households,0
fast,viable,0
fast,trna,0
fast,outperform,0
fast,string,0
fast,sgc,0
fast,u-shaped,0
fast,pressure,0
fast,requirement,0
fast,topologically,0
fast,wavelengths,0
fast,markers,0
fast,n-acetyltransferase,0
fast,investigations,0
fast,trypanosoma,0
fast,sciences,0
fast,medica,0
fast,plant,0
fast,transformers,0
fast,harmful,0
fast,leading,0
fast,heavily,0
fast,hemisphere,0
fast,gps,0
fast,obu,0
fast,heparin,0
fast,firstly,0
fast,imdb,0
fast,kitti,0
fast,s-triazine,0
fast,mscoco,0
fast,heterogeneous,0
fast,photoreduction,0
fast,lstm,0
fast,smiles,0
fast,technologies,0
fast,knn,0
fast,softmax,0
fast,formed,0
fast,patients,0
fast,patient,0
fast,fourier,0
fast,initiative,0
fast,pca,0
fast,fixation,0
fast,molecules,0
fast,molecule,0
fast,ntu,0
fast,matthews,0
fast,secure,0
fast,words,0
fast,transformer,0
fast,wiki,0
fast,nanosized,0
fast,surge,0
fast,guided,0
fast,subgraph,0
fast,ftir,0
fast,xps,0
fast,skeletongait,0
fast,informative,0
fast,metsulfuron,0
fast,gcaru,0
fast,probability,0
fast,pubmed,0
fast,sentiments,0
fast,kinetoplastid,0
fast,unconventional,0
fast,mcc,0
fast,relationships,0
fast,represent,0
fast,fenton,0
fast,generative,0
fast,unifying,0
fast,laplacian,0
fast,updated,0
fast,psf,0
fast,presentation,0
fast,indonesia,0
fast,intratesticular,0
fast,technique,0
fast,single-granular,0
fast,optical,0
fast,modalities,0
fast,identify,0
fast,ternary,0
fast,trend,0
fast,sparsity,0
fast,static,0
fast,immune,0
fast,identification,0
fast,predicting,0
fast,step,0
fast,visual,0
fast,layouts,0
fast,rgb,0
fast,include,0
fast,learns,0
fast,success,0
fast,variation,0
fast,reactions,0
fast,gated,0
fast,targets,0
fast,multi-scale,0
fast,utilization,0
fast,neighbors,0
fast,part,0
fast,progress,0
fast,pollutants,0
fast,tree,0
fast,motion,0
fast,reported,0
fast,remarkable,0
recombination,variously,0
recombination,specifically,0
recombination,water-splitting,0
recombination,roofs,0
recombination,standards,0
recombination,rna,0
recombination,tcga,0
recombination,three-dimensional,0
recombination,thousands,0
recombination,roads,0
recombination,tasks,0
recombination,utilized,0
recombination,seoul,0
recombination,time-consuming,0
recombination,tubes,0
recombination,self-healing,0
recombination,smoothing,0
recombination,viable,0
recombination,trna,0
recombination,string,0
recombination,sgc,0
recombination,u-shaped,0
recombination,requirement,0
recombination,topologically,0
recombination,wavelengths,0
recombination,sets,0
recombination,trypanosoma,0
recombination,transformers,0
recombination,videos,0
recombination,years,0
recombination,rely,0
recombination,relation,0
recombination,relations,0
recombination,typically,0
recombination,understanding,0
recombination,s-triazine,0
recombination,smiles,0
recombination,technologies,0
recombination,svm,0
recombination,softmax,0
recombination,similarity,0
recombination,rnas,0
recombination,unsupervised,0
recombination,secure,0
recombination,transformer,0
recombination,wiki,0
recombination,surge,0
recombination,vehicle,0
recombination,subgraph,0
recombination,skeleton-based,0
recombination,skeletongait,0
recombination,sentiments,0
recombination,unconventional,0
recombination,relationships,0
recombination,representation,0
recombination,represent,0
recombination,unifying,0
recombination,topic,0
recombination,updated,0
recombination,training,0
recombination,u-net,0
recombination,supervised,0
recombination,works,0
recombination,single-granular,0
recombination,representations,0
recombination,user,0
recombination,set,0
recombination,tumor,0
recombination,target,0
recombination,trend,0
recombination,sparsity,0
recombination,static,0
recombination,temporal,0
recombination,validate,0
recombination,spatial-temporal,0
recombination,single,0
recombination,task,0
recombination,traffic,0
recombination,remote,0
recombination,rgb,0
recombination,variation,0
recombination,unit,0
recombination,targets,0
recombination,utilization,0
recombination,structures,0
recombination,video,0
recombination,tree,0
real-world,variously,0
real-world,water-splitting,0
real-world,roofs,0
real-world,rna,0
real-world,tcga,0
real-world,seoul,0
real-world,time-consuming,0
real-world,tubes,0
real-world,self-healing,0
real-world,viable,0
real-world,trna,0
real-world,sgc,0
real-world,topologically,0
real-world,wavelengths,0
real-world,trypanosoma,0
real-world,sciences,0
real-world,s-triazine,0
real-world,sites,0
real-world,smiles,0
real-world,svm,0
real-world,rnas,0
real-world,secure,0
real-world,wiki,0
real-world,subgraph,0
real-world,xps,0
real-world,skeletongait,0
real-world,sentiments,0
real-world,unconventional,0
real-world,single-granular,0
real-world,tumor,0
real-world,ternary,0
real-world,remote,0
real-world,splitting,0
real-world,targets,0
real-world,tree,0
dempster-shafer,drug-drug,0
dempster-shafer,paper,0
dempster-shafer,named,0
dempster-shafer,methods,0
dempster-shafer,intuitively,0
dempster-shafer,inferred,0
dempster-shafer,variously,0
dempster-shafer,specifically,0
dempster-shafer,dual,0
dempster-shafer,interacts,0
dempster-shafer,structure,0
dempster-shafer,mikae,0
dempster-shafer,eastern,0
dempster-shafer,lutea,0
dempster-shafer,input,0
dempster-shafer,existing,0
dempster-shafer,low-pass,0
dempster-shafer,metal,0
dempster-shafer,water-splitting,0
dempster-shafer,nitride,0
dempster-shafer,present,0
dempster-shafer,literature,0
dempster-shafer,rarely,0
dempster-shafer,extract,0
dempster-shafer,pharmacology,0
dempster-shafer,published,0
dempster-shafer,generally,0
dempster-shafer,meiosis,0
dempster-shafer,increasing,0
dempster-shafer,reduced,0
dempster-shafer,gap,0
dempster-shafer,roofs,0
dempster-shafer,hyperlinks,0
dempster-shafer,independently,0
dempster-shafer,differently,0
dempster-shafer,explicitly,0
dempster-shafer,obtained,0
dempster-shafer,systems,0
dempster-shafer,standards,0
dempster-shafer,noise,0
dempster-shafer,extracting,0
dempster-shafer,rna,0
dempster-shafer,tcga,0
dempster-shafer,pei-gcn,0
dempster-shafer,gqa,0
dempster-shafer,proposes,0
dempster-shafer,membranes,0
dempster-shafer,models,0
dempster-shafer,result,0
dempster-shafer,pharmacological,0
dempster-shafer,efficient,0
dempster-shafer,three-dimensional,0
dempster-shafer,problem,0
dempster-shafer,node,0
dempster-shafer,performance,0
dempster-shafer,limited,0
dempster-shafer,recombination,0
dempster-shafer,hours,0
dempster-shafer,owing,0
dempster-shafer,roads,0
dempster-shafer,tasks,0
dempster-shafer,utilized,0
dempster-shafer,determination,0
dempster-shafer,process,0
dempster-shafer,seoul,0
dempster-shafer,proteins,0
dempster-shafer,encoded,0
dempster-shafer,time-consuming,0
dempster-shafer,experimental,0
dempster-shafer,prohibitively,0
dempster-shafer,elsevier,0
dempster-shafer,psycholinguistic,0
dempster-shafer,heterojunction,0
dempster-shafer,nitrogen-rich,0
dempster-shafer,tubes,0
dempster-shafer,liquid,0
dempster-shafer,graphitic,0
dempster-shafer,gcn,0
dempster-shafer,granger,0
dempster-shafer,nodes,0
dempster-shafer,established,0
dempster-shafer,mixed,0
dempster-shafer,excellent,0
dempster-shafer,self-healing,0
dempster-shafer,dual-stimulus,0
dempster-shafer,similar,0
dempster-shafer,smoothing,0
dempster-shafer,perform,0
dempster-shafer,households,0
dempster-shafer,study,0
dempster-shafer,viable,0
dempster-shafer,trna,0
dempster-shafer,outperform,0
dempster-shafer,string,0
dempster-shafer,descriptor,0
dempster-shafer,explore,0
dempster-shafer,sgc,0
dempster-shafer,u-shaped,0
dempster-shafer,samples,0
dempster-shafer,research,0
dempster-shafer,pressure,0
dempster-shafer,f-score,0
dempster-shafer,requirement,0
dempster-shafer,numerous,0
dempster-shafer,separation,0
dempster-shafer,topologically,0
dempster-shafer,wavelengths,0
dempster-shafer,sets,0
dempster-shafer,simultaneously,0
dempster-shafer,markers,0
dempster-shafer,n-acetyltransferase,0
dempster-shafer,holes,0
dempster-shafer,resulting,0
dempster-shafer,photocatalyst,0
dempster-shafer,investigations,0
dempster-shafer,trypanosoma,0
dempster-shafer,sciences,0
dempster-shafer,medica,0
dempster-shafer,plant,0
dempster-shafer,transformers,0
dempster-shafer,harmful,0
dempster-shafer,videos,0
dempster-shafer,features,0
dempster-shafer,years,0
dempster-shafer,language,0
dempster-shafer,leading,0
dempster-shafer,rely,0
dempster-shafer,heavily,0
dempster-shafer,hemisphere,0
dempster-shafer,gps,0
dempster-shafer,obu,0
dempster-shafer,material,0
dempster-shafer,gcns,0
dempster-shafer,heparin,0
dempster-shafer,relation,0
dempster-shafer,relations,0
dempster-shafer,typically,0
dempster-shafer,firstly,0
dempster-shafer,understanding,0
dempster-shafer,imdb,0
dempster-shafer,kitti,0
dempster-shafer,s-triazine,0
dempster-shafer,mscoco,0
dempster-shafer,heterogeneous,0
dempster-shafer,due,0
dempster-shafer,sites,0
dempster-shafer,points,0
dempster-shafer,efficiency,0
dempster-shafer,improve,0
dempster-shafer,photoreduction,0
dempster-shafer,ethereum,0
dempster-shafer,lstm,0
dempster-shafer,smiles,0
dempster-shafer,technologies,0
dempster-shafer,svm,0
dempster-shafer,knn,0
dempster-shafer,softmax,0
dempster-shafer,formed,0
dempster-shafer,escherichia,0
dempster-shafer,euclidean,0
dempster-shafer,patients,0
dempster-shafer,patient,0
dempster-shafer,similarity,0
dempster-shafer,rnas,0
dempster-shafer,fourier,0
dempster-shafer,initiative,0
dempster-shafer,pca,0
dempster-shafer,fixation,0
dempster-shafer,molecules,0
dempster-shafer,molecule,0
dempster-shafer,ntu,0
dempster-shafer,edges,0
dempster-shafer,unsupervised,0
dempster-shafer,matthews,0
dempster-shafer,secure,0
dempster-shafer,nlp,0
dempster-shafer,words,0
dempster-shafer,transformer,0
dempster-shafer,system,0
dempster-shafer,water,0
dempster-shafer,wiki,0
dempster-shafer,nanosized,0
dempster-shafer,effectively,0
dempster-shafer,surge,0
dempster-shafer,kinetics,0
dempster-shafer,dft,0
dempster-shafer,skeleton,0
dempster-shafer,guided,0
dempster-shafer,end,0
dempster-shafer,layer,0
dempster-shafer,subgraph,0
dempster-shafer,ftir,0
dempster-shafer,xps,0
dempster-shafer,pose,0
dempster-shafer,skeleton-based,0
dempster-shafer,euler,0
dempster-shafer,skeletongait,0
dempster-shafer,graph-based,0
dempster-shafer,informative,0
dempster-shafer,dependencies,0
dempster-shafer,metsulfuron,0
dempster-shafer,meaningful,0
dempster-shafer,revealed,0
dempster-shafer,gcaru,0
dempster-shafer,methodology,0
dempster-shafer,spatial,0
dempster-shafer,pubmed,0
dempster-shafer,sentiments,0
dempster-shafer,electron,0
dempster-shafer,evaluation,0
dempster-shafer,role,0
dempster-shafer,kinetoplastid,0
dempster-shafer,unconventional,0
dempster-shafer,mcc,0
dempster-shafer,optimization,0
dempster-shafer,relationships,0
dempster-shafer,representation,0
dempster-shafer,represent,0
dempster-shafer,fenton,0
dempster-shafer,generative,0
dempster-shafer,dmax,0
dempster-shafer,unifying,0
dempster-shafer,embeddings,0
dempster-shafer,laplacian,0
dempster-shafer,topic,0
dempster-shafer,updated,0
dempster-shafer,global,0
dempster-shafer,local,0
dempster-shafer,training,0
dempster-shafer,u-net,0
dempster-shafer,supervised,0
dempster-shafer,error,0
dempster-shafer,works,0
dempster-shafer,generate,0
dempster-shafer,showed,0
dempster-shafer,psf,0
dempster-shafer,optimal,0
dempster-shafer,presentation,0
dempster-shafer,indonesia,0
dempster-shafer,pooling,0
dempster-shafer,intratesticular,0
dempster-shafer,key,0
dempster-shafer,human,0
dempster-shafer,technique,0
dempster-shafer,prediction,0
dempster-shafer,factors,0
dempster-shafer,propagation,0
dempster-shafer,time,0
dempster-shafer,learn,0
dempster-shafer,neighbor,0
dempster-shafer,evolution,0
dempster-shafer,single-granular,0
dempster-shafer,optical,0
dempster-shafer,desirable,0
dempster-shafer,modalities,0
dempster-shafer,module,0
dempster-shafer,representations,0
dempster-shafer,neural,0
dempster-shafer,expression,0
dempster-shafer,user,0
dempster-shafer,management,0
dempster-shafer,predict,0
dempster-shafer,feature,0
dempster-shafer,tumor,0
dempster-shafer,target,0
dempster-shafer,studies,0
dempster-shafer,dense,0
dempster-shafer,recognition,0
dempster-shafer,identify,0
dempster-shafer,multiple,0
dempster-shafer,ternary,0
dempster-shafer,trend,0
dempster-shafer,sparsity,0
dempster-shafer,faces,0
dempster-shafer,recent,0
dempster-shafer,static,0
dempster-shafer,gene,0
dempster-shafer,surface,0
dempster-shafer,significant,0
dempster-shafer,immune,0
dempster-shafer,knowledge,0
dempster-shafer,temporal,0
dempster-shafer,identification,0
dempster-shafer,predicting,0
dempster-shafer,number,0
dempster-shafer,validate,0
dempster-shafer,gat,0
dempster-shafer,spatial-temporal,0
dempster-shafer,single,0
dempster-shafer,interaction,0
dempster-shafer,layers,0
dempster-shafer,task,0
dempster-shafer,energy,0
dempster-shafer,step,0
dempster-shafer,machine,0
dempster-shafer,synthetic,0
dempster-shafer,visual,0
dempster-shafer,layouts,0
dempster-shafer,remote,0
dempster-shafer,splitting,0
dempster-shafer,rgb,0
dempster-shafer,improved,0
dempster-shafer,large,0
dempster-shafer,processing,0
dempster-shafer,previous,0
dempster-shafer,pairs,0
dempster-shafer,employed,0
dempster-shafer,include,0
dempster-shafer,learns,0
dempster-shafer,embedding,0
dempster-shafer,effective,0
dempster-shafer,photocatalytic,0
dempster-shafer,structural,0
dempster-shafer,success,0
dempster-shafer,variation,0
dempster-shafer,identifying,0
dempster-shafer,reactions,0
dempster-shafer,memory,0
dempster-shafer,unit,0
dempster-shafer,gated,0
dempster-shafer,patterns,0
dempster-shafer,field,0
dempster-shafer,great,0
dempster-shafer,light,0
dempster-shafer,functions,0
dempster-shafer,targets,0
dempster-shafer,multi-scale,0
dempster-shafer,utilization,0
dempster-shafer,structures,0
dempster-shafer,neighbors,0
dempster-shafer,part,0
dempster-shafer,progress,0
dempster-shafer,video,0
dempster-shafer,focuses,0
dempster-shafer,stability,0
dempster-shafer,sample,0
dempster-shafer,designed,0
dempster-shafer,pollutants,0
dempster-shafer,diffusion,0
dempster-shafer,tree,0
dempster-shafer,motion,0
dempster-shafer,types,0
dempster-shafer,protein,0
dempster-shafer,reported,0
dempster-shafer,remarkable,0
thousands,variously,0
thousands,wide,0
thousands,water-splitting,0
thousands,three-dimensional,0
thousands,utilized,0
thousands,time-consuming,0
thousands,tubes,0
thousands,viable,0
thousands,u-shaped,0
thousands,topologically,0
thousands,wavelengths,0
thousands,trypanosoma,0
thousands,transformers,0
thousands,videos,0
thousands,years,0
thousands,words,0
thousands,transformer,0
thousands,water,0
thousands,wiki,0
thousands,vehicle,0
thousands,xps,0
thousands,unconventional,0
thousands,unifying,0
thousands,topic,0
thousands,updated,0
thousands,u-net,0
thousands,works,0
thousands,time,0
thousands,user,0
thousands,tumor,0
thousands,trend,0
thousands,traffic,0
thousands,visual,0
thousands,variation,0
thousands,unit,0
thousands,utilization,0
thousands,video,0
thousands,tree,0
hours,named,0
hours,intuitively,0
hours,inferred,0
hours,variously,0
hours,wide,0
hours,interacts,0
hours,structure,0
hours,mikae,0
hours,lutea,0
hours,ignore,0
hours,low-pass,0
hours,metal,0
hours,water-splitting,0
hours,nitride,0
hours,literature,0
hours,rarely,0
hours,pharmacology,0
hours,published,0
hours,meiosis,0
hours,increasing,0
hours,reduced,0
hours,roofs,0
hours,hyperlinks,0
hours,systems,0
hours,standards,0
hours,noise,0
hours,rna,0
hours,tcga,0
hours,pei-gcn,0
hours,proposes,0
hours,membranes,0
hours,models,0
hours,pharmacological,0
hours,three-dimensional,0
hours,real-world,0
hours,thousands,0
hours,tasks,0
hours,utilized,0
hours,seoul,0
hours,time-consuming,0
hours,prohibitively,0
hours,psycholinguistic,0
hours,nitrogen-rich,0
hours,tubes,0
hours,liquid,0
hours,nodes,0
hours,mixed,0
hours,self-healing,0
hours,similar,0
hours,smoothing,0
hours,perform,0
hours,households,0
hours,presents,0
hours,viable,0
hours,trna,0
hours,outperform,0
hours,string,0
hours,sgc,0
hours,u-shaped,0
hours,samples,0
hours,research,0
hours,pressure,0
hours,requirement,0
hours,separation,0
hours,topologically,0
hours,wavelengths,0
hours,sets,0
hours,markers,0
hours,n-acetyltransferase,0
hours,resulting,0
hours,photocatalyst,0
hours,investigations,0
hours,trypanosoma,0
hours,sciences,0
hours,medica,0
hours,transformers,0
hours,videos,0
hours,years,0
hours,language,0
hours,leading,0
hours,rely,0
hours,obu,0
hours,material,0
hours,relation,0
hours,relations,0
hours,typically,0
hours,understanding,0
hours,imdb,0
hours,kitti,0
hours,s-triazine,0
hours,mscoco,0
hours,sites,0
hours,points,0
hours,photoreduction,0
hours,smiles,0
hours,technologies,0
hours,svm,0
hours,knn,0
hours,softmax,0
hours,similarity,0
hours,rnas,0
hours,initiative,0
hours,pca,0
hours,recently,0
hours,molecules,0
hours,molecule,0
hours,ntu,0
hours,unsupervised,0
hours,matthews,0
hours,secure,0
hours,nlp,0
hours,words,0
hours,transformer,0
hours,wiki,0
hours,nanosized,0
hours,surge,0
hours,kinetics,0
hours,vehicle,0
hours,layer,0
hours,subgraph,0
hours,xps,0
hours,pose,0
hours,skeleton-based,0
hours,skeletongait,0
hours,informative,0
hours,metsulfuron,0
hours,meaningful,0
hours,revealed,0
hours,pubmed,0
hours,sentiments,0
hours,role,0
hours,kinetoplastid,0
hours,unconventional,0
hours,mcc,0
hours,relationships,0
hours,representation,0
hours,represent,0
hours,unifying,0
hours,laplacian,0
hours,topic,0
hours,updated,0
hours,local,0
hours,training,0
hours,u-net,0
hours,supervised,0
hours,psf,0
hours,presentation,0
hours,indonesia,0
hours,pooling,0
hours,intratesticular,0
hours,human,0
hours,propagation,0
hours,single-granular,0
hours,optical,0
hours,modalities,0
hours,module,0
hours,representations,0
hours,introduce,0
hours,user,0
hours,set,0
hours,tumor,0
hours,target,0
hours,studies,0
hours,identify,0
hours,ternary,0
hours,trend,0
hours,sparsity,0
hours,static,0
hours,surface,0
hours,immune,0
hours,knowledge,0
hours,identification,0
hours,spatial-temporal,0
hours,single,0
hours,interaction,0
hours,layers,0
hours,task,0
hours,synthetic,0
hours,visual,0
hours,layouts,0
hours,remote,0
hours,parameters,0
hours,rgb,0
hours,improved,0
hours,show,0
hours,processing,0
hours,previous,0
hours,pairs,0
hours,include,0
hours,learns,0
hours,structural,0
hours,success,0
hours,variation,0
hours,identifying,0
hours,important,0
hours,reactions,0
hours,unit,0
hours,patterns,0
hours,targets,0
hours,multi-scale,0
hours,utilization,0
hours,structures,0
hours,neighbors,0
hours,part,0
hours,progress,0
hours,video,0
hours,traditional,0
hours,sample,0
hours,tree,0
hours,motion,0
hours,point,0
hours,reported,0
hours,remarkable,0
owing,variously,0
owing,water-splitting,0
owing,rarely,0
owing,pharmacology,0
owing,roofs,0
owing,standards,0
owing,rna,0
owing,tcga,0
owing,pei-gcn,0
owing,proposes,0
owing,pharmacological,0
owing,three-dimensional,0
owing,thousands,0
owing,roads,0
owing,seoul,0
owing,proteins,0
owing,prohibitively,0
owing,psycholinguistic,0
owing,tubes,0
owing,self-healing,0
owing,smoothing,0
owing,viable,0
owing,trna,0
owing,string,0
owing,sgc,0
owing,pressure,0
owing,topologically,0
owing,wavelengths,0
owing,sets,0
owing,photocatalyst,0
owing,trypanosoma,0
owing,sciences,0
owing,transformers,0
owing,videos,0
owing,theory,0
owing,rely,0
owing,s-triazine,0
owing,points,0
owing,photoreduction,0
owing,smiles,0
owing,svm,0
owing,softmax,0
owing,patients,0
owing,patient,0
owing,rnas,0
owing,pca,0
owing,secure,0
owing,words,0
owing,transformer,0
owing,wiki,0
owing,surge,0
owing,subgraph,0
owing,skeletongait,0
owing,probability,0
owing,pubmed,0
owing,sentiments,0
owing,unconventional,0
owing,unifying,0
owing,topic,0
owing,updated,0
owing,u-net,0
owing,psf,0
owing,presentation,0
owing,pooling,0
owing,propagation,0
owing,single-granular,0
owing,tumor,0
owing,target,0
owing,trend,0
owing,static,0
owing,spatial-temporal,0
owing,step,0
owing,synthetic,0
owing,visual,0
owing,rgb,0
owing,previous,0
owing,variation,0
owing,targets,0
owing,part,0
owing,progress,0
owing,video,0
owing,tree,0
owing,protein,0
owing,reported,0
propose,variously,0
propose,water-splitting,0
propose,tubes,0
propose,self-healing,0
propose,trna,0
propose,topologically,0
propose,wavelengths,0
propose,trypanosoma,0
propose,sciences,0
propose,s-triazine,0
propose,smiles,0
propose,xps,0
propose,unconventional,0
propose,psf,0
roads,variously,0
roads,wide,0
roads,water-splitting,0
roads,roofs,0
roads,standards,0
roads,tcga,0
roads,three-dimensional,0
roads,thousands,0
roads,utilized,0
roads,seoul,0
roads,time-consuming,0
roads,tubes,0
roads,self-healing,0
roads,similar,0
roads,smoothing,0
roads,viable,0
roads,trna,0
roads,string,0
roads,sgc,0
roads,u-shaped,0
roads,samples,0
roads,separation,0
roads,topologically,0
roads,wavelengths,0
roads,trypanosoma,0
roads,sciences,0
roads,transformers,0
roads,videos,0
roads,years,0
roads,theory,0
roads,typically,0
roads,understanding,0
roads,s-triazine,0
roads,sites,0
roads,smiles,0
roads,technologies,0
roads,svm,0
roads,softmax,0
roads,similarity,0
roads,unsupervised,0
roads,secure,0
roads,words,0
roads,transformer,0
roads,water,0
roads,wiki,0
roads,surge,0
roads,subgraph,0
roads,xps,0
roads,skeleton-based,0
roads,skeletongait,0
roads,sentiments,0
roads,unconventional,0
roads,unifying,0
roads,topic,0
roads,updated,0
roads,training,0
roads,u-net,0
roads,supervised,0
roads,showed,0
roads,technique,0
roads,single-granular,0
roads,user,0
roads,tumor,0
roads,target,0
roads,studies,0
roads,ternary,0
roads,sparsity,0
roads,static,0
roads,surface,0
roads,significant,0
roads,validate,0
roads,task,0
roads,synthetic,0
roads,visual,0
roads,splitting,0
roads,structural,0
roads,success,0
roads,variation,0
roads,targets,0
roads,utilization,0
roads,structures,0
roads,video,0
roads,traditional,0
roads,stability,0
roads,sample,0
roads,tree,0
tasks,variously,0
tasks,water-splitting,0
tasks,tubes,0
tasks,trna,0
tasks,u-shaped,0
tasks,topologically,0
tasks,wavelengths,0
tasks,trypanosoma,0
tasks,xps,0
tasks,unconventional,0
tasks,unifying,0
tasks,ternary,0
alternatively,named,0
alternatively,intuitively,0
alternatively,inferred,0
alternatively,variously,0
alternatively,wide,0
alternatively,specifically,0
alternatively,demonstrates,0
alternatively,dual,0
alternatively,anchored,0
alternatively,interacts,0
alternatively,mikae,0
alternatively,eastern,0
alternatively,bulbosa,0
alternatively,colomatta,0
alternatively,lutea,0
alternatively,ignore,0
alternatively,benefit,0
alternatively,connecting,0
alternatively,considered,0
alternatively,low-pass,0
alternatively,metal,0
alternatively,cocatalyst-free,0
alternatively,water-splitting,0
alternatively,nitride,0
alternatively,literature,0
alternatively,rarely,0
alternatively,concentrated,0
alternatively,extract,0
alternatively,pharmacology,0
alternatively,published,0
alternatively,curated,0
alternatively,generally,0
alternatively,meiosis,0
alternatively,increasing,0
alternatively,reduced,0
alternatively,gap,0
alternatively,roofs,0
alternatively,cancers,0
alternatively,hyperlinks,0
alternatively,independently,0
alternatively,differently,0
alternatively,explicitly,0
alternatively,attention,0
alternatively,obtained,0
alternatively,continuation,0
alternatively,standards,0
alternatively,noise,0
alternatively,extracting,0
alternatively,rna,0
alternatively,tcga,0
alternatively,pei-gcn,0
alternatively,gqa,0
alternatively,proposes,0
alternatively,assist,0
alternatively,assessment,0
alternatively,membranes,0
alternatively,applications,0
alternatively,result,0
alternatively,beneficial,0
alternatively,pharmacological,0
alternatively,three-dimensional,0
alternatively,problem,0
alternatively,fast,0
alternatively,recombination,0
alternatively,real-world,0
alternatively,dempster-shafer,0
alternatively,thousands,0
alternatively,hours,0
alternatively,owing,0
alternatively,roads,0
alternatively,utilized,0
alternatively,determination,0
alternatively,seoul,0
alternatively,encoded,0
alternatively,psycholinguistic,0
alternatively,attack,0
alternatively,heterojunction,0
alternatively,nitrogen-rich,0
alternatively,tubes,0
alternatively,chemical,0
alternatively,liquid,0
alternatively,graphitic,0
alternatively,granger,0
alternatively,mixed,0
alternatively,excellent,0
alternatively,capability,0
alternatively,self-healing,0
alternatively,dual-stimulus,0
alternatively,smoothing,0
alternatively,perform,0
alternatively,households,0
alternatively,apartments,0
alternatively,study,0
alternatively,strategy,0
alternatively,presents,0
alternatively,viable,0
alternatively,trna,0
alternatively,cutting-thin,0
alternatively,string,0
alternatively,descriptor,0
alternatively,explore,0
alternatively,sgc,0
alternatively,u-shaped,0
alternatively,samples,0
alternatively,couplings,0
alternatively,research,0
alternatively,pressure,0
alternatively,f-score,0
alternatively,auc,0
alternatively,requirement,0
alternatively,numerous,0
alternatively,separation,0
alternatively,topologically,0
alternatively,wavelengths,0
alternatively,sets,0
alternatively,markers,0
alternatively,n-acetyltransferase,0
alternatively,holes,0
alternatively,resulting,0
alternatively,photocatalyst,0
alternatively,investigations,0
alternatively,trypanosoma,0
alternatively,sciences,0
alternatively,medica,0
alternatively,plant,0
alternatively,transformers,0
alternatively,harmful,0
alternatively,videos,0
alternatively,language,0
alternatively,theory,0
alternatively,leading,0
alternatively,rely,0
alternatively,decisions,0
alternatively,heavily,0
alternatively,hemisphere,0
alternatively,gps,0
alternatively,obu,0
alternatively,material,0
alternatively,gcns,0
alternatively,heparin,0
alternatively,relation,0
alternatively,relations,0
alternatively,typically,0
alternatively,firstly,0
alternatively,understanding,0
alternatively,imdb,0
alternatively,kitti,0
alternatively,artifact,0
alternatively,s-triazine,0
alternatively,mscoco,0
alternatively,heterogeneous,0
alternatively,cnn,0
alternatively,due,0
alternatively,sites,0
alternatively,cloud,0
alternatively,points,0
alternatively,improve,0
alternatively,photoreduction,0
alternatively,ethereum,0
alternatively,lstm,0
alternatively,smiles,0
alternatively,bidirectional,0
alternatively,catalysts,0
alternatively,technologies,0
alternatively,capacity,0
alternatively,svm,0
alternatively,knn,0
alternatively,softmax,0
alternatively,chloroform,0
alternatively,formed,0
alternatively,escherichia,0
alternatively,euclidean,0
alternatively,patients,0
alternatively,patient,0
alternatively,annotations,0
alternatively,rnas,0
alternatively,fourier,0
alternatively,initiative,0
alternatively,pca,0
alternatively,decades,0
alternatively,copy,0
alternatively,recently,0
alternatively,fixation,0
alternatively,molecule,0
alternatively,ntu,0
alternatively,edges,0
alternatively,matthews,0
alternatively,secure,0
alternatively,nlp,0
alternatively,words,0
alternatively,transformer,0
alternatively,system,0
alternatively,water,0
alternatively,wiki,0
alternatively,nanosized,0
alternatively,effectively,0
alternatively,surge,0
alternatively,data-driven,0
alternatively,kinetics,0
alternatively,dft,0
alternatively,skeleton,0
alternatively,canadian,0
alternatively,framework,0
alternatively,vehicle,0
alternatively,guided,0
alternatively,end,0
alternatively,layer,0
alternatively,subgraph,0
alternatively,ftir,0
alternatively,xps,0
alternatively,pose,0
alternatively,skeleton-based,0
alternatively,euler,0
alternatively,skeletongait,0
alternatively,dependencies,0
alternatively,metsulfuron,0
alternatively,conduct,0
alternatively,meaningful,0
alternatively,revealed,0
alternatively,gcaru,0
alternatively,methodology,0
alternatively,pubmed,0
alternatively,sentiments,0
alternatively,electron,0
alternatively,kinetoplastid,0
alternatively,unconventional,0
alternatively,cgcnimp,0
alternatively,mcc,0
alternatively,optimization,0
alternatively,relationships,0
alternatively,represent,0
alternatively,fenton,0
alternatively,dmax,0
alternatively,unifying,0
alternatively,laplacian,0
alternatively,topic,0
alternatively,updated,0
alternatively,global,0
alternatively,local,0
alternatively,correlations,0
alternatively,u-net,0
alternatively,error,0
alternatively,works,0
alternatively,generate,0
alternatively,capture,0
alternatively,showed,0
alternatively,psf,0
alternatively,presentation,0
alternatively,indonesia,0
alternatively,pooling,0
alternatively,intratesticular,0
alternatively,key,0
alternatively,human,0
alternatively,factors,0
alternatively,propagation,0
alternatively,time,0
alternatively,aminoacyl,0
alternatively,daily,0
alternatively,neighbor,0
alternatively,evolution,0
alternatively,cfz,0
alternatively,single-granular,0
alternatively,optical,0
alternatively,focus,0
alternatively,desirable,0
alternatively,modalities,0
alternatively,high,0
alternatively,module,0
alternatively,representations,0
alternatively,introduce,0
alternatively,neural,0
alternatively,expression,0
alternatively,user,0
alternatively,management,0
alternatively,predict,0
alternatively,set,0
alternatively,fully,0
alternatively,tumor,0
alternatively,target,0
alternatively,studies,0
alternatively,dense,0
alternatively,recognition,0
alternatively,identify,0
alternatively,challenges,0
alternatively,ternary,0
alternatively,trend,0
alternatively,sparsity,0
alternatively,faces,0
alternatively,static,0
alternatively,gene,0
alternatively,surface,0
alternatively,significant,0
alternatively,immune,0
alternatively,knowledge,0
alternatively,temporal,0
alternatively,predicting,0
alternatively,validate,0
alternatively,gat,0
alternatively,spatial-temporal,0
alternatively,single,0
alternatively,interaction,0
alternatively,layers,0
alternatively,task,0
alternatively,challenging,0
alternatively,energy,0
alternatively,traffic,0
alternatively,communication,0
alternatively,synthetic,0
alternatively,visual,0
alternatively,layouts,0
alternatively,cells,0
alternatively,remote,0
alternatively,splitting,0
alternatively,parameters,0
alternatively,rgb,0
alternatively,large,0
alternatively,processing,0
alternatively,conditions,0
alternatively,previous,0
alternatively,pairs,0
alternatively,include,0
alternatively,captures,0
alternatively,learns,0
alternatively,embedding,0
alternatively,photocatalytic,0
alternatively,structural,0
alternatively,success,0
alternatively,cases,0
alternatively,variation,0
alternatively,identifying,0
alternatively,reactions,0
alternatively,memory,0
alternatively,unit,0
alternatively,gated,0
alternatively,patterns,0
alternatively,field,0
alternatively,correction,0
alternatively,constructing,0
alternatively,comprehensive,0
alternatively,great,0
alternatively,light,0
alternatively,functions,0
alternatively,targets,0
alternatively,multi-scale,0
alternatively,annotation,0
alternatively,utilization,0
alternatively,structures,0
alternatively,neighbors,0
alternatively,part,0
alternatively,progress,0
alternatively,video,0
alternatively,focuses,0
alternatively,capturing,0
alternatively,stability,0
alternatively,sample,0
alternatively,designed,0
alternatively,pollutants,0
alternatively,diffusion,0
alternatively,tree,0
alternatively,motion,0
alternatively,types,0
alternatively,point,0
alternatively,reported,0
alternatively,remarkable,0
alternatively,background,0
alternatively,center,0
alternatively,bind,0
alternatively,band,0
utilized,water-splitting,0
utilized,viable,0
utilized,wavelengths,0
utilized,wiki,0
utilized,vehicle,0
utilized,xps,0
determination,drug-drug,0
determination,named,0
determination,intuitively,0
determination,specifically,0
determination,dual,0
determination,interacts,0
determination,mikae,0
determination,eastern,0
determination,lutea,0
determination,existing,0
determination,ignore,0
determination,low-pass,0
determination,water-splitting,0
determination,rarely,0
determination,pharmacology,0
determination,published,0
determination,generally,0
determination,meiosis,0
determination,reduced,0
determination,gap,0
determination,roofs,0
determination,hyperlinks,0
determination,independently,0
determination,differently,0
determination,explicitly,0
determination,generated,0
determination,standards,0
determination,noise,0
determination,extracting,0
determination,rna,0
determination,tcga,0
determination,pei-gcn,0
determination,gqa,0
determination,membranes,0
determination,result,0
determination,efficient,0
determination,three-dimensional,0
determination,problem,0
determination,node,0
determination,limited,0
determination,fast,0
determination,recombination,0
determination,real-world,0
determination,thousands,0
determination,hours,0
determination,owing,0
determination,roads,0
determination,tasks,0
determination,process,0
determination,seoul,0
determination,encoded,0
determination,time-consuming,0
determination,experimental,0
determination,prohibitively,0
determination,elsevier,0
determination,psycholinguistic,0
determination,nitrogen-rich,0
determination,tubes,0
determination,liquid,0
determination,granger,0
determination,established,0
determination,mixed,0
determination,self-healing,0
determination,dual-stimulus,0
determination,smoothing,0
determination,perform,0
determination,households,0
determination,strategy,0
determination,presents,0
determination,viable,0
determination,trna,0
determination,outperform,0
determination,string,0
determination,explore,0
determination,sgc,0
determination,u-shaped,0
determination,f-score,0
determination,graphs,0
determination,numerous,0
determination,topologically,0
determination,wavelengths,0
determination,simultaneously,0
determination,markers,0
determination,n-acetyltransferase,0
determination,holes,0
determination,resulting,0
determination,investigations,0
determination,trypanosoma,0
determination,sciences,0
determination,medica,0
determination,plant,0
determination,transformers,0
determination,harmful,0
determination,videos,0
determination,language,0
determination,leading,0
determination,rely,0
determination,heavily,0
determination,hemisphere,0
determination,gps,0
determination,obu,0
determination,material,0
determination,gcns,0
determination,heparin,0
determination,relation,0
determination,relations,0
determination,typically,0
determination,firstly,0
determination,understanding,0
determination,imdb,0
determination,kitti,0
determination,s-triazine,0
determination,mscoco,0
determination,heterogeneous,0
determination,sites,0
determination,points,0
determination,improve,0
determination,photoreduction,0
determination,ethereum,0
determination,lstm,0
determination,smiles,0
determination,svm,0
determination,knn,0
determination,softmax,0
determination,formed,0
determination,escherichia,0
determination,euclidean,0
determination,patients,0
determination,patient,0
determination,similarity,0
determination,rnas,0
determination,fourier,0
determination,initiative,0
determination,pca,0
determination,recently,0
determination,fixation,0
determination,ntu,0
determination,edges,0
determination,unsupervised,0
determination,matthews,0
determination,secure,0
determination,nlp,0
determination,words,0
determination,transformer,0
determination,wiki,0
determination,nanosized,0
determination,surge,0
determination,dft,0
determination,skeleton,0
determination,vehicle,0
determination,guided,0
determination,end,0
determination,subgraph,0
determination,ftir,0
determination,pose,0
determination,skeleton-based,0
determination,euler,0
determination,skeletongait,0
determination,graph-based,0
determination,informative,0
determination,metsulfuron,0
determination,meaningful,0
determination,gcaru,0
determination,probability,0
determination,spatial,0
determination,pubmed,0
determination,sentiments,0
determination,kinetoplastid,0
determination,unconventional,0
determination,mcc,0
determination,optimization,0
determination,relationships,0
determination,representation,0
determination,fenton,0
determination,generative,0
determination,dmax,0
determination,unifying,0
determination,embeddings,0
determination,laplacian,0
determination,topic,0
determination,updated,0
determination,u-net,0
determination,supervised,0
determination,works,0
determination,generate,0
determination,psf,0
determination,optimal,0
determination,presentation,0
determination,indonesia,0
determination,pooling,0
determination,intratesticular,0
determination,human,0
determination,factors,0
determination,propagation,0
determination,time,0
determination,learn,0
determination,neighbor,0
determination,evolution,0
determination,single-granular,0
determination,optical,0
determination,focus,0
determination,modalities,0
determination,module,0
determination,representations,0
determination,introduce,0
determination,expression,0
determination,user,0
determination,management,0
determination,fully,0
determination,tumor,0
determination,target,0
determination,recognition,0
determination,identify,0
determination,ternary,0
determination,trend,0
determination,sparsity,0
determination,faces,0
determination,static,0
determination,gene,0
determination,immune,0
determination,knowledge,0
determination,temporal,0
determination,predicting,0
determination,number,0
determination,validate,0
determination,gat,0
determination,spatial-temporal,0
determination,single,0
determination,interaction,0
determination,layers,0
determination,task,0
determination,energy,0
determination,step,0
determination,traffic,0
determination,synthetic,0
determination,visual,0
determination,layouts,0
determination,remote,0
determination,splitting,0
determination,parameters,0
determination,rgb,0
determination,improved,0
determination,processing,0
determination,pairs,0
determination,include,0
determination,learns,0
determination,embedding,0
determination,success,0
determination,variation,0
determination,identifying,0
determination,reactions,0
determination,memory,0
determination,unit,0
determination,gated,0
determination,functions,0
determination,targets,0
determination,multi-scale,0
determination,utilization,0
determination,neighbors,0
determination,part,0
determination,progress,0
determination,video,0
determination,focuses,0
determination,traditional,0
determination,pollutants,0
determination,diffusion,0
determination,tree,0
determination,motion,0
determination,point,0
determination,remarkable,0
process,variously,0
process,water-splitting,0
process,roofs,0
process,seoul,0
process,prohibitively,0
process,psycholinguistic,0
process,tubes,0
process,self-healing,0
process,trna,0
process,string,0
process,sgc,0
process,u-shaped,0
process,topologically,0
process,wavelengths,0
process,trypanosoma,0
process,s-triazine,0
process,svm,0
process,rnas,0
process,secure,0
process,wiki,0
process,skeletongait,0
process,unconventional,0
process,unifying,0
process,psf,0
process,single-granular,0
seoul,variously,0
seoul,wide,0
seoul,specifically,0
seoul,structure,0
seoul,water-splitting,0
seoul,systems,0
seoul,standards,0
seoul,tcga,0
seoul,three-dimensional,0
seoul,thousands,0
seoul,tasks,0
seoul,utilized,0
seoul,time-consuming,0
seoul,tubes,0
seoul,work,0
seoul,similar,0
seoul,smoothing,0
seoul,study,0
seoul,strategy,0
seoul,viable,0
seoul,trna,0
seoul,string,0
seoul,sgc,0
seoul,u-shaped,0
seoul,separation,0
seoul,topologically,0
seoul,wavelengths,0
seoul,sets,0
seoul,trypanosoma,0
seoul,transformers,0
seoul,videos,0
seoul,years,0
seoul,theory,0
seoul,typically,0
seoul,understanding,0
seoul,sites,0
seoul,smiles,0
seoul,technologies,0
seoul,svm,0
seoul,softmax,0
seoul,similarity,0
seoul,unsupervised,0
seoul,words,0
seoul,transformer,0
seoul,water,0
seoul,wiki,0
seoul,surge,0
seoul,skeleton,0
seoul,vehicle,0
seoul,subgraph,0
seoul,xps,0
seoul,skeleton-based,0
seoul,skeletongait,0
seoul,unconventional,0
seoul,unifying,0
seoul,topic,0
seoul,updated,0
seoul,training,0
seoul,u-net,0
seoul,supervised,0
seoul,works,0
seoul,showed,0
seoul,technique,0
seoul,time,0
seoul,single-granular,0
seoul,user,0
seoul,set,0
seoul,tumor,0
seoul,target,0
seoul,studies,0
seoul,ternary,0
seoul,trend,0
seoul,sparsity,0
seoul,static,0
seoul,surface,0
seoul,significant,0
seoul,validate,0
seoul,spatial-temporal,0
seoul,single,0
seoul,task,0
seoul,step,0
seoul,traffic,0
seoul,synthetic,0
seoul,visual,0
seoul,splitting,0
seoul,structural,0
seoul,success,0
seoul,variation,0
seoul,unit,0
seoul,targets,0
seoul,utilization,0
seoul,structures,0
seoul,video,0
seoul,traditional,0
seoul,stability,0
seoul,tree,0
seoul,types,0
proteins,variously,0
proteins,water-splitting,0
proteins,roofs,0
proteins,standards,0
proteins,three-dimensional,0
proteins,recombination,0
proteins,roads,0
proteins,seoul,0
proteins,psycholinguistic,0
proteins,tubes,0
proteins,self-healing,0
proteins,smoothing,0
proteins,viable,0
proteins,string,0
proteins,sgc,0
proteins,u-shaped,0
proteins,separation,0
proteins,topologically,0
proteins,wavelengths,0
proteins,simultaneously,0
proteins,sciences,0
proteins,transformers,0
proteins,videos,0
proteins,relation,0
proteins,relations,0
proteins,s-triazine,0
proteins,svm,0
proteins,softmax,0
proteins,unsupervised,0
proteins,secure,0
proteins,words,0
proteins,wiki,0
proteins,surge,0
proteins,skeleton,0
proteins,vehicle,0
proteins,subgraph,0
proteins,xps,0
proteins,skeleton-based,0
proteins,skeletongait,0
proteins,pubmed,0
proteins,sentiments,0
proteins,unifying,0
proteins,topic,0
proteins,u-net,0
proteins,supervised,0
proteins,psf,0
proteins,single-granular,0
proteins,user,0
proteins,tumor,0
proteins,ternary,0
proteins,sparsity,0
proteins,static,0
proteins,surface,0
proteins,temporal,0
proteins,spatial-temporal,0
proteins,traffic,0
proteins,synthetic,0
proteins,visual,0
proteins,remote,0
proteins,splitting,0
proteins,rgb,0
proteins,success,0
proteins,variation,0
proteins,reactions,0
proteins,unit,0
proteins,utilization,0
proteins,video,0
proteins,sample,0
proteins,types,0
encoded,intuitively,0
encoded,inferred,0
encoded,variously,0
encoded,wide,0
encoded,interacts,0
encoded,mikae,0
encoded,lutea,0
encoded,low-pass,0
encoded,metal,0
encoded,water-splitting,0
encoded,nitride,0
encoded,literature,0
encoded,rarely,0
encoded,extract,0
encoded,pharmacology,0
encoded,published,0
encoded,meiosis,0
encoded,increasing,0
encoded,gap,0
encoded,roofs,0
encoded,hyperlinks,0
encoded,independently,0
encoded,obtained,0
encoded,standards,0
encoded,extracting,0
encoded,rna,0
encoded,tcga,0
encoded,pei-gcn,0
encoded,gqa,0
encoded,membranes,0
encoded,result,0
encoded,pharmacological,0
encoded,three-dimensional,0
encoded,limited,0
encoded,fast,0
encoded,recombination,0
encoded,hours,0
encoded,owing,0
encoded,roads,0
encoded,utilized,0
encoded,seoul,0
encoded,time-consuming,0
encoded,prohibitively,0
encoded,psycholinguistic,0
encoded,heterojunction,0
encoded,nitrogen-rich,0
encoded,tubes,0
encoded,liquid,0
encoded,work,0
encoded,graphitic,0
encoded,granger,0
encoded,established,0
encoded,mixed,0
encoded,self-healing,0
encoded,smoothing,0
encoded,perform,0
encoded,households,0
encoded,strategy,0
encoded,presents,0
encoded,viable,0
encoded,string,0
encoded,explore,0
encoded,sgc,0
encoded,u-shaped,0
encoded,pressure,0
encoded,f-score,0
encoded,requirement,0
encoded,numerous,0
encoded,separation,0
encoded,topologically,0
encoded,wavelengths,0
encoded,sets,0
encoded,markers,0
encoded,holes,0
encoded,resulting,0
encoded,photocatalyst,0
encoded,investigations,0
encoded,trypanosoma,0
encoded,sciences,0
encoded,medica,0
encoded,plant,0
encoded,transformers,0
encoded,harmful,0
encoded,language,0
encoded,theory,0
encoded,leading,0
encoded,heavily,0
encoded,hemisphere,0
encoded,gps,0
encoded,obu,0
encoded,material,0
encoded,gcns,0
encoded,heparin,0
encoded,imdb,0
encoded,kitti,0
encoded,s-triazine,0
encoded,mscoco,0
encoded,points,0
encoded,photoreduction,0
encoded,ethereum,0
encoded,smiles,0
encoded,technologies,0
encoded,svm,0
encoded,knn,0
encoded,softmax,0
encoded,formed,0
encoded,euclidean,0
encoded,patient,0
encoded,rnas,0
encoded,fourier,0
encoded,initiative,0
encoded,pca,0
encoded,recently,0
encoded,fixation,0
encoded,molecules,0
encoded,molecule,0
encoded,ntu,0
encoded,matthews,0
encoded,secure,0
encoded,nlp,0
encoded,words,0
encoded,wiki,0
encoded,nanosized,0
encoded,surge,0
encoded,kinetics,0
encoded,skeleton,0
encoded,vehicle,0
encoded,guided,0
encoded,end,0
encoded,ftir,0
encoded,xps,0
encoded,skeleton-based,0
encoded,euler,0
encoded,skeletongait,0
encoded,informative,0
encoded,metsulfuron,0
encoded,revealed,0
encoded,gcaru,0
encoded,probability,0
encoded,methodology,0
encoded,pubmed,0
encoded,sentiments,0
encoded,evaluation,0
encoded,kinetoplastid,0
encoded,unconventional,0
encoded,mcc,0
encoded,fenton,0
encoded,unifying,0
encoded,laplacian,0
encoded,updated,0
encoded,training,0
encoded,u-net,0
encoded,supervised,0
encoded,works,0
encoded,psf,0
encoded,presentation,0
encoded,indonesia,0
encoded,pooling,0
encoded,intratesticular,0
encoded,key,0
encoded,human,0
encoded,technique,0
encoded,propagation,0
encoded,evolution,0
encoded,single-granular,0
encoded,optical,0
encoded,modalities,0
encoded,expression,0
encoded,set,0
encoded,tumor,0
encoded,studies,0
encoded,recognition,0
encoded,ternary,0
encoded,trend,0
encoded,sparsity,0
encoded,gene,0
encoded,immune,0
encoded,knowledge,0
encoded,predicting,0
encoded,interaction,0
encoded,layers,0
encoded,energy,0
encoded,machine,0
encoded,synthetic,0
encoded,real,0
encoded,visual,0
encoded,remote,0
encoded,splitting,0
encoded,parameters,0
encoded,rgb,0
encoded,improved,0
encoded,processing,0
encoded,include,0
encoded,photocatalytic,0
encoded,success,0
encoded,variation,0
encoded,identifying,0
encoded,reactions,0
encoded,great,0
encoded,light,0
encoded,functions,0
encoded,utilization,0
encoded,structures,0
encoded,progress,0
encoded,focuses,0
encoded,stability,0
encoded,sample,0
encoded,pollutants,0
encoded,protein,0
encoded,reported,0
encoded,remarkable,0
time-consuming,variously,0
time-consuming,wide,0
time-consuming,water-splitting,0
time-consuming,tubes,0
time-consuming,trna,0
time-consuming,u-shaped,0
time-consuming,topologically,0
time-consuming,wavelengths,0
time-consuming,trypanosoma,0
time-consuming,typically,0
time-consuming,unsupervised,0
time-consuming,water,0
time-consuming,wiki,0
time-consuming,vehicle,0
time-consuming,xps,0
time-consuming,unconventional,0
time-consuming,unifying,0
time-consuming,updated,0
time-consuming,u-net,0
time-consuming,trend,0
time-consuming,traffic,0
time-consuming,visual,0
time-consuming,variation,0
time-consuming,utilization,0
time-consuming,tree,0
experimental,variously,0
experimental,interacts,0
experimental,mikae,0
experimental,lutea,0
experimental,water-splitting,0
experimental,nitride,0
experimental,pharmacology,0
experimental,meiosis,0
experimental,roofs,0
experimental,hyperlinks,0
experimental,standards,0
experimental,tcga,0
experimental,pei-gcn,0
experimental,gqa,0
experimental,membranes,0
experimental,seoul,0
experimental,heterojunction,0
experimental,nitrogen-rich,0
experimental,tubes,0
experimental,liquid,0
experimental,granger,0
experimental,self-healing,0
experimental,households,0
experimental,viable,0
experimental,trna,0
experimental,sgc,0
experimental,u-shaped,0
experimental,requirement,0
experimental,topologically,0
experimental,wavelengths,0
experimental,n-acetyltransferase,0
experimental,photocatalyst,0
experimental,trypanosoma,0
experimental,sciences,0
experimental,medica,0
experimental,s-triazine,0
experimental,photoreduction,0
experimental,fourier,0
experimental,pca,0
experimental,fixation,0
experimental,matthews,0
experimental,nanosized,0
experimental,ftir,0
experimental,xps,0
experimental,metsulfuron,0
experimental,kinetoplastid,0
experimental,unconventional,0
experimental,mcc,0
experimental,fenton,0
experimental,unifying,0
experimental,psf,0
experimental,indonesia,0
experimental,intratesticular,0
experimental,ternary,0
experimental,splitting,0
prohibitively,variously,0
prohibitively,wide,0
prohibitively,specifically,0
prohibitively,water-splitting,0
prohibitively,rarely,0
prohibitively,published,0
prohibitively,reduced,0
prohibitively,roofs,0
prohibitively,systems,0
prohibitively,standards,0
prohibitively,rna,0
prohibitively,tcga,0
prohibitively,proposes,0
prohibitively,result,0
prohibitively,three-dimensional,0
prohibitively,recombination,0
prohibitively,real-world,0
prohibitively,thousands,0
prohibitively,propose,0
prohibitively,roads,0
prohibitively,tasks,0
prohibitively,utilized,0
prohibitively,seoul,0
prohibitively,psycholinguistic,0
prohibitively,tubes,0
prohibitively,work,0
prohibitively,self-healing,0
prohibitively,similar,0
prohibitively,smoothing,0
prohibitively,study,0
prohibitively,strategy,0
prohibitively,viable,0
prohibitively,trna,0
prohibitively,string,0
prohibitively,sgc,0
prohibitively,u-shaped,0
prohibitively,samples,0
prohibitively,research,0
prohibitively,requirement,0
prohibitively,separation,0
prohibitively,topologically,0
prohibitively,wavelengths,0
prohibitively,sets,0
prohibitively,simultaneously,0
prohibitively,resulting,0
prohibitively,trypanosoma,0
prohibitively,sciences,0
prohibitively,transformers,0
prohibitively,videos,0
prohibitively,years,0
prohibitively,theory,0
prohibitively,rely,0
prohibitively,relation,0
prohibitively,relations,0
prohibitively,typically,0
prohibitively,understanding,0
prohibitively,s-triazine,0
prohibitively,sites,0
prohibitively,smiles,0
prohibitively,technologies,0
prohibitively,svm,0
prohibitively,softmax,0
prohibitively,similarity,0
prohibitively,rnas,0
prohibitively,recently,0
prohibitively,unsupervised,0
prohibitively,secure,0
prohibitively,words,0
prohibitively,transformer,0
prohibitively,system,0
prohibitively,water,0
prohibitively,wiki,0
prohibitively,surge,0
prohibitively,skeleton,0
prohibitively,vehicle,0
prohibitively,subgraph,0
prohibitively,xps,0
prohibitively,skeleton-based,0
prohibitively,skeletongait,0
prohibitively,proposed,0
prohibitively,revealed,0
prohibitively,spatial,0
prohibitively,pubmed,0
prohibitively,sentiments,0
prohibitively,role,0
prohibitively,unconventional,0
prohibitively,relationships,0
prohibitively,represent,0
prohibitively,unifying,0
prohibitively,topic,0
prohibitively,updated,0
prohibitively,training,0
prohibitively,u-net,0
prohibitively,supervised,0
prohibitively,works,0
prohibitively,showed,0
prohibitively,psf,0
prohibitively,technique,0
prohibitively,propagation,0
prohibitively,time,0
prohibitively,single-granular,0
prohibitively,representations,0
prohibitively,user,0
prohibitively,set,0
prohibitively,tumor,0
prohibitively,target,0
prohibitively,studies,0
prohibitively,recognition,0
prohibitively,ternary,0
prohibitively,trend,0
prohibitively,sparsity,0
prohibitively,recent,0
prohibitively,static,0
prohibitively,surface,0
prohibitively,significant,0
prohibitively,temporal,0
prohibitively,validate,0
prohibitively,spatial-temporal,0
prohibitively,single,0
prohibitively,task,0
prohibitively,step,0
prohibitively,traffic,0
prohibitively,synthetic,0
prohibitively,real,0
prohibitively,visual,0
prohibitively,remote,0
prohibitively,splitting,0
prohibitively,rgb,0
prohibitively,show,0
prohibitively,structural,0
prohibitively,success,0
prohibitively,variation,0
prohibitively,reactions,0
prohibitively,unit,0
prohibitively,targets,0
prohibitively,utilization,0
prohibitively,structures,0
prohibitively,video,0
prohibitively,traditional,0
prohibitively,stability,0
prohibitively,sample,0
prohibitively,tree,0
prohibitively,types,0
prohibitively,reported,0
prohibitively,remarkable,0
elsevier,intuitively,0
elsevier,variously,0
elsevier,interacts,0
elsevier,mikae,0
elsevier,lutea,0
elsevier,water-splitting,0
elsevier,pharmacology,0
elsevier,meiosis,0
elsevier,roofs,0
elsevier,hyperlinks,0
elsevier,standards,0
elsevier,tcga,0
elsevier,pei-gcn,0
elsevier,gqa,0
elsevier,pharmacological,0
elsevier,three-dimensional,0
elsevier,thousands,0
elsevier,hours,0
elsevier,roads,0
elsevier,seoul,0
elsevier,prohibitively,0
elsevier,psycholinguistic,0
elsevier,nitrogen-rich,0
elsevier,tubes,0
elsevier,granger,0
elsevier,self-healing,0
elsevier,households,0
elsevier,viable,0
elsevier,trna,0
elsevier,u-shaped,0
elsevier,pressure,0
elsevier,f-score,0
elsevier,requirement,0
elsevier,topologically,0
elsevier,wavelengths,0
elsevier,markers,0
elsevier,n-acetyltransferase,0
elsevier,trypanosoma,0
elsevier,harmful,0
elsevier,hemisphere,0
elsevier,gps,0
elsevier,obu,0
elsevier,heparin,0
elsevier,kitti,0
elsevier,s-triazine,0
elsevier,photoreduction,0
elsevier,ethereum,0
elsevier,smiles,0
elsevier,escherichia,0
elsevier,rnas,0
elsevier,pca,0
elsevier,molecule,0
elsevier,nanosized,0
elsevier,skeletongait,0
elsevier,metsulfuron,0
elsevier,gcaru,0
elsevier,kinetoplastid,0
elsevier,unconventional,0
elsevier,unifying,0
elsevier,u-net,0
elsevier,psf,0
elsevier,presentation,0
elsevier,indonesia,0
elsevier,intratesticular,0
elsevier,single-granular,0
elsevier,tumor,0
elsevier,splitting,0
elsevier,reactions,0
elsevier,part,0
psycholinguistic,variously,0
psycholinguistic,wide,0
psycholinguistic,specifically,0
psycholinguistic,structure,0
psycholinguistic,water-splitting,0
psycholinguistic,rarely,0
psycholinguistic,published,0
psycholinguistic,reduced,0
psycholinguistic,roofs,0
psycholinguistic,systems,0
psycholinguistic,standards,0
psycholinguistic,rna,0
psycholinguistic,tcga,0
psycholinguistic,result,0
psycholinguistic,three-dimensional,0
psycholinguistic,recombination,0
psycholinguistic,real-world,0
psycholinguistic,thousands,0
psycholinguistic,roads,0
psycholinguistic,utilized,0
psycholinguistic,seoul,0
psycholinguistic,time-consuming,0
psycholinguistic,tubes,0
psycholinguistic,work,0
psycholinguistic,self-healing,0
psycholinguistic,similar,0
psycholinguistic,smoothing,0
psycholinguistic,study,0
psycholinguistic,viable,0
psycholinguistic,trna,0
psycholinguistic,string,0
psycholinguistic,sgc,0
psycholinguistic,u-shaped,0
psycholinguistic,samples,0
psycholinguistic,requirement,0
psycholinguistic,separation,0
psycholinguistic,topologically,0
psycholinguistic,wavelengths,0
psycholinguistic,sets,0
psycholinguistic,simultaneously,0
psycholinguistic,resulting,0
psycholinguistic,trypanosoma,0
psycholinguistic,sciences,0
psycholinguistic,transformers,0
psycholinguistic,videos,0
psycholinguistic,rely,0
psycholinguistic,relation,0
psycholinguistic,relations,0
psycholinguistic,typically,0
psycholinguistic,understanding,0
psycholinguistic,s-triazine,0
psycholinguistic,sites,0
psycholinguistic,smiles,0
psycholinguistic,technologies,0
psycholinguistic,svm,0
psycholinguistic,softmax,0
psycholinguistic,similarity,0
psycholinguistic,rnas,0
psycholinguistic,recently,0
psycholinguistic,secure,0
psycholinguistic,words,0
psycholinguistic,transformer,0
psycholinguistic,system,0
psycholinguistic,water,0
psycholinguistic,wiki,0
psycholinguistic,surge,0
psycholinguistic,skeleton,0
psycholinguistic,vehicle,0
psycholinguistic,subgraph,0
psycholinguistic,xps,0
psycholinguistic,skeleton-based,0
psycholinguistic,skeletongait,0
psycholinguistic,revealed,0
psycholinguistic,pubmed,0
psycholinguistic,sentiments,0
psycholinguistic,role,0
psycholinguistic,unconventional,0
psycholinguistic,relationships,0
psycholinguistic,represent,0
psycholinguistic,unifying,0
psycholinguistic,topic,0
psycholinguistic,updated,0
psycholinguistic,training,0
psycholinguistic,u-net,0
psycholinguistic,supervised,0
psycholinguistic,works,0
psycholinguistic,showed,0
psycholinguistic,technique,0
psycholinguistic,time,0
psycholinguistic,single-granular,0
psycholinguistic,user,0
psycholinguistic,set,0
psycholinguistic,tumor,0
psycholinguistic,target,0
psycholinguistic,studies,0
psycholinguistic,recognition,0
psycholinguistic,ternary,0
psycholinguistic,trend,0
psycholinguistic,sparsity,0
psycholinguistic,static,0
psycholinguistic,surface,0
psycholinguistic,significant,0
psycholinguistic,temporal,0
psycholinguistic,validate,0
psycholinguistic,spatial-temporal,0
psycholinguistic,single,0
psycholinguistic,task,0
psycholinguistic,step,0
psycholinguistic,traffic,0
psycholinguistic,synthetic,0
psycholinguistic,real,0
psycholinguistic,visual,0
psycholinguistic,remote,0
psycholinguistic,splitting,0
psycholinguistic,rgb,0
psycholinguistic,show,0
psycholinguistic,structural,0
psycholinguistic,success,0
psycholinguistic,variation,0
psycholinguistic,reactions,0
psycholinguistic,unit,0
psycholinguistic,targets,0
psycholinguistic,utilization,0
psycholinguistic,structures,0
psycholinguistic,video,0
psycholinguistic,traditional,0
psycholinguistic,stability,0
psycholinguistic,sample,0
psycholinguistic,tree,0
psycholinguistic,types,0
psycholinguistic,reported,0
psycholinguistic,remarkable,0
attack,drug-drug,0
attack,intuitively,0
attack,inferred,0
attack,variously,0
attack,demonstrates,0
attack,dual,0
attack,interacts,0
attack,mikae,0
attack,eastern,0
attack,bulbosa,0
attack,colomatta,0
attack,lutea,0
attack,ignore,0
attack,benefit,0
attack,connecting,0
attack,low-pass,0
attack,attributes,0
attack,metal,0
attack,cocatalyst-free,0
attack,water-splitting,0
attack,rarely,0
attack,concentrated,0
attack,pharmacology,0
attack,published,0
attack,curated,0
attack,generally,0
attack,meiosis,0
attack,roofs,0
attack,cancers,0
attack,hyperlinks,0
attack,independently,0
attack,differently,0
attack,explicitly,0
attack,continuation,0
attack,standards,0
attack,rna,0
attack,tcga,0
attack,pei-gcn,0
attack,gqa,0
attack,membranes,0
attack,beneficial,0
attack,pharmacological,0
attack,three-dimensional,0
attack,fast,0
attack,recombination,0
attack,dempster-shafer,0
attack,thousands,0
attack,hours,0
attack,owing,0
attack,roads,0
attack,utilized,0
attack,determination,0
attack,seoul,0
attack,proteins,0
attack,encoded,0
attack,time-consuming,0
attack,prohibitively,0
attack,elsevier,0
attack,psycholinguistic,0
attack,heterojunction,0
attack,nitrogen-rich,0
attack,tubes,0
attack,chemical,0
attack,liquid,0
attack,work,0
attack,granger,0
attack,established,0
attack,mixed,0
attack,capability,0
attack,self-healing,0
attack,dual-stimulus,0
attack,households,0
attack,viable,0
attack,trna,0
attack,cutting-thin,0
attack,string,0
attack,descriptor,0
attack,sgc,0
attack,u-shaped,0
attack,samples,0
attack,couplings,0
attack,pressure,0
attack,f-score,0
attack,auc,0
attack,requirement,0
attack,numerous,0
attack,topologically,0
attack,wavelengths,0
attack,sets,0
attack,markers,0
attack,n-acetyltransferase,0
attack,resulting,0
attack,investigations,0
attack,trypanosoma,0
attack,sciences,0
attack,medica,0
attack,plant,0
attack,harmful,0
attack,videos,0
attack,language,0
attack,theory,0
attack,leading,0
attack,rely,0
attack,decisions,0
attack,heavily,0
attack,hemisphere,0
attack,gps,0
attack,obu,0
attack,material,0
attack,heparin,0
attack,relation,0
attack,relations,0
attack,typically,0
attack,firstly,0
attack,understanding,0
attack,imdb,0
attack,kitti,0
attack,s-triazine,0
attack,mscoco,0
attack,cloud,0
attack,points,0
attack,photoreduction,0
attack,ethereum,0
attack,smiles,0
attack,catalysts,0
attack,capacity,0
attack,svm,0
attack,knn,0
attack,softmax,0
attack,chloroform,0
attack,formed,0
attack,escherichia,0
attack,euclidean,0
attack,patients,0
attack,patient,0
attack,rnas,0
attack,fourier,0
attack,initiative,0
attack,pca,0
attack,copy,0
attack,fixation,0
attack,molecules,0
attack,molecule,0
attack,ntu,0
attack,unsupervised,0
attack,matthews,0
attack,nlp,0
attack,words,0
attack,transformer,0
attack,wiki,0
attack,nanosized,0
attack,surge,0
attack,data-driven,0
attack,kinetics,0
attack,dft,0
attack,skeleton,0
attack,canadian,0
attack,guided,0
attack,end,0
attack,layer,0
attack,subgraph,0
attack,ftir,0
attack,skeleton-based,0
attack,euler,0
attack,skeletongait,0
attack,graph-based,0
attack,informative,0
attack,dependencies,0
attack,metsulfuron,0
attack,conduct,0
attack,meaningful,0
attack,gcaru,0
attack,probability,0
attack,pubmed,0
attack,sentiments,0
attack,electron,0
attack,kinetoplastid,0
attack,unconventional,0
attack,cgcnimp,0
attack,mcc,0
attack,auroc,0
attack,auprc,0
attack,generative,0
attack,dmax,0
attack,unifying,0
attack,embeddings,0
attack,laplacian,0
attack,topic,0
attack,updated,0
attack,correlations,0
attack,u-net,0
attack,psf,0
attack,optimal,0
attack,presentation,0
attack,indonesia,0
attack,pooling,0
attack,intratesticular,0
attack,factors,0
attack,propagation,0
attack,learn,0
attack,neighbor,0
attack,evolution,0
attack,cfz,0
attack,single-granular,0
attack,optical,0
attack,desirable,0
attack,modalities,0
attack,representations,0
attack,introduce,0
attack,expression,0
attack,user,0
attack,predict,0
attack,tumor,0
attack,identify,0
attack,challenges,0
attack,ternary,0
attack,trend,0
attack,sparsity,0
attack,faces,0
attack,static,0
attack,gene,0
attack,immune,0
attack,number,0
attack,gat,0
attack,interaction,0
attack,energy,0
attack,synthetic,0
attack,visual,0
attack,layouts,0
attack,cells,0
attack,remote,0
attack,splitting,0
attack,rgb,0
attack,processing,0
attack,pairs,0
attack,employed,0
attack,include,0
attack,captures,0
attack,learns,0
attack,cases,0
attack,variation,0
attack,reactions,0
attack,correction,0
attack,great,0
attack,targets,0
attack,multi-scale,0
attack,utilization,0
attack,neighbors,0
attack,part,0
attack,progress,0
attack,video,0
attack,focuses,0
attack,stability,0
attack,pollutants,0
attack,tree,0
attack,motion,0
attack,types,0
attack,protein,0
attack,point,0
attack,reported,0
attack,remarkable,0
attack,background,0
attack,center,0
attack,bind,0
attack,band,0
heterojunction,paper,0
heterojunction,named,0
heterojunction,intuitively,0
heterojunction,inferred,0
heterojunction,variously,0
heterojunction,specifically,0
heterojunction,interacts,0
heterojunction,mikae,0
heterojunction,lutea,0
heterojunction,input,0
heterojunction,ignore,0
heterojunction,low-pass,0
heterojunction,water-splitting,0
heterojunction,literature,0
heterojunction,rarely,0
heterojunction,pharmacology,0
heterojunction,meiosis,0
heterojunction,roofs,0
heterojunction,hyperlinks,0
heterojunction,independently,0
heterojunction,network,0
heterojunction,standards,0
heterojunction,networks,0
heterojunction,noise,0
heterojunction,rna,0
heterojunction,tcga,0
heterojunction,pei-gcn,0
heterojunction,proposes,0
heterojunction,membranes,0
heterojunction,models,0
heterojunction,pharmacological,0
heterojunction,three-dimensional,0
heterojunction,problem,0
heterojunction,node,0
heterojunction,limited,0
heterojunction,real-world,0
heterojunction,thousands,0
heterojunction,hours,0
heterojunction,owing,0
heterojunction,propose,0
heterojunction,roads,0
heterojunction,tasks,0
heterojunction,seoul,0
heterojunction,proteins,0
heterojunction,time-consuming,0
heterojunction,prohibitively,0
heterojunction,psycholinguistic,0
heterojunction,liquid,0
heterojunction,nodes,0
heterojunction,self-healing,0
heterojunction,smoothing,0
heterojunction,perform,0
heterojunction,households,0
heterojunction,viable,0
heterojunction,trna,0
heterojunction,outperform,0
heterojunction,string,0
heterojunction,sgc,0
heterojunction,u-shaped,0
heterojunction,pressure,0
heterojunction,requirement,0
heterojunction,topologically,0
heterojunction,wavelengths,0
heterojunction,sets,0
heterojunction,simultaneously,0
heterojunction,markers,0
heterojunction,n-acetyltransferase,0
heterojunction,resulting,0
heterojunction,trypanosoma,0
heterojunction,sciences,0
heterojunction,medica,0
heterojunction,plant,0
heterojunction,transformers,0
heterojunction,videos,0
heterojunction,years,0
heterojunction,language,0
heterojunction,rely,0
heterojunction,obu,0
heterojunction,relation,0
heterojunction,relations,0
heterojunction,typically,0
heterojunction,understanding,0
heterojunction,imdb,0
heterojunction,kitti,0
heterojunction,s-triazine,0
heterojunction,mscoco,0
heterojunction,model,0
heterojunction,points,0
heterojunction,lstm,0
heterojunction,smiles,0
heterojunction,svm,0
heterojunction,knn,0
heterojunction,softmax,0
heterojunction,patients,0
heterojunction,patient,0
heterojunction,similarity,0
heterojunction,rnas,0
heterojunction,initiative,0
heterojunction,pca,0
heterojunction,recently,0
heterojunction,molecule,0
heterojunction,ntu,0
heterojunction,unsupervised,0
heterojunction,matthews,0
heterojunction,secure,0
heterojunction,nlp,0
heterojunction,words,0
heterojunction,transformer,0
heterojunction,wiki,0
heterojunction,surge,0
heterojunction,skeleton,0
heterojunction,vehicle,0
heterojunction,layer,0
heterojunction,learning,0
heterojunction,subgraph,0
heterojunction,skeleton-based,0
heterojunction,skeletongait,0
heterojunction,informative,0
heterojunction,meaningful,0
heterojunction,probability,0
heterojunction,pubmed,0
heterojunction,sentiments,0
heterojunction,kinetoplastid,0
heterojunction,unconventional,0
heterojunction,mcc,0
heterojunction,optimization,0
heterojunction,relationships,0
heterojunction,representation,0
heterojunction,represent,0
heterojunction,unifying,0
heterojunction,laplacian,0
heterojunction,topic,0
heterojunction,updated,0
heterojunction,local,0
heterojunction,training,0
heterojunction,u-net,0
heterojunction,supervised,0
heterojunction,works,0
heterojunction,psf,0
heterojunction,presentation,0
heterojunction,indonesia,0
heterojunction,pooling,0
heterojunction,intratesticular,0
heterojunction,key,0
heterojunction,technique,0
heterojunction,prediction,0
heterojunction,propagation,0
heterojunction,learn,0
heterojunction,neighbor,0
heterojunction,single-granular,0
heterojunction,modalities,0
heterojunction,module,0
heterojunction,representations,0
heterojunction,introduce,0
heterojunction,neural,0
heterojunction,user,0
heterojunction,management,0
heterojunction,predict,0
heterojunction,set,0
heterojunction,tumor,0
heterojunction,recognition,0
heterojunction,identify,0
heterojunction,trend,0
heterojunction,sparsity,0
heterojunction,recent,0
heterojunction,static,0
heterojunction,immune,0
heterojunction,knowledge,0
heterojunction,temporal,0
heterojunction,identification,0
heterojunction,predicting,0
heterojunction,validate,0
heterojunction,spatial-temporal,0
heterojunction,single,0
heterojunction,interaction,0
heterojunction,layers,0
heterojunction,task,0
heterojunction,machine,0
heterojunction,traffic,0
heterojunction,visual,0
heterojunction,layouts,0
heterojunction,remote,0
heterojunction,rgb,0
heterojunction,processing,0
heterojunction,previous,0
heterojunction,include,0
heterojunction,learns,0
heterojunction,success,0
heterojunction,identifying,0
heterojunction,memory,0
heterojunction,unit,0
heterojunction,patterns,0
heterojunction,multi-scale,0
heterojunction,neighbors,0
heterojunction,progress,0
heterojunction,video,0
heterojunction,tree,0
heterojunction,motion,0
heterojunction,types,0
heterojunction,protein,0
heterojunction,remarkable,0
nitrogen-rich,paper,0
nitrogen-rich,variously,0
nitrogen-rich,wide,0
nitrogen-rich,specifically,0
nitrogen-rich,structure,0
nitrogen-rich,water-splitting,0
nitrogen-rich,present,0
nitrogen-rich,rarely,0
nitrogen-rich,pharmacology,0
nitrogen-rich,published,0
nitrogen-rich,reduced,0
nitrogen-rich,roofs,0
nitrogen-rich,obtained,0
nitrogen-rich,systems,0
nitrogen-rich,standards,0
nitrogen-rich,noise,0
nitrogen-rich,rna,0
nitrogen-rich,tcga,0
nitrogen-rich,pei-gcn,0
nitrogen-rich,proposes,0
nitrogen-rich,pharmacological,0
nitrogen-rich,three-dimensional,0
nitrogen-rich,problem,0
nitrogen-rich,node,0
nitrogen-rich,performance,0
nitrogen-rich,recombination,0
nitrogen-rich,real-world,0
nitrogen-rich,thousands,0
nitrogen-rich,owing,0
nitrogen-rich,propose,0
nitrogen-rich,roads,0
nitrogen-rich,tasks,0
nitrogen-rich,utilized,0
nitrogen-rich,process,0
nitrogen-rich,seoul,0
nitrogen-rich,proteins,0
nitrogen-rich,time-consuming,0
nitrogen-rich,prohibitively,0
nitrogen-rich,psycholinguistic,0
nitrogen-rich,nodes,0
nitrogen-rich,self-healing,0
nitrogen-rich,similar,0
nitrogen-rich,smoothing,0
nitrogen-rich,perform,0
nitrogen-rich,study,0
nitrogen-rich,presents,0
nitrogen-rich,viable,0
nitrogen-rich,trna,0
nitrogen-rich,outperform,0
nitrogen-rich,string,0
nitrogen-rich,sgc,0
nitrogen-rich,u-shaped,0
nitrogen-rich,samples,0
nitrogen-rich,research,0
nitrogen-rich,pressure,0
nitrogen-rich,requirement,0
nitrogen-rich,numerous,0
nitrogen-rich,topologically,0
nitrogen-rich,wavelengths,0
nitrogen-rich,sets,0
nitrogen-rich,simultaneously,0
nitrogen-rich,resulting,0
nitrogen-rich,photocatalyst,0
nitrogen-rich,trypanosoma,0
nitrogen-rich,sciences,0
nitrogen-rich,plant,0
nitrogen-rich,transformers,0
nitrogen-rich,videos,0
nitrogen-rich,years,0
nitrogen-rich,theory,0
nitrogen-rich,rely,0
nitrogen-rich,obu,0
nitrogen-rich,relation,0
nitrogen-rich,relations,0
nitrogen-rich,typically,0
nitrogen-rich,understanding,0
nitrogen-rich,s-triazine,0
nitrogen-rich,sites,0
nitrogen-rich,points,0
nitrogen-rich,photoreduction,0
nitrogen-rich,smiles,0
nitrogen-rich,technologies,0
nitrogen-rich,svm,0
nitrogen-rich,softmax,0
nitrogen-rich,patients,0
nitrogen-rich,patient,0
nitrogen-rich,similarity,0
nitrogen-rich,rnas,0
nitrogen-rich,pca,0
nitrogen-rich,recently,0
nitrogen-rich,ntu,0
nitrogen-rich,unsupervised,0
nitrogen-rich,secure,0
nitrogen-rich,nlp,0
nitrogen-rich,words,0
nitrogen-rich,transformer,0
nitrogen-rich,system,0
nitrogen-rich,wiki,0
nitrogen-rich,surge,0
nitrogen-rich,skeleton,0
nitrogen-rich,vehicle,0
nitrogen-rich,results,0
nitrogen-rich,subgraph,0
nitrogen-rich,xps,0
nitrogen-rich,pose,0
nitrogen-rich,skeleton-based,0
nitrogen-rich,skeletongait,0
nitrogen-rich,proposed,0
nitrogen-rich,revealed,0
nitrogen-rich,probability,0
nitrogen-rich,spatial,0
nitrogen-rich,pubmed,0
nitrogen-rich,sentiments,0
nitrogen-rich,role,0
nitrogen-rich,unconventional,0
nitrogen-rich,optimization,0
nitrogen-rich,relationships,0
nitrogen-rich,representation,0
nitrogen-rich,represent,0
nitrogen-rich,unifying,0
nitrogen-rich,topic,0
nitrogen-rich,updated,0
nitrogen-rich,training,0
nitrogen-rich,u-net,0
nitrogen-rich,supervised,0
nitrogen-rich,works,0
nitrogen-rich,showed,0
nitrogen-rich,psf,0
nitrogen-rich,optimal,0
nitrogen-rich,presentation,0
nitrogen-rich,pooling,0
nitrogen-rich,technique,0
nitrogen-rich,prediction,0
nitrogen-rich,propagation,0
nitrogen-rich,time,0
nitrogen-rich,single-granular,0
nitrogen-rich,optical,0
nitrogen-rich,representations,0
nitrogen-rich,user,0
nitrogen-rich,predict,0
nitrogen-rich,set,0
nitrogen-rich,tumor,0
nitrogen-rich,target,0
nitrogen-rich,studies,0
nitrogen-rich,recognition,0
nitrogen-rich,ternary,0
nitrogen-rich,trend,0
nitrogen-rich,sparsity,0
nitrogen-rich,recent,0
nitrogen-rich,static,0
nitrogen-rich,surface,0
nitrogen-rich,significant,0
nitrogen-rich,temporal,0
nitrogen-rich,predicting,0
nitrogen-rich,number,0
nitrogen-rich,validate,0
nitrogen-rich,spatial-temporal,0
nitrogen-rich,single,0
nitrogen-rich,task,0
nitrogen-rich,step,0
nitrogen-rich,traffic,0
nitrogen-rich,synthetic,0
nitrogen-rich,real,0
nitrogen-rich,visual,0
nitrogen-rich,remote,0
nitrogen-rich,parameters,0
nitrogen-rich,rgb,0
nitrogen-rich,show,0
nitrogen-rich,processing,0
nitrogen-rich,previous,0
nitrogen-rich,pairs,0
nitrogen-rich,structural,0
nitrogen-rich,success,0
nitrogen-rich,variation,0
nitrogen-rich,reactions,0
nitrogen-rich,unit,0
nitrogen-rich,patterns,0
nitrogen-rich,targets,0
nitrogen-rich,utilization,0
nitrogen-rich,structures,0
nitrogen-rich,part,0
nitrogen-rich,progress,0
nitrogen-rich,video,0
nitrogen-rich,traditional,0
nitrogen-rich,stability,0
nitrogen-rich,sample,0
nitrogen-rich,pollutants,0
nitrogen-rich,tree,0
nitrogen-rich,types,0
nitrogen-rich,protein,0
nitrogen-rich,point,0
nitrogen-rich,reported,0
nitrogen-rich,remarkable,0
tubes,variously,0
tubes,wide,0
tubes,water-splitting,0
tubes,utilized,0
tubes,viable,0
tubes,u-shaped,0
tubes,wavelengths,0
tubes,videos,0
tubes,years,0
tubes,typically,0
tubes,understanding,0
tubes,unsupervised,0
tubes,words,0
tubes,wiki,0
tubes,vehicle,0
tubes,xps,0
tubes,unconventional,0
tubes,unifying,0
tubes,updated,0
tubes,u-net,0
tubes,works,0
tubes,user,0
tubes,tumor,0
tubes,validate,0
tubes,visual,0
tubes,variation,0
tubes,unit,0
tubes,utilization,0
tubes,video,0
tubes,types,0
chemical,intuitively,0
chemical,inferred,0
chemical,variously,0
chemical,dual,0
chemical,interacts,0
chemical,mikae,0
chemical,eastern,0
chemical,colomatta,0
chemical,lutea,0
chemical,connecting,0
chemical,low-pass,0
chemical,cocatalyst-free,0
chemical,water-splitting,0
chemical,rarely,0
chemical,concentrated,0
chemical,pharmacology,0
chemical,curated,0
chemical,common,0
chemical,meiosis,0
chemical,gap,0
chemical,roofs,0
chemical,explicitly,0
chemical,continuation,0
chemical,noise,0
chemical,extracting,0
chemical,rna,0
chemical,tcga,0
chemical,pei-gcn,0
chemical,gqa,0
chemical,three-dimensional,0
chemical,dempster-shafer,0
chemical,thousands,0
chemical,hours,0
chemical,roads,0
chemical,seoul,0
chemical,encoded,0
chemical,prohibitively,0
chemical,psycholinguistic,0
chemical,nitrogen-rich,0
chemical,tubes,0
chemical,granger,0
chemical,self-healing,0
chemical,dual-stimulus,0
chemical,smoothing,0
chemical,households,0
chemical,presents,0
chemical,trna,0
chemical,cutting-thin,0
chemical,string,0
chemical,descriptor,0
chemical,sgc,0
chemical,u-shaped,0
chemical,couplings,0
chemical,pressure,0
chemical,f-score,0
chemical,requirement,0
chemical,numerous,0
chemical,topologically,0
chemical,wavelengths,0
chemical,markers,0
chemical,n-acetyltransferase,0
chemical,investigations,0
chemical,trypanosoma,0
chemical,plant,0
chemical,transformers,0
chemical,videos,0
chemical,language,0
chemical,leading,0
chemical,decisions,0
chemical,hemisphere,0
chemical,gps,0
chemical,obu,0
chemical,heparin,0
chemical,relation,0
chemical,relations,0
chemical,typically,0
chemical,firstly,0
chemical,imdb,0
chemical,kitti,0
chemical,s-triazine,0
chemical,mscoco,0
chemical,cnn,0
chemical,cloud,0
chemical,points,0
chemical,ethereum,0
chemical,smiles,0
chemical,svm,0
chemical,knn,0
chemical,softmax,0
chemical,chloroform,0
chemical,formed,0
chemical,euclidean,0
chemical,patients,0
chemical,patient,0
chemical,initiative,0
chemical,copy,0
chemical,ntu,0
chemical,edges,0
chemical,unsupervised,0
chemical,matthews,0
chemical,secure,0
chemical,nlp,0
chemical,words,0
chemical,wiki,0
chemical,nanosized,0
chemical,surge,0
chemical,data-driven,0
chemical,dft,0
chemical,skeleton,0
chemical,vehicle,0
chemical,guided,0
chemical,subgraph,0
chemical,skeleton-based,0
chemical,euler,0
chemical,skeletongait,0
chemical,informative,0
chemical,dependencies,0
chemical,metsulfuron,0
chemical,conduct,0
chemical,meaningful,0
chemical,gcaru,0
chemical,probability,0
chemical,pubmed,0
chemical,sentiments,0
chemical,kinetoplastid,0
chemical,unconventional,0
chemical,mcc,0
chemical,relationships,0
chemical,represent,0
chemical,generative,0
chemical,dmax,0
chemical,unifying,0
chemical,embeddings,0
chemical,laplacian,0
chemical,updated,0
chemical,u-net,0
chemical,supervised,0
chemical,works,0
chemical,generate,0
chemical,psf,0
chemical,presentation,0
chemical,indonesia,0
chemical,pooling,0
chemical,intratesticular,0
chemical,daily,0
chemical,single-granular,0
chemical,modalities,0
chemical,introduce,0
chemical,expression,0
chemical,user,0
chemical,management,0
chemical,tumor,0
chemical,recognition,0
chemical,trend,0
chemical,sparsity,0
chemical,faces,0
chemical,static,0
chemical,validate,0
chemical,spatial-temporal,0
chemical,real,0
chemical,visual,0
chemical,layouts,0
chemical,remote,0
chemical,rgb,0
chemical,processing,0
chemical,memory,0
chemical,unit,0
chemical,correction,0
chemical,constructing,0
chemical,functions,0
chemical,multi-scale,0
chemical,neighbors,0
chemical,progress,0
chemical,video,0
chemical,focuses,0
chemical,diffusion,0
chemical,tree,0
chemical,motion,0
chemical,point,0
liquid,paper,0
liquid,named,0
liquid,methods,0
liquid,variously,0
liquid,wide,0
liquid,specifically,0
liquid,mikae,0
liquid,lutea,0
liquid,low-pass,0
liquid,water-splitting,0
liquid,literature,0
liquid,rarely,0
liquid,pharmacology,0
liquid,meiosis,0
liquid,roofs,0
liquid,systems,0
liquid,standards,0
liquid,noise,0
liquid,rna,0
liquid,tcga,0
liquid,pei-gcn,0
liquid,proposes,0
liquid,membranes,0
liquid,pharmacological,0
liquid,three-dimensional,0
liquid,problem,0
liquid,node,0
liquid,real-world,0
liquid,thousands,0
liquid,owing,0
liquid,propose,0
liquid,roads,0
liquid,tasks,0
liquid,utilized,0
liquid,seoul,0
liquid,proteins,0
liquid,time-consuming,0
liquid,prohibitively,0
liquid,psycholinguistic,0
liquid,nitrogen-rich,0
liquid,tubes,0
liquid,nodes,0
liquid,mixed,0
liquid,self-healing,0
liquid,smoothing,0
liquid,perform,0
liquid,study,0
liquid,strategy,0
liquid,viable,0
liquid,trna,0
liquid,outperform,0
liquid,string,0
liquid,sgc,0
liquid,u-shaped,0
liquid,samples,0
liquid,research,0
liquid,pressure,0
liquid,requirement,0
liquid,numerous,0
liquid,separation,0
liquid,topologically,0
liquid,wavelengths,0
liquid,sets,0
liquid,simultaneously,0
liquid,markers,0
liquid,n-acetyltransferase,0
liquid,trypanosoma,0
liquid,plant,0
liquid,transformers,0
liquid,videos,0
liquid,years,0
liquid,theory,0
liquid,rely,0
liquid,obu,0
liquid,relation,0
liquid,relations,0
liquid,typically,0
liquid,understanding,0
liquid,s-triazine,0
liquid,mscoco,0
liquid,points,0
liquid,photoreduction,0
liquid,lstm,0
liquid,smiles,0
liquid,svm,0
liquid,softmax,0
liquid,patients,0
liquid,patient,0
liquid,similarity,0
liquid,rnas,0
liquid,pca,0
liquid,molecules,0
liquid,molecule,0
liquid,ntu,0
liquid,unsupervised,0
liquid,matthews,0
liquid,secure,0
liquid,nlp,0
liquid,words,0
liquid,transformer,0
liquid,wiki,0
liquid,nanosized,0
liquid,surge,0
liquid,skeleton,0
liquid,vehicle,0
liquid,subgraph,0
liquid,pose,0
liquid,skeleton-based,0
liquid,skeletongait,0
liquid,metsulfuron,0
liquid,meaningful,0
liquid,probability,0
liquid,methodology,0
liquid,spatial,0
liquid,pubmed,0
liquid,sentiments,0
liquid,unconventional,0
liquid,mcc,0
liquid,relationships,0
liquid,representation,0
liquid,represent,0
liquid,unifying,0
liquid,topic,0
liquid,updated,0
liquid,local,0
liquid,training,0
liquid,u-net,0
liquid,supervised,0
liquid,works,0
liquid,psf,0
liquid,optimal,0
liquid,presentation,0
liquid,pooling,0
liquid,technique,0
liquid,propagation,0
liquid,neighbor,0
liquid,single-granular,0
liquid,modalities,0
liquid,module,0
liquid,representations,0
liquid,neural,0
liquid,user,0
liquid,management,0
liquid,predict,0
liquid,set,0
liquid,tumor,0
liquid,target,0
liquid,studies,0
liquid,recognition,0
liquid,ternary,0
liquid,trend,0
liquid,sparsity,0
liquid,recent,0
liquid,static,0
liquid,temporal,0
liquid,validate,0
liquid,spatial-temporal,0
liquid,single,0
liquid,step,0
liquid,machine,0
liquid,traffic,0
liquid,synthetic,0
liquid,real,0
liquid,visual,0
liquid,remote,0
liquid,splitting,0
liquid,parameters,0
liquid,rgb,0
liquid,show,0
liquid,processing,0
liquid,previous,0
liquid,success,0
liquid,variation,0
liquid,unit,0
liquid,targets,0
liquid,multi-scale,0
liquid,utilization,0
liquid,neighbors,0
liquid,part,0
liquid,progress,0
liquid,video,0
liquid,traditional,0
liquid,sample,0
liquid,tree,0
liquid,motion,0
liquid,types,0
liquid,protein,0
liquid,point,0
liquid,reported,0
graphitic,intuitively,0
graphitic,interacts,0
graphitic,mikae,0
graphitic,lutea,0
graphitic,input,0
graphitic,ignore,0
graphitic,low-pass,0
graphitic,literature,0
graphitic,rarely,0
graphitic,pharmacology,0
graphitic,meiosis,0
graphitic,roofs,0
graphitic,hyperlinks,0
graphitic,independently,0
graphitic,networks,0
graphitic,noise,0
graphitic,rna,0
graphitic,tcga,0
graphitic,pei-gcn,0
graphitic,models,0
graphitic,three-dimensional,0
graphitic,problem,0
graphitic,node,0
graphitic,thousands,0
graphitic,hours,0
graphitic,roads,0
graphitic,tasks,0
graphitic,seoul,0
graphitic,proteins,0
graphitic,time-consuming,0
graphitic,prohibitively,0
graphitic,psycholinguistic,0
graphitic,nitrogen-rich,0
graphitic,tubes,0
graphitic,nodes,0
graphitic,self-healing,0
graphitic,smoothing,0
graphitic,households,0
graphitic,trna,0
graphitic,outperform,0
graphitic,string,0
graphitic,sgc,0
graphitic,u-shaped,0
graphitic,pressure,0
graphitic,sets,0
graphitic,markers,0
graphitic,n-acetyltransferase,0
graphitic,trypanosoma,0
graphitic,plant,0
graphitic,transformers,0
graphitic,videos,0
graphitic,language,0
graphitic,rely,0
graphitic,heavily,0
graphitic,hemisphere,0
graphitic,obu,0
graphitic,heparin,0
graphitic,relation,0
graphitic,relations,0
graphitic,typically,0
graphitic,imdb,0
graphitic,kitti,0
graphitic,mscoco,0
graphitic,points,0
graphitic,photoreduction,0
graphitic,lstm,0
graphitic,smiles,0
graphitic,svm,0
graphitic,knn,0
graphitic,softmax,0
graphitic,patients,0
graphitic,patient,0
graphitic,similarity,0
graphitic,rnas,0
graphitic,initiative,0
graphitic,pca,0
graphitic,recently,0
graphitic,ntu,0
graphitic,unsupervised,0
graphitic,matthews,0
graphitic,secure,0
graphitic,nlp,0
graphitic,words,0
graphitic,transformer,0
graphitic,wiki,0
graphitic,nanosized,0
graphitic,surge,0
graphitic,vehicle,0
graphitic,guided,0
graphitic,learning,0
graphitic,subgraph,0
graphitic,pose,0
graphitic,skeleton-based,0
graphitic,skeletongait,0
graphitic,informative,0
graphitic,meaningful,0
graphitic,probability,0
graphitic,pubmed,0
graphitic,sentiments,0
graphitic,kinetoplastid,0
graphitic,unconventional,0
graphitic,mcc,0
graphitic,relationships,0
graphitic,representation,0
graphitic,represent,0
graphitic,unifying,0
graphitic,laplacian,0
graphitic,updated,0
graphitic,local,0
graphitic,training,0
graphitic,u-net,0
graphitic,supervised,0
graphitic,works,0
graphitic,psf,0
graphitic,presentation,0
graphitic,indonesia,0
graphitic,pooling,0
graphitic,intratesticular,0
graphitic,key,0
graphitic,prediction,0
graphitic,propagation,0
graphitic,learn,0
graphitic,neighbor,0
graphitic,single-granular,0
graphitic,modalities,0
graphitic,module,0
graphitic,representations,0
graphitic,neural,0
graphitic,user,0
graphitic,management,0
graphitic,predict,0
graphitic,tumor,0
graphitic,sparsity,0
graphitic,static,0
graphitic,immune,0
graphitic,temporal,0
graphitic,identification,0
graphitic,predicting,0
graphitic,validate,0
graphitic,spatial-temporal,0
graphitic,single,0
graphitic,task,0
graphitic,machine,0
graphitic,traffic,0
graphitic,visual,0
graphitic,layouts,0
graphitic,remote,0
graphitic,rgb,0
graphitic,previous,0
graphitic,include,0
graphitic,learns,0
graphitic,success,0
graphitic,identifying,0
graphitic,memory,0
graphitic,patterns,0
graphitic,multi-scale,0
graphitic,neighbors,0
graphitic,progress,0
graphitic,video,0
graphitic,tree,0
graphitic,motion,0
graphitic,protein,0
gcn,intuitively,0
gcn,pharmacology,0
gcn,meiosis,0
gcn,roofs,0
gcn,hyperlinks,0
gcn,pei-gcn,0
gcn,seoul,0
gcn,prohibitively,0
gcn,self-healing,0
gcn,households,0
gcn,trna,0
gcn,string,0
gcn,u-shaped,0
gcn,n-acetyltransferase,0
gcn,trypanosoma,0
gcn,obu,0
gcn,heparin,0
gcn,skeletongait,0
gcn,kinetoplastid,0
gcn,unconventional,0
gcn,mcc,0
gcn,psf,0
gcn,layouts,0
granger,paper,0
granger,named,0
granger,method,0
granger,intuitively,0
granger,inferred,0
granger,variously,0
granger,wide,0
granger,specifically,0
granger,interacts,0
granger,structure,0
granger,mikae,0
granger,lutea,0
granger,input,0
granger,ignore,0
granger,graph,0
granger,low-pass,0
granger,metal,0
granger,water-splitting,0
granger,nitride,0
granger,present,0
granger,literature,0
granger,rarely,0
granger,pharmacology,0
granger,published,0
granger,meiosis,0
granger,increasing,0
granger,reduced,0
granger,roofs,0
granger,hyperlinks,0
granger,independently,0
granger,obtained,0
granger,systems,0
granger,network,0
granger,standards,0
granger,networks,0
granger,rna,0
granger,tcga,0
granger,pei-gcn,0
granger,proposes,0
granger,membranes,0
granger,models,0
granger,result,0
granger,pharmacological,0
granger,three-dimensional,0
granger,node,0
granger,limited,0
granger,recombination,0
granger,thousands,0
granger,hours,0
granger,owing,0
granger,roads,0
granger,tasks,0
granger,utilized,0
granger,process,0
granger,seoul,0
granger,proteins,0
granger,time-consuming,0
granger,prohibitively,0
granger,psycholinguistic,0
granger,heterojunction,0
granger,nitrogen-rich,0
granger,tubes,0
granger,liquid,0
granger,work,0
granger,graphitic,0
granger,nodes,0
granger,mixed,0
granger,self-healing,0
granger,similar,0
granger,smoothing,0
granger,perform,0
granger,households,0
granger,study,0
granger,strategy,0
granger,presents,0
granger,viable,0
granger,trna,0
granger,outperform,0
granger,string,0
granger,sgc,0
granger,u-shaped,0
granger,samples,0
granger,research,0
granger,pressure,0
granger,graphs,0
granger,requirement,0
granger,numerous,0
granger,separation,0
granger,topologically,0
granger,wavelengths,0
granger,sets,0
granger,simultaneously,0
granger,markers,0
granger,n-acetyltransferase,0
granger,holes,0
granger,resulting,0
granger,photocatalyst,0
granger,investigations,0
granger,trypanosoma,0
granger,sciences,0
granger,medica,0
granger,plant,0
granger,transformers,0
granger,harmful,0
granger,videos,0
granger,years,0
granger,language,0
granger,theory,0
granger,leading,0
granger,rely,0
granger,heavily,0
granger,hemisphere,0
granger,obu,0
granger,material,0
granger,heparin,0
granger,relation,0
granger,relations,0
granger,typically,0
granger,understanding,0
granger,imdb,0
granger,kitti,0
granger,s-triazine,0
granger,mscoco,0
granger,heterogeneous,0
granger,sites,0
granger,points,0
granger,improve,0
granger,photoreduction,0
granger,smiles,0
granger,technologies,0
granger,svm,0
granger,knn,0
granger,softmax,0
granger,patients,0
granger,patient,0
granger,similarity,0
granger,rnas,0
granger,initiative,0
granger,pca,0
granger,recently,0
granger,molecules,0
granger,molecule,0
granger,ntu,0
granger,unsupervised,0
granger,matthews,0
granger,secure,0
granger,nlp,0
granger,words,0
granger,transformer,0
granger,system,0
granger,water,0
granger,wiki,0
granger,nanosized,0
granger,surge,0
granger,kinetics,0
granger,skeleton,0
granger,vehicle,0
granger,guided,0
granger,layer,0
granger,learning,0
granger,subgraph,0
granger,xps,0
granger,pose,0
granger,skeleton-based,0
granger,skeletongait,0
granger,graph-based,0
granger,informative,0
granger,proposed,0
granger,metsulfuron,0
granger,meaningful,0
granger,revealed,0
granger,probability,0
granger,methodology,0
granger,spatial,0
granger,pubmed,0
granger,sentiments,0
granger,information,0
granger,role,0
granger,kinetoplastid,0
granger,unconventional,0
granger,mcc,0
granger,optimization,0
granger,relationships,0
granger,representation,0
granger,represent,0
granger,unifying,0
granger,laplacian,0
granger,topic,0
granger,updated,0
granger,local,0
granger,training,0
granger,u-net,0
granger,supervised,0
granger,works,0
granger,showed,0
granger,psf,0
granger,optimal,0
granger,presentation,0
granger,indonesia,0
granger,pooling,0
granger,intratesticular,0
granger,key,0
granger,human,0
granger,technique,0
granger,prediction,0
granger,propagation,0
granger,neighbor,0
granger,single-granular,0
granger,optical,0
granger,modalities,0
granger,high,0
granger,representations,0
granger,introduce,0
granger,user,0
granger,management,0
granger,predict,0
granger,set,0
granger,tumor,0
granger,target,0
granger,studies,0
granger,recognition,0
granger,identify,0
granger,multiple,0
granger,ternary,0
granger,trend,0
granger,sparsity,0
granger,recent,0
granger,static,0
granger,surface,0
granger,significant,0
granger,immune,0
granger,knowledge,0
granger,identification,0
granger,predicting,0
granger,number,0
granger,validate,0
granger,spatial-temporal,0
granger,single,0
granger,interaction,0
granger,layers,0
granger,task,0
granger,step,0
granger,machine,0
granger,traffic,0
granger,synthetic,0
granger,real,0
granger,visual,0
granger,layouts,0
granger,remote,0
granger,splitting,0
granger,parameters,0
granger,rgb,0
granger,improved,0
granger,large,0
granger,processing,0
granger,pairs,0
granger,include,0
granger,learns,0
granger,photocatalytic,0
granger,structural,0
granger,success,0
granger,identifying,0
granger,important,0
granger,reactions,0
granger,unit,0
granger,patterns,0
granger,great,0
granger,light,0
granger,targets,0
granger,multi-scale,0
granger,utilization,0
granger,structures,0
granger,neighbors,0
granger,part,0
granger,progress,0
granger,video,0
granger,traditional,0
granger,stability,0
granger,sample,0
granger,pollutants,0
granger,tree,0
granger,motion,0
granger,types,0
granger,protein,0
granger,point,0
granger,reported,0
granger,remarkable,0
nodes,variously,0
nodes,water-splitting,0
nodes,pharmacology,0
nodes,roofs,0
nodes,pei-gcn,0
nodes,pharmacological,0
nodes,recombination,0
nodes,roads,0
nodes,seoul,0
nodes,prohibitively,0
nodes,psycholinguistic,0
nodes,tubes,0
nodes,self-healing,0
nodes,trna,0
nodes,sgc,0
nodes,topologically,0
nodes,wavelengths,0
nodes,photocatalyst,0
nodes,trypanosoma,0
nodes,sciences,0
nodes,obu,0
nodes,s-triazine,0
nodes,photoreduction,0
nodes,smiles,0
nodes,pca,0
nodes,xps,0
nodes,skeletongait,0
nodes,sentiments,0
nodes,unconventional,0
nodes,unifying,0
nodes,psf,0
nodes,presentation,0
nodes,optical,0
nodes,ternary,0
nodes,splitting,0
nodes,photocatalytic,0
nodes,reactions,0
nodes,pollutants,0
established,intuitively,0
established,inferred,0
established,variously,0
established,wide,0
established,interacts,0
established,mikae,0
established,lutea,0
established,low-pass,0
established,water-splitting,0
established,literature,0
established,pharmacology,0
established,published,0
established,generally,0
established,meiosis,0
established,reduced,0
established,roofs,0
established,hyperlinks,0
established,independently,0
established,explicitly,0
established,extracting,0
established,rna,0
established,tcga,0
established,pei-gcn,0
established,gqa,0
established,membranes,0
established,result,0
established,pharmacological,0
established,thousands,0
established,hours,0
established,owing,0
established,roads,0
established,seoul,0
established,prohibitively,0
established,psycholinguistic,0
established,nitrogen-rich,0
established,tubes,0
established,liquid,0
established,granger,0
established,mixed,0
established,excellent,0
established,self-healing,0
established,smoothing,0
established,households,0
established,viable,0
established,trna,0
established,string,0
established,sgc,0
established,u-shaped,0
established,f-score,0
established,numerous,0
established,topologically,0
established,wavelengths,0
established,markers,0
established,n-acetyltransferase,0
established,trypanosoma,0
established,sciences,0
established,medica,0
established,plant,0
established,transformers,0
established,harmful,0
established,videos,0
established,years,0
established,hemisphere,0
established,gps,0
established,obu,0
established,heparin,0
established,relation,0
established,relations,0
established,typically,0
established,understanding,0
established,imdb,0
established,kitti,0
established,s-triazine,0
established,mscoco,0
established,points,0
established,photoreduction,0
established,ethereum,0
established,smiles,0
established,svm,0
established,knn,0
established,softmax,0
established,formed,0
established,euclidean,0
established,patient,0
established,initiative,0
established,pca,0
established,fixation,0
established,molecule,0
established,ntu,0
established,unsupervised,0
established,secure,0
established,nlp,0
established,words,0
established,transformer,0
established,wiki,0
established,nanosized,0
established,surge,0
established,layer,0
established,subgraph,0
established,ftir,0
established,pose,0
established,euler,0
established,skeletongait,0
established,metsulfuron,0
established,meaningful,0
established,gcaru,0
established,probability,0
established,methodology,0
established,pubmed,0
established,sentiments,0
established,kinetoplastid,0
established,unconventional,0
established,represent,0
established,generative,0
established,unifying,0
established,topic,0
established,updated,0
established,u-net,0
established,generate,0
established,psf,0
established,presentation,0
established,indonesia,0
established,intratesticular,0
established,evolution,0
established,single-granular,0
established,modalities,0
established,introduce,0
established,set,0
established,tumor,0
established,ternary,0
established,trend,0
established,static,0
established,immune,0
established,gat,0
established,synthetic,0
established,visual,0
established,layouts,0
established,remote,0
established,splitting,0
established,rgb,0
established,pairs,0
established,include,0
established,variation,0
established,reactions,0
established,unit,0
established,great,0
established,targets,0
established,multi-scale,0
established,neighbors,0
established,progress,0
established,sample,0
established,motion,0
established,protein,0
established,remarkable,0
mixed,variously,0
mixed,water-splitting,0
mixed,present,0
mixed,rarely,0
mixed,pharmacology,0
mixed,reduced,0
mixed,roofs,0
mixed,standards,0
mixed,rna,0
mixed,tcga,0
mixed,pei-gcn,0
mixed,pharmacological,0
mixed,thousands,0
mixed,owing,0
mixed,roads,0
mixed,utilized,0
mixed,seoul,0
mixed,prohibitively,0
mixed,psycholinguistic,0
mixed,nitrogen-rich,0
mixed,tubes,0
mixed,nodes,0
mixed,similar,0
mixed,smoothing,0
mixed,perform,0
mixed,viable,0
mixed,trna,0
mixed,outperform,0
mixed,string,0
mixed,sgc,0
mixed,u-shaped,0
mixed,pressure,0
mixed,requirement,0
mixed,numerous,0
mixed,topologically,0
mixed,wavelengths,0
mixed,simultaneously,0
mixed,n-acetyltransferase,0
mixed,resulting,0
mixed,photocatalyst,0
mixed,trypanosoma,0
mixed,sciences,0
mixed,plant,0
mixed,transformers,0
mixed,videos,0
mixed,theory,0
mixed,obu,0
mixed,relation,0
mixed,relations,0
mixed,typically,0
mixed,s-triazine,0
mixed,mscoco,0
mixed,photoreduction,0
mixed,technologies,0
mixed,svm,0
mixed,softmax,0
mixed,patients,0
mixed,patient,0
mixed,rnas,0
mixed,pca,0
mixed,recently,0
mixed,molecules,0
mixed,ntu,0
mixed,secure,0
mixed,nlp,0
mixed,words,0
mixed,transformer,0
mixed,water,0
mixed,wiki,0
mixed,nanosized,0
mixed,surge,0
mixed,skeleton,0
mixed,subgraph,0
mixed,pose,0
mixed,skeleton-based,0
mixed,skeletongait,0
mixed,revealed,0
mixed,pubmed,0
mixed,sentiments,0
mixed,unconventional,0
mixed,represent,0
mixed,unifying,0
mixed,topic,0
mixed,updated,0
mixed,supervised,0
mixed,psf,0
mixed,optimal,0
mixed,presentation,0
mixed,pooling,0
mixed,technique,0
mixed,neighbor,0
mixed,single-granular,0
mixed,modalities,0
mixed,set,0
mixed,ternary,0
mixed,trend,0
mixed,sparsity,0
mixed,static,0
mixed,predicting,0
mixed,validate,0
mixed,step,0
mixed,synthetic,0
mixed,visual,0
mixed,splitting,0
mixed,rgb,0
mixed,success,0
mixed,variation,0
mixed,reactions,0
mixed,multi-scale,0
mixed,utilization,0
mixed,structures,0
mixed,part,0
mixed,progress,0
mixed,sample,0
mixed,tree,0
mixed,reported,0
excellent,intuitively,0
excellent,interacts,0
excellent,mikae,0
excellent,lutea,0
excellent,low-pass,0
excellent,water-splitting,0
excellent,rarely,0
excellent,pharmacology,0
excellent,meiosis,0
excellent,roofs,0
excellent,hyperlinks,0
excellent,independently,0
excellent,explicitly,0
excellent,standards,0
excellent,extracting,0
excellent,tcga,0
excellent,pei-gcn,0
excellent,gqa,0
excellent,three-dimensional,0
excellent,thousands,0
excellent,roads,0
excellent,seoul,0
excellent,prohibitively,0
excellent,psycholinguistic,0
excellent,nitrogen-rich,0
excellent,tubes,0
excellent,granger,0
excellent,households,0
excellent,viable,0
excellent,trna,0
excellent,string,0
excellent,sgc,0
excellent,u-shaped,0
excellent,pressure,0
excellent,f-score,0
excellent,numerous,0
excellent,topologically,0
excellent,wavelengths,0
excellent,markers,0
excellent,n-acetyltransferase,0
excellent,holes,0
excellent,investigations,0
excellent,trypanosoma,0
excellent,transformers,0
excellent,rely,0
excellent,heavily,0
excellent,hemisphere,0
excellent,gps,0
excellent,obu,0
excellent,heparin,0
excellent,typically,0
excellent,imdb,0
excellent,s-triazine,0
excellent,mscoco,0
excellent,points,0
excellent,photoreduction,0
excellent,smiles,0
excellent,svm,0
excellent,softmax,0
excellent,rnas,0
excellent,fourier,0
excellent,initiative,0
excellent,pca,0
excellent,fixation,0
excellent,molecule,0
excellent,ntu,0
excellent,matthews,0
excellent,secure,0
excellent,nlp,0
excellent,wiki,0
excellent,nanosized,0
excellent,surge,0
excellent,guided,0
excellent,skeletongait,0
excellent,graph-based,0
excellent,metsulfuron,0
excellent,meaningful,0
excellent,gcaru,0
excellent,probability,0
excellent,pubmed,0
excellent,sentiments,0
excellent,kinetoplastid,0
excellent,unconventional,0
excellent,mcc,0
excellent,fenton,0
excellent,generative,0
excellent,unifying,0
excellent,topic,0
excellent,updated,0
excellent,u-net,0
excellent,psf,0
excellent,presentation,0
excellent,indonesia,0
excellent,intratesticular,0
excellent,technique,0
excellent,single-granular,0
excellent,management,0
excellent,trend,0
excellent,faces,0
excellent,static,0
excellent,predicting,0
excellent,gat,0
excellent,machine,0
excellent,visual,0
excellent,layouts,0
excellent,rgb,0
excellent,include,0
excellent,learns,0
excellent,success,0
excellent,patterns,0
excellent,functions,0
excellent,focuses,0
capability,drug-drug,0
capability,intuitively,0
capability,variously,0
capability,wide,0
capability,dual,0
capability,interacts,0
capability,mikae,0
capability,eastern,0
capability,colomatta,0
capability,lutea,0
capability,connecting,0
capability,low-pass,0
capability,metal,0
capability,cocatalyst-free,0
capability,water-splitting,0
capability,literature,0
capability,concentrated,0
capability,pharmacology,0
capability,curated,0
capability,meiosis,0
capability,roofs,0
capability,hyperlinks,0
capability,independently,0
capability,differently,0
capability,continuation,0
capability,standards,0
capability,rna,0
capability,tcga,0
capability,pei-gcn,0
capability,gqa,0
capability,membranes,0
capability,result,0
capability,three-dimensional,0
capability,dempster-shafer,0
capability,thousands,0
capability,hours,0
capability,determination,0
capability,seoul,0
capability,encoded,0
capability,prohibitively,0
capability,psycholinguistic,0
capability,nitrogen-rich,0
capability,tubes,0
capability,liquid,0
capability,granger,0
capability,households,0
capability,viable,0
capability,trna,0
capability,cutting-thin,0
capability,string,0
capability,descriptor,0
capability,sgc,0
capability,u-shaped,0
capability,couplings,0
capability,pressure,0
capability,f-score,0
capability,topologically,0
capability,wavelengths,0
capability,markers,0
capability,n-acetyltransferase,0
capability,holes,0
capability,photocatalyst,0
capability,investigations,0
capability,trypanosoma,0
capability,sciences,0
capability,medica,0
capability,plant,0
capability,transformers,0
capability,harmful,0
capability,theory,0
capability,hemisphere,0
capability,gps,0
capability,obu,0
capability,heparin,0
capability,imdb,0
capability,kitti,0
capability,s-triazine,0
capability,mscoco,0
capability,cloud,0
capability,photoreduction,0
capability,ethereum,0
capability,smiles,0
capability,catalysts,0
capability,svm,0
capability,escherichia,0
capability,rnas,0
capability,fourier,0
capability,initiative,0
capability,pca,0
capability,decades,0
capability,fixation,0
capability,molecule,0
capability,unsupervised,0
capability,matthews,0
capability,secure,0
capability,nlp,0
capability,wiki,0
capability,nanosized,0
capability,surge,0
capability,dft,0
capability,guided,0
capability,subgraph,0
capability,ftir,0
capability,xps,0
capability,euler,0
capability,skeletongait,0
capability,metsulfuron,0
capability,gcaru,0
capability,methodology,0
capability,pubmed,0
capability,sentiments,0
capability,kinetoplastid,0
capability,unconventional,0
capability,cgcnimp,0
capability,mcc,0
capability,optimization,0
capability,fenton,0
capability,dmax,0
capability,unifying,0
capability,laplacian,0
capability,topic,0
capability,updated,0
capability,u-net,0
capability,psf,0
capability,presentation,0
capability,indonesia,0
capability,intratesticular,0
capability,daily,0
capability,cfz,0
capability,single-granular,0
capability,optical,0
capability,desirable,0
capability,tumor,0
capability,dense,0
capability,ternary,0
capability,faces,0
capability,gene,0
capability,immune,0
capability,communication,0
capability,synthetic,0
capability,layouts,0
capability,splitting,0
capability,success,0
capability,reactions,0
capability,correction,0
capability,utilization,0
capability,neighbors,0
capability,pollutants,0
capability,diffusion,0
capability,reported,0
capability,center,0
self-healing,variously,0
self-healing,wide,0
self-healing,specifically,0
self-healing,structure,0
self-healing,water-splitting,0
self-healing,systems,0
self-healing,standards,0
self-healing,tcga,0
self-healing,three-dimensional,0
self-healing,thousands,0
self-healing,tasks,0
self-healing,utilized,0
self-healing,seoul,0
self-healing,time-consuming,0
self-healing,tubes,0
self-healing,work,0
self-healing,similar,0
self-healing,smoothing,0
self-healing,study,0
self-healing,strategy,0
self-healing,viable,0
self-healing,trna,0
self-healing,string,0
self-healing,sgc,0
self-healing,u-shaped,0
self-healing,separation,0
self-healing,topologically,0
self-healing,wavelengths,0
self-healing,sets,0
self-healing,simultaneously,0
self-healing,trypanosoma,0
self-healing,transformers,0
self-healing,videos,0
self-healing,years,0
self-healing,theory,0
self-healing,typically,0
self-healing,understanding,0
self-healing,smiles,0
self-healing,technologies,0
self-healing,svm,0
self-healing,softmax,0
self-healing,similarity,0
self-healing,unsupervised,0
self-healing,words,0
self-healing,transformer,0
self-healing,system,0
self-healing,water,0
self-healing,wiki,0
self-healing,surge,0
self-healing,skeleton,0
self-healing,vehicle,0
self-healing,subgraph,0
self-healing,xps,0
self-healing,skeleton-based,0
self-healing,skeletongait,0
self-healing,spatial,0
self-healing,sentiments,0
self-healing,unconventional,0
self-healing,unifying,0
self-healing,topic,0
self-healing,updated,0
self-healing,training,0
self-healing,u-net,0
self-healing,supervised,0
self-healing,works,0
self-healing,showed,0
self-healing,technique,0
self-healing,time,0
self-healing,single-granular,0
self-healing,user,0
self-healing,set,0
self-healing,tumor,0
self-healing,target,0
self-healing,studies,0
self-healing,ternary,0
self-healing,trend,0
self-healing,sparsity,0
self-healing,static,0
self-healing,surface,0
self-healing,significant,0
self-healing,temporal,0
self-healing,validate,0
self-healing,spatial-temporal,0
self-healing,single,0
self-healing,task,0
self-healing,step,0
self-healing,traffic,0
self-healing,synthetic,0
self-healing,visual,0
self-healing,splitting,0
self-healing,show,0
self-healing,structural,0
self-healing,success,0
self-healing,variation,0
self-healing,unit,0
self-healing,targets,0
self-healing,utilization,0
self-healing,structures,0
self-healing,video,0
self-healing,traditional,0
self-healing,stability,0
self-healing,tree,0
self-healing,types,0
dual-stimulus,paper,0
dual-stimulus,named,0
dual-stimulus,method,0
dual-stimulus,methods,0
dual-stimulus,intuitively,0
dual-stimulus,inferred,0
dual-stimulus,variously,0
dual-stimulus,wide,0
dual-stimulus,specifically,0
dual-stimulus,interacts,0
dual-stimulus,structure,0
dual-stimulus,mikae,0
dual-stimulus,eastern,0
dual-stimulus,lutea,0
dual-stimulus,input,0
dual-stimulus,existing,0
dual-stimulus,ignore,0
dual-stimulus,graph,0
dual-stimulus,low-pass,0
dual-stimulus,metal,0
dual-stimulus,water-splitting,0
dual-stimulus,nitride,0
dual-stimulus,present,0
dual-stimulus,literature,0
dual-stimulus,rarely,0
dual-stimulus,extract,0
dual-stimulus,pharmacology,0
dual-stimulus,published,0
dual-stimulus,generally,0
dual-stimulus,meiosis,0
dual-stimulus,increasing,0
dual-stimulus,reduced,0
dual-stimulus,gap,0
dual-stimulus,roofs,0
dual-stimulus,hyperlinks,0
dual-stimulus,independently,0
dual-stimulus,explicitly,0
dual-stimulus,obtained,0
dual-stimulus,generated,0
dual-stimulus,systems,0
dual-stimulus,network,0
dual-stimulus,standards,0
dual-stimulus,noise,0
dual-stimulus,extracting,0
dual-stimulus,rna,0
dual-stimulus,tcga,0
dual-stimulus,pei-gcn,0
dual-stimulus,gqa,0
dual-stimulus,proposes,0
dual-stimulus,membranes,0
dual-stimulus,models,0
dual-stimulus,result,0
dual-stimulus,pharmacological,0
dual-stimulus,efficient,0
dual-stimulus,three-dimensional,0
dual-stimulus,problem,0
dual-stimulus,node,0
dual-stimulus,performance,0
dual-stimulus,limited,0
dual-stimulus,fast,0
dual-stimulus,recombination,0
dual-stimulus,real-world,0
dual-stimulus,thousands,0
dual-stimulus,hours,0
dual-stimulus,owing,0
dual-stimulus,propose,0
dual-stimulus,roads,0
dual-stimulus,tasks,0
dual-stimulus,utilized,0
dual-stimulus,process,0
dual-stimulus,seoul,0
dual-stimulus,proteins,0
dual-stimulus,encoded,0
dual-stimulus,time-consuming,0
dual-stimulus,experimental,0
dual-stimulus,prohibitively,0
dual-stimulus,elsevier,0
dual-stimulus,psycholinguistic,0
dual-stimulus,heterojunction,0
dual-stimulus,nitrogen-rich,0
dual-stimulus,tubes,0
dual-stimulus,liquid,0
dual-stimulus,work,0
dual-stimulus,graphitic,0
dual-stimulus,gcn,0
dual-stimulus,granger,0
dual-stimulus,nodes,0
dual-stimulus,established,0
dual-stimulus,similar,0
dual-stimulus,smoothing,0
dual-stimulus,perform,0
dual-stimulus,households,0
dual-stimulus,study,0
dual-stimulus,strategy,0
dual-stimulus,presents,0
dual-stimulus,viable,0
dual-stimulus,trna,0
dual-stimulus,outperform,0
dual-stimulus,string,0
dual-stimulus,explore,0
dual-stimulus,sgc,0
dual-stimulus,u-shaped,0
dual-stimulus,samples,0
dual-stimulus,research,0
dual-stimulus,pressure,0
dual-stimulus,f-score,0
dual-stimulus,graphs,0
dual-stimulus,requirement,0
dual-stimulus,numerous,0
dual-stimulus,separation,0
dual-stimulus,topologically,0
dual-stimulus,wavelengths,0
dual-stimulus,sets,0
dual-stimulus,simultaneously,0
dual-stimulus,markers,0
dual-stimulus,n-acetyltransferase,0
dual-stimulus,holes,0
dual-stimulus,resulting,0
dual-stimulus,photocatalyst,0
dual-stimulus,investigations,0
dual-stimulus,trypanosoma,0
dual-stimulus,sciences,0
dual-stimulus,medica,0
dual-stimulus,plant,0
dual-stimulus,transformers,0
dual-stimulus,harmful,0
dual-stimulus,videos,0
dual-stimulus,features,0
dual-stimulus,years,0
dual-stimulus,language,0
dual-stimulus,theory,0
dual-stimulus,leading,0
dual-stimulus,rely,0
dual-stimulus,heavily,0
dual-stimulus,hemisphere,0
dual-stimulus,gps,0
dual-stimulus,obu,0
dual-stimulus,material,0
dual-stimulus,gcns,0
dual-stimulus,heparin,0
dual-stimulus,relation,0
dual-stimulus,relations,0
dual-stimulus,typically,0
dual-stimulus,firstly,0
dual-stimulus,understanding,0
dual-stimulus,imdb,0
dual-stimulus,kitti,0
dual-stimulus,s-triazine,0
dual-stimulus,mscoco,0
dual-stimulus,heterogeneous,0
dual-stimulus,model,0
dual-stimulus,due,0
dual-stimulus,points,0
dual-stimulus,efficiency,0
dual-stimulus,improve,0
dual-stimulus,photoreduction,0
dual-stimulus,ethereum,0
dual-stimulus,lstm,0
dual-stimulus,smiles,0
dual-stimulus,technologies,0
dual-stimulus,svm,0
dual-stimulus,knn,0
dual-stimulus,softmax,0
dual-stimulus,escherichia,0
dual-stimulus,euclidean,0
dual-stimulus,patients,0
dual-stimulus,patient,0
dual-stimulus,similarity,0
dual-stimulus,rnas,0
dual-stimulus,fourier,0
dual-stimulus,initiative,0
dual-stimulus,pca,0
dual-stimulus,recently,0
dual-stimulus,fixation,0
dual-stimulus,molecules,0
dual-stimulus,molecule,0
dual-stimulus,ntu,0
dual-stimulus,edges,0
dual-stimulus,unsupervised,0
dual-stimulus,matthews,0
dual-stimulus,secure,0
dual-stimulus,nlp,0
dual-stimulus,words,0
dual-stimulus,transformer,0
dual-stimulus,system,0
dual-stimulus,water,0
dual-stimulus,wiki,0
dual-stimulus,nanosized,0
dual-stimulus,effectively,0
dual-stimulus,surge,0
dual-stimulus,kinetics,0
dual-stimulus,skeleton,0
dual-stimulus,framework,0
dual-stimulus,vehicle,0
dual-stimulus,guided,0
dual-stimulus,end,0
dual-stimulus,layer,0
dual-stimulus,results,0
dual-stimulus,learning,0
dual-stimulus,subgraph,0
dual-stimulus,ftir,0
dual-stimulus,xps,0
dual-stimulus,pose,0
dual-stimulus,skeleton-based,0
dual-stimulus,euler,0
dual-stimulus,skeletongait,0
dual-stimulus,graph-based,0
dual-stimulus,informative,0
dual-stimulus,proposed,0
dual-stimulus,metsulfuron,0
dual-stimulus,meaningful,0
dual-stimulus,revealed,0
dual-stimulus,gcaru,0
dual-stimulus,probability,0
dual-stimulus,methodology,0
dual-stimulus,spatial,0
dual-stimulus,pubmed,0
dual-stimulus,sentiments,0
dual-stimulus,electron,0
dual-stimulus,information,0
dual-stimulus,evaluation,0
dual-stimulus,role,0
dual-stimulus,kinetoplastid,0
dual-stimulus,unconventional,0
dual-stimulus,mcc,0
dual-stimulus,optimization,0
dual-stimulus,relationships,0
dual-stimulus,representation,0
dual-stimulus,represent,0
dual-stimulus,fenton,0
dual-stimulus,generative,0
dual-stimulus,unifying,0
dual-stimulus,embeddings,0
dual-stimulus,laplacian,0
dual-stimulus,topic,0
dual-stimulus,updated,0
dual-stimulus,global,0
dual-stimulus,local,0
dual-stimulus,training,0
dual-stimulus,u-net,0
dual-stimulus,supervised,0
dual-stimulus,error,0
dual-stimulus,works,0
dual-stimulus,generate,0
dual-stimulus,showed,0
dual-stimulus,psf,0
dual-stimulus,optimal,0
dual-stimulus,presentation,0
dual-stimulus,indonesia,0
dual-stimulus,pooling,0
dual-stimulus,intratesticular,0
dual-stimulus,key,0
dual-stimulus,human,0
dual-stimulus,technique,0
dual-stimulus,prediction,0
dual-stimulus,factors,0
dual-stimulus,propagation,0
dual-stimulus,time,0
dual-stimulus,learn,0
dual-stimulus,neighbor,0
dual-stimulus,evolution,0
dual-stimulus,single-granular,0
dual-stimulus,optical,0
dual-stimulus,focus,0
dual-stimulus,modalities,0
dual-stimulus,high,0
dual-stimulus,module,0
dual-stimulus,representations,0
dual-stimulus,introduce,0
dual-stimulus,neural,0
dual-stimulus,expression,0
dual-stimulus,user,0
dual-stimulus,management,0
dual-stimulus,predict,0
dual-stimulus,feature,0
dual-stimulus,set,0
dual-stimulus,fully,0
dual-stimulus,tumor,0
dual-stimulus,target,0
dual-stimulus,studies,0
dual-stimulus,recognition,0
dual-stimulus,identify,0
dual-stimulus,multiple,0
dual-stimulus,ternary,0
dual-stimulus,trend,0
dual-stimulus,sparsity,0
dual-stimulus,faces,0
dual-stimulus,recent,0
dual-stimulus,static,0
dual-stimulus,gene,0
dual-stimulus,surface,0
dual-stimulus,significant,0
dual-stimulus,immune,0
dual-stimulus,knowledge,0
dual-stimulus,temporal,0
dual-stimulus,identification,0
dual-stimulus,predicting,0
dual-stimulus,number,0
dual-stimulus,validate,0
dual-stimulus,gat,0
dual-stimulus,spatial-temporal,0
dual-stimulus,single,0
dual-stimulus,interaction,0
dual-stimulus,layers,0
dual-stimulus,task,0
dual-stimulus,energy,0
dual-stimulus,step,0
dual-stimulus,machine,0
dual-stimulus,traffic,0
dual-stimulus,synthetic,0
dual-stimulus,real,0
dual-stimulus,visual,0
dual-stimulus,layouts,0
dual-stimulus,remote,0
dual-stimulus,splitting,0
dual-stimulus,parameters,0
dual-stimulus,rgb,0
dual-stimulus,improved,0
dual-stimulus,show,0
dual-stimulus,large,0
dual-stimulus,processing,0
dual-stimulus,previous,0
dual-stimulus,pairs,0
dual-stimulus,employed,0
dual-stimulus,include,0
dual-stimulus,learns,0
dual-stimulus,embedding,0
dual-stimulus,photocatalytic,0
dual-stimulus,structural,0
dual-stimulus,success,0
dual-stimulus,variation,0
dual-stimulus,identifying,0
dual-stimulus,important,0
dual-stimulus,reactions,0
dual-stimulus,memory,0
dual-stimulus,unit,0
dual-stimulus,gated,0
dual-stimulus,patterns,0
dual-stimulus,field,0
dual-stimulus,great,0
dual-stimulus,light,0
dual-stimulus,functions,0
dual-stimulus,targets,0
dual-stimulus,multi-scale,0
dual-stimulus,utilization,0
dual-stimulus,structures,0
dual-stimulus,neighbors,0
dual-stimulus,part,0
dual-stimulus,progress,0
dual-stimulus,video,0
dual-stimulus,focuses,0
dual-stimulus,traditional,0
dual-stimulus,stability,0
dual-stimulus,sample,0
dual-stimulus,pollutants,0
dual-stimulus,tree,0
dual-stimulus,motion,0
dual-stimulus,types,0
dual-stimulus,protein,0
dual-stimulus,point,0
dual-stimulus,reported,0
dual-stimulus,remarkable,0
similar,variously,0
similar,water-splitting,0
similar,standards,0
similar,tubes,0
similar,trna,0
similar,string,0
similar,u-shaped,0
similar,topologically,0
similar,wavelengths,0
similar,trypanosoma,0
similar,transformers,0
similar,theory,0
similar,smiles,0
similar,wiki,0
similar,surge,0
similar,vehicle,0
similar,skeletongait,0
similar,unconventional,0
similar,unifying,0
similar,updated,0
similar,u-net,0
similar,single-granular,0
similar,static,0
similar,traffic,0
similar,variation,0
similar,utilization,0
smoothing,variously,0
smoothing,wide,0
smoothing,water-splitting,0
smoothing,standards,0
smoothing,tcga,0
smoothing,three-dimensional,0
smoothing,thousands,0
smoothing,utilized,0
smoothing,tubes,0
smoothing,work,0
smoothing,viable,0
smoothing,trna,0
smoothing,string,0
smoothing,u-shaped,0
smoothing,topologically,0
smoothing,wavelengths,0
smoothing,trypanosoma,0
smoothing,transformers,0
smoothing,videos,0
smoothing,theory,0
smoothing,typically,0
smoothing,technologies,0
smoothing,svm,0
smoothing,softmax,0
smoothing,words,0
smoothing,transformer,0
smoothing,water,0
smoothing,surge,0
smoothing,vehicle,0
smoothing,subgraph,0
smoothing,xps,0
smoothing,unconventional,0
smoothing,unifying,0
smoothing,topic,0
smoothing,updated,0
smoothing,u-net,0
smoothing,user,0
smoothing,tumor,0
smoothing,studies,0
smoothing,ternary,0
smoothing,trend,0
smoothing,static,0
smoothing,surface,0
smoothing,temporal,0
smoothing,validate,0
smoothing,spatial-temporal,0
smoothing,traffic,0
smoothing,visual,0
smoothing,splitting,0
smoothing,variation,0
smoothing,utilization,0
smoothing,video,0
smoothing,stability,0
smoothing,tree,0
perform,variously,0
perform,water-splitting,0
perform,pharmacology,0
perform,roofs,0
perform,standards,0
perform,tcga,0
perform,pharmacological,0
perform,recombination,0
perform,thousands,0
perform,seoul,0
perform,prohibitively,0
perform,psycholinguistic,0
perform,tubes,0
perform,self-healing,0
perform,viable,0
perform,trna,0
perform,string,0
perform,pressure,0
perform,topologically,0
perform,wavelengths,0
perform,photocatalyst,0
perform,trypanosoma,0
perform,sciences,0
perform,plant,0
perform,s-triazine,0
perform,photoreduction,0
perform,svm,0
perform,surge,0
perform,xps,0
perform,skeletongait,0
perform,revealed,0
perform,pubmed,0
perform,unconventional,0
perform,unifying,0
perform,psf,0
perform,presentation,0
perform,single-granular,0
perform,ternary,0
perform,trend,0
perform,splitting,0
perform,photocatalytic,0
perform,progress,0
perform,pollutants,0
households,named,0
households,method,0
households,methods,0
households,intuitively,0
households,inferred,0
households,variously,0
households,wide,0
households,interacts,0
households,structure,0
households,mikae,0
households,lutea,0
households,input,0
households,ignore,0
households,low-pass,0
households,metal,0
households,water-splitting,0
households,nitride,0
households,present,0
households,rarely,0
households,pharmacology,0
households,published,0
households,meiosis,0
households,increasing,0
households,reduced,0
households,roofs,0
households,hyperlinks,0
households,independently,0
households,systems,0
households,standards,0
households,noise,0
households,rna,0
households,tcga,0
households,pei-gcn,0
households,membranes,0
households,result,0
households,pharmacological,0
households,three-dimensional,0
households,problem,0
households,node,0
households,performance,0
households,limited,0
households,recombination,0
households,real-world,0
households,thousands,0
households,owing,0
households,propose,0
households,roads,0
households,tasks,0
households,utilized,0
households,process,0
households,seoul,0
households,proteins,0
households,time-consuming,0
households,prohibitively,0
households,psycholinguistic,0
households,nitrogen-rich,0
households,tubes,0
households,liquid,0
households,nodes,0
households,mixed,0
households,self-healing,0
households,similar,0
households,smoothing,0
households,perform,0
households,study,0
households,strategy,0
households,presents,0
households,viable,0
households,trna,0
households,outperform,0
households,string,0
households,sgc,0
households,u-shaped,0
households,samples,0
households,research,0
households,pressure,0
households,requirement,0
households,numerous,0
households,separation,0
households,topologically,0
households,wavelengths,0
households,sets,0
households,simultaneously,0
households,markers,0
households,n-acetyltransferase,0
households,resulting,0
households,photocatalyst,0
households,investigations,0
households,trypanosoma,0
households,sciences,0
households,medica,0
households,plant,0
households,transformers,0
households,videos,0
households,years,0
households,language,0
households,theory,0
households,leading,0
households,rely,0
households,obu,0
households,material,0
households,relation,0
households,relations,0
households,typically,0
households,understanding,0
households,imdb,0
households,kitti,0
households,s-triazine,0
households,mscoco,0
households,sites,0
households,points,0
households,photoreduction,0
households,smiles,0
households,technologies,0
households,svm,0
households,knn,0
households,softmax,0
households,patients,0
households,patient,0
households,rnas,0
households,initiative,0
households,pca,0
households,recently,0
households,molecules,0
households,molecule,0
households,ntu,0
households,unsupervised,0
households,matthews,0
households,secure,0
households,nlp,0
households,words,0
households,transformer,0
households,water,0
households,wiki,0
households,nanosized,0
households,surge,0
households,kinetics,0
households,skeleton,0
households,layer,0
households,subgraph,0
households,xps,0
households,pose,0
households,skeleton-based,0
households,skeletongait,0
households,informative,0
households,metsulfuron,0
households,meaningful,0
households,revealed,0
households,probability,0
households,methodology,0
households,spatial,0
households,pubmed,0
households,sentiments,0
households,role,0
households,kinetoplastid,0
households,unconventional,0
households,mcc,0
households,relationships,0
households,representation,0
households,unifying,0
households,laplacian,0
households,topic,0
households,updated,0
households,local,0
households,training,0
households,u-net,0
households,supervised,0
households,showed,0
households,psf,0
households,optimal,0
households,presentation,0
households,indonesia,0
households,pooling,0
households,intratesticular,0
households,key,0
households,human,0
households,prediction,0
households,propagation,0
households,learn,0
households,neighbor,0
households,single-granular,0
households,optical,0
households,modalities,0
households,module,0
households,representations,0
households,introduce,0
households,user,0
households,predict,0
households,set,0
households,tumor,0
households,target,0
households,studies,0
households,recognition,0
households,identify,0
households,ternary,0
households,trend,0
households,sparsity,0
households,recent,0
households,static,0
households,surface,0
households,significant,0
households,immune,0
households,knowledge,0
households,identification,0
households,predicting,0
households,number,0
households,validate,0
households,spatial-temporal,0
households,interaction,0
households,layers,0
households,task,0
households,step,0
households,machine,0
households,traffic,0
households,synthetic,0
households,visual,0
households,layouts,0
households,remote,0
households,splitting,0
households,parameters,0
households,rgb,0
households,improved,0
households,show,0
households,large,0
households,processing,0
households,previous,0
households,pairs,0
households,include,0
households,learns,0
households,photocatalytic,0
households,structural,0
households,success,0
households,variation,0
households,identifying,0
households,important,0
households,reactions,0
households,unit,0
households,patterns,0
households,light,0
households,targets,0
households,multi-scale,0
households,utilization,0
households,structures,0
households,neighbors,0
households,part,0
households,progress,0
households,video,0
households,traditional,0
households,stability,0
households,sample,0
households,pollutants,0
households,tree,0
households,motion,0
households,types,0
households,protein,0
households,point,0
households,reported,0
households,remarkable,0
apartments,drug-drug,0
apartments,paper,0
apartments,named,0
apartments,method,0
apartments,methods,0
apartments,intuitively,0
apartments,inferred,0
apartments,variously,0
apartments,wide,0
apartments,specifically,0
apartments,demonstrates,0
apartments,dual,0
apartments,interacts,0
apartments,structure,0
apartments,mikae,0
apartments,eastern,0
apartments,bulbosa,0
apartments,colomatta,0
apartments,lutea,0
apartments,input,0
apartments,existing,0
apartments,approaches,0
apartments,ignore,0
apartments,benefit,0
apartments,connecting,0
apartments,considered,0
apartments,low-pass,0
apartments,attributes,0
apartments,metal,0
apartments,cocatalyst-free,0
apartments,water-splitting,0
apartments,nitride,0
apartments,present,0
apartments,literature,0
apartments,rarely,0
apartments,concentrated,0
apartments,extract,0
apartments,pharmacology,0
apartments,published,0
apartments,curated,0
apartments,generally,0
apartments,common,0
apartments,meiosis,0
apartments,increasing,0
apartments,reduced,0
apartments,gap,0
apartments,developed,0
apartments,roofs,0
apartments,cancers,0
apartments,hyperlinks,0
apartments,independently,0
apartments,differently,0
apartments,explicitly,0
apartments,attention,0
apartments,continuation,0
apartments,systems,0
apartments,standards,0
apartments,networks,0
apartments,noise,0
apartments,extracting,0
apartments,rna,0
apartments,tcga,0
apartments,pei-gcn,0
apartments,gqa,0
apartments,proposes,0
apartments,assist,0
apartments,critical,0
apartments,assessment,0
apartments,membranes,0
apartments,applications,0
apartments,models,0
apartments,result,0
apartments,beneficial,0
apartments,pharmacological,0
apartments,efficient,0
apartments,three-dimensional,0
apartments,classification,0
apartments,problem,0
apartments,node,0
apartments,performance,0
apartments,limited,0
apartments,fast,0
apartments,recombination,0
apartments,real-world,0
apartments,dempster-shafer,0
apartments,thousands,0
apartments,hours,0
apartments,owing,0
apartments,propose,0
apartments,roads,0
apartments,tasks,0
apartments,utilized,0
apartments,determination,0
apartments,process,0
apartments,seoul,0
apartments,proteins,0
apartments,encoded,0
apartments,time-consuming,0
apartments,experimental,0
apartments,prohibitively,0
apartments,elsevier,0
apartments,psycholinguistic,0
apartments,attack,0
apartments,heterojunction,0
apartments,nitrogen-rich,0
apartments,tubes,0
apartments,chemical,0
apartments,liquid,0
apartments,work,0
apartments,graphitic,0
apartments,gcn,0
apartments,granger,0
apartments,nodes,0
apartments,established,0
apartments,mixed,0
apartments,excellent,0
apartments,capability,0
apartments,self-healing,0
apartments,dual-stimulus,0
apartments,similar,0
apartments,smoothing,0
apartments,perform,0
apartments,study,0
apartments,strategy,0
apartments,presents,0
apartments,viable,0
apartments,trna,0
apartments,outperform,0
apartments,cutting-thin,0
apartments,string,0
apartments,descriptor,0
apartments,explore,0
apartments,sgc,0
apartments,u-shaped,0
apartments,samples,0
apartments,couplings,0
apartments,research,0
apartments,pressure,0
apartments,f-score,0
apartments,auc,0
apartments,graphs,0
apartments,requirement,0
apartments,numerous,0
apartments,separation,0
apartments,topologically,0
apartments,wavelengths,0
apartments,sets,0
apartments,simultaneously,0
apartments,markers,0
apartments,n-acetyltransferase,0
apartments,area,0
apartments,holes,0
apartments,resulting,0
apartments,photocatalyst,0
apartments,investigations,0
apartments,trypanosoma,0
apartments,sciences,0
apartments,medica,0
apartments,plant,0
apartments,transformers,0
apartments,harmful,0
apartments,videos,0
apartments,features,0
apartments,years,0
apartments,language,0
apartments,theory,0
apartments,leading,0
apartments,rely,0
apartments,decisions,0
apartments,heavily,0
apartments,hemisphere,0
apartments,gps,0
apartments,obu,0
apartments,material,0
apartments,gcns,0
apartments,heparin,0
apartments,relation,0
apartments,relations,0
apartments,typically,0
apartments,firstly,0
apartments,understanding,0
apartments,imdb,0
apartments,kitti,0
apartments,artifact,0
apartments,s-triazine,0
apartments,mscoco,0
apartments,heterogeneous,0
apartments,cnn,0
apartments,due,0
apartments,sites,0
apartments,cloud,0
apartments,points,0
apartments,efficiency,0
apartments,improve,0
apartments,photoreduction,0
apartments,ethereum,0
apartments,lstm,0
apartments,smiles,0
apartments,catalysts,0
apartments,technologies,0
apartments,capacity,0
apartments,svm,0
apartments,knn,0
apartments,softmax,0
apartments,chloroform,0
apartments,formed,0
apartments,escherichia,0
apartments,euclidean,0
apartments,patients,0
apartments,patient,0
apartments,similarity,0
apartments,rnas,0
apartments,fourier,0
apartments,initiative,0
apartments,pca,0
apartments,decades,0
apartments,copy,0
apartments,recently,0
apartments,fixation,0
apartments,molecules,0
apartments,molecule,0
apartments,ntu,0
apartments,edges,0
apartments,unsupervised,0
apartments,matthews,0
apartments,secure,0
apartments,nlp,0
apartments,words,0
apartments,transformer,0
apartments,water,0
apartments,wiki,0
apartments,datasets,0
apartments,nanosized,0
apartments,effectively,0
apartments,surge,0
apartments,data-driven,0
apartments,kinetics,0
apartments,dft,0
apartments,skeleton,0
apartments,canadian,0
apartments,framework,0
apartments,guided,0
apartments,end,0
apartments,layer,0
apartments,subgraph,0
apartments,ftir,0
apartments,xps,0
apartments,pose,0
apartments,skeleton-based,0
apartments,euler,0
apartments,skeletongait,0
apartments,graph-based,0
apartments,informative,0
apartments,dependencies,0
apartments,metsulfuron,0
apartments,conduct,0
apartments,meaningful,0
apartments,revealed,0
apartments,gcaru,0
apartments,probability,0
apartments,methodology,0
apartments,spatial,0
apartments,pubmed,0
apartments,sentiments,0
apartments,electron,0
apartments,information,0
apartments,evaluation,0
apartments,role,0
apartments,kinetoplastid,0
apartments,unconventional,0
apartments,cgcnimp,0
apartments,mcc,0
apartments,auroc,0
apartments,auprc,0
apartments,relationships,0
apartments,representation,0
apartments,represent,0
apartments,fenton,0
apartments,generative,0
apartments,dmax,0
apartments,unifying,0
apartments,embeddings,0
apartments,laplacian,0
apartments,topic,0
apartments,updated,0
apartments,global,0
apartments,local,0
apartments,training,0
apartments,correlations,0
apartments,u-net,0
apartments,supervised,0
apartments,error,0
apartments,works,0
apartments,generate,0
apartments,capture,0
apartments,showed,0
apartments,psf,0
apartments,optimal,0
apartments,presentation,0
apartments,indonesia,0
apartments,pooling,0
apartments,dataset,0
apartments,intratesticular,0
apartments,key,0
apartments,human,0
apartments,prediction,0
apartments,factors,0
apartments,propagation,0
apartments,time,0
apartments,daily,0
apartments,learn,0
apartments,neighbor,0
apartments,evolution,0
apartments,cfz,0
apartments,single-granular,0
apartments,optical,0
apartments,approach,0
apartments,focus,0
apartments,desirable,0
apartments,modalities,0
apartments,high,0
apartments,module,0
apartments,representations,0
apartments,introduce,0
apartments,neural,0
apartments,expression,0
apartments,user,0
apartments,predict,0
apartments,feature,0
apartments,set,0
apartments,fully,0
apartments,complex,0
apartments,tumor,0
apartments,target,0
apartments,studies,0
apartments,dense,0
apartments,recognition,0
apartments,identify,0
apartments,convolution,0
apartments,challenges,0
apartments,multiple,0
apartments,ternary,0
apartments,trend,0
apartments,sparsity,0
apartments,faces,0
apartments,recent,0
apartments,static,0
apartments,gene,0
apartments,surface,0
apartments,significant,0
apartments,immune,0
apartments,knowledge,0
apartments,temporal,0
apartments,identification,0
apartments,predicting,0
apartments,number,0
apartments,validate,0
apartments,gat,0
apartments,spatial-temporal,0
apartments,interaction,0
apartments,layers,0
apartments,task,0
apartments,challenging,0
apartments,energy,0
apartments,step,0
apartments,machine,0
apartments,traffic,0
apartments,communication,0
apartments,synthetic,0
apartments,real,0
apartments,visual,0
apartments,layouts,0
apartments,cells,0
apartments,remote,0
apartments,splitting,0
apartments,parameters,0
apartments,rgb,0
apartments,improved,0
apartments,show,0
apartments,large,0
apartments,processing,0
apartments,conditions,0
apartments,previous,0
apartments,pairs,0
apartments,employed,0
apartments,include,0
apartments,captures,0
apartments,learns,0
apartments,embedding,0
apartments,effective,0
apartments,photocatalytic,0
apartments,structural,0
apartments,success,0
apartments,cases,0
apartments,variation,0
apartments,identifying,0
apartments,important,0
apartments,reactions,0
apartments,unit,0
apartments,gated,0
apartments,patterns,0
apartments,field,0
apartments,correction,0
apartments,constructing,0
apartments,comprehensive,0
apartments,great,0
apartments,light,0
apartments,functions,0
apartments,targets,0
apartments,architecture,0
apartments,multi-scale,0
apartments,utilization,0
apartments,structures,0
apartments,neighbors,0
apartments,part,0
apartments,progress,0
apartments,video,0
apartments,focuses,0
apartments,capturing,0
apartments,traditional,0
apartments,stability,0
apartments,sample,0
apartments,designed,0
apartments,pollutants,0
apartments,behaviors,0
apartments,diffusion,0
apartments,tree,0
apartments,motion,0
apartments,types,0
apartments,protein,0
apartments,point,0
apartments,reported,0
apartments,remarkable,0
apartments,background,0
apartments,center,0
apartments,bind,0
apartments,band,0
study,variously,0
study,water-splitting,0
study,tubes,0
study,u-shaped,0
study,topologically,0
study,wavelengths,0
study,trypanosoma,0
study,wiki,0
study,subgraph,0
study,unconventional,0
study,unifying,0
strategy,variously,0
strategy,water-splitting,0
strategy,thousands,0
strategy,trna,0
strategy,u-shaped,0
strategy,topologically,0
strategy,wavelengths,0
strategy,trypanosoma,0
strategy,wiki,0
strategy,unconventional,0
strategy,unifying,0
strategy,u-net,0
strategy,tree,0
presents,variously,0
presents,water-splitting,0
presents,rarely,0
presents,roofs,0
presents,rna,0
presents,tcga,0
presents,three-dimensional,0
presents,thousands,0
presents,roads,0
presents,seoul,0
presents,proteins,0
presents,time-consuming,0
presents,prohibitively,0
presents,psycholinguistic,0
presents,tubes,0
presents,self-healing,0
presents,smoothing,0
presents,trna,0
presents,string,0
presents,sgc,0
presents,u-shaped,0
presents,pressure,0
presents,requirement,0
presents,topologically,0
presents,wavelengths,0
presents,trypanosoma,0
presents,sciences,0
presents,transformers,0
presents,videos,0
presents,rely,0
presents,typically,0
presents,s-triazine,0
presents,smiles,0
presents,technologies,0
presents,svm,0
presents,softmax,0
presents,rnas,0
presents,secure,0
presents,words,0
presents,wiki,0
presents,surge,0
presents,subgraph,0
presents,skeletongait,0
presents,probability,0
presents,sentiments,0
presents,unconventional,0
presents,unifying,0
presents,updated,0
presents,u-net,0
presents,psf,0
presents,single-granular,0
presents,tumor,0
presents,ternary,0
presents,trend,0
presents,sparsity,0
presents,static,0
presents,step,0
presents,splitting,0
presents,variation,0
presents,targets,0
presents,utilization,0
presents,progress,0
presents,stability,0
presents,tree,0
presents,protein,0
viable,wide,0
viable,water-splitting,0
viable,wavelengths,0
viable,videos,0
viable,years,0
viable,words,0
viable,wiki,0
viable,works,0
viable,visual,0
viable,video,0
trna,variously,0
trna,wide,0
trna,water-splitting,0
trna,utilized,0
trna,tubes,0
trna,work,0
trna,viable,0
trna,u-shaped,0
trna,wavelengths,0
trna,trypanosoma,0
trna,videos,0
trna,years,0
trna,understanding,0
trna,unsupervised,0
trna,words,0
trna,water,0
trna,wiki,0
trna,vehicle,0
trna,xps,0
trna,unconventional,0
trna,unifying,0
trna,updated,0
trna,u-net,0
trna,works,0
trna,user,0
trna,tumor,0
trna,validate,0
trna,visual,0
trna,variation,0
trna,unit,0
trna,utilization,0
trna,video,0
trna,types,0
outperform,variously,0
outperform,water-splitting,0
outperform,rarely,0
outperform,pharmacology,0
outperform,roofs,0
outperform,standards,0
outperform,tcga,0
outperform,pei-gcn,0
outperform,pharmacological,0
outperform,three-dimensional,0
outperform,recombination,0
outperform,thousands,0
outperform,seoul,0
outperform,prohibitively,0
outperform,tubes,0
outperform,self-healing,0
outperform,viable,0
outperform,trna,0
outperform,string,0
outperform,sgc,0
outperform,u-shaped,0
outperform,samples,0
outperform,pressure,0
outperform,separation,0
outperform,topologically,0
outperform,wavelengths,0
outperform,photocatalyst,0
outperform,trypanosoma,0
outperform,sciences,0
outperform,plant,0
outperform,transformers,0
outperform,videos,0
outperform,rely,0
outperform,s-triazine,0
outperform,photoreduction,0
outperform,smiles,0
outperform,technologies,0
outperform,svm,0
outperform,softmax,0
outperform,rnas,0
outperform,pca,0
outperform,secure,0
outperform,wiki,0
outperform,surge,0
outperform,skeleton,0
outperform,subgraph,0
outperform,xps,0
outperform,pose,0
outperform,skeleton-based,0
outperform,skeletongait,0
outperform,revealed,0
outperform,sentiments,0
outperform,unconventional,0
outperform,represent,0
outperform,unifying,0
outperform,updated,0
outperform,u-net,0
outperform,psf,0
outperform,presentation,0
outperform,pooling,0
outperform,single-granular,0
outperform,tumor,0
outperform,ternary,0
outperform,trend,0
outperform,sparsity,0
outperform,surface,0
outperform,splitting,0
outperform,rgb,0
outperform,photocatalytic,0
outperform,reactions,0
outperform,targets,0
outperform,part,0
outperform,progress,0
outperform,video,0
outperform,stability,0
outperform,pollutants,0
outperform,tree,0
outperform,point,0
outperform,remarkable,0
cutting-thin,drug-drug,0
cutting-thin,paper,0
cutting-thin,named,0
cutting-thin,method,0
cutting-thin,methods,0
cutting-thin,intuitively,0
cutting-thin,inferred,0
cutting-thin,variously,0
cutting-thin,wide,0
cutting-thin,specifically,0
cutting-thin,demonstrates,0
cutting-thin,dual,0
cutting-thin,interacts,0
cutting-thin,structure,0
cutting-thin,mikae,0
cutting-thin,eastern,0
cutting-thin,lutea,0
cutting-thin,input,0
cutting-thin,existing,0
cutting-thin,ignore,0
cutting-thin,graph,0
cutting-thin,low-pass,0
cutting-thin,metal,0
cutting-thin,water-splitting,0
cutting-thin,nitride,0
cutting-thin,present,0
cutting-thin,literature,0
cutting-thin,extract,0
cutting-thin,pharmacology,0
cutting-thin,published,0
cutting-thin,generally,0
cutting-thin,meiosis,0
cutting-thin,increasing,0
cutting-thin,reduced,0
cutting-thin,gap,0
cutting-thin,developed,0
cutting-thin,roofs,0
cutting-thin,hyperlinks,0
cutting-thin,independently,0
cutting-thin,differently,0
cutting-thin,explicitly,0
cutting-thin,generated,0
cutting-thin,systems,0
cutting-thin,network,0
cutting-thin,standards,0
cutting-thin,networks,0
cutting-thin,noise,0
cutting-thin,extracting,0
cutting-thin,rna,0
cutting-thin,tcga,0
cutting-thin,pei-gcn,0
cutting-thin,gqa,0
cutting-thin,proposes,0
cutting-thin,membranes,0
cutting-thin,models,0
cutting-thin,result,0
cutting-thin,pharmacological,0
cutting-thin,efficient,0
cutting-thin,three-dimensional,0
cutting-thin,problem,0
cutting-thin,node,0
cutting-thin,limited,0
cutting-thin,fast,0
cutting-thin,real-world,0
cutting-thin,dempster-shafer,0
cutting-thin,thousands,0
cutting-thin,hours,0
cutting-thin,owing,0
cutting-thin,propose,0
cutting-thin,roads,0
cutting-thin,tasks,0
cutting-thin,utilized,0
cutting-thin,determination,0
cutting-thin,seoul,0
cutting-thin,proteins,0
cutting-thin,encoded,0
cutting-thin,time-consuming,0
cutting-thin,experimental,0
cutting-thin,prohibitively,0
cutting-thin,psycholinguistic,0
cutting-thin,heterojunction,0
cutting-thin,nitrogen-rich,0
cutting-thin,tubes,0
cutting-thin,liquid,0
cutting-thin,work,0
cutting-thin,graphitic,0
cutting-thin,gcn,0
cutting-thin,granger,0
cutting-thin,nodes,0
cutting-thin,mixed,0
cutting-thin,excellent,0
cutting-thin,self-healing,0
cutting-thin,dual-stimulus,0
cutting-thin,similar,0
cutting-thin,smoothing,0
cutting-thin,perform,0
cutting-thin,households,0
cutting-thin,study,0
cutting-thin,strategy,0
cutting-thin,presents,0
cutting-thin,viable,0
cutting-thin,trna,0
cutting-thin,outperform,0
cutting-thin,string,0
cutting-thin,descriptor,0
cutting-thin,explore,0
cutting-thin,sgc,0
cutting-thin,u-shaped,0
cutting-thin,samples,0
cutting-thin,pressure,0
cutting-thin,f-score,0
cutting-thin,graphs,0
cutting-thin,requirement,0
cutting-thin,numerous,0
cutting-thin,separation,0
cutting-thin,topologically,0
cutting-thin,wavelengths,0
cutting-thin,sets,0
cutting-thin,simultaneously,0
cutting-thin,markers,0
cutting-thin,n-acetyltransferase,0
cutting-thin,holes,0
cutting-thin,resulting,0
cutting-thin,investigations,0
cutting-thin,trypanosoma,0
cutting-thin,sciences,0
cutting-thin,medica,0
cutting-thin,plant,0
cutting-thin,transformers,0
cutting-thin,harmful,0
cutting-thin,videos,0
cutting-thin,features,0
cutting-thin,years,0
cutting-thin,language,0
cutting-thin,theory,0
cutting-thin,leading,0
cutting-thin,rely,0
cutting-thin,decisions,0
cutting-thin,heavily,0
cutting-thin,hemisphere,0
cutting-thin,gps,0
cutting-thin,obu,0
cutting-thin,material,0
cutting-thin,gcns,0
cutting-thin,heparin,0
cutting-thin,relation,0
cutting-thin,relations,0
cutting-thin,typically,0
cutting-thin,firstly,0
cutting-thin,understanding,0
cutting-thin,imdb,0
cutting-thin,kitti,0
cutting-thin,s-triazine,0
cutting-thin,mscoco,0
cutting-thin,heterogeneous,0
cutting-thin,model,0
cutting-thin,due,0
cutting-thin,sites,0
cutting-thin,points,0
cutting-thin,efficiency,0
cutting-thin,improve,0
cutting-thin,photoreduction,0
cutting-thin,ethereum,0
cutting-thin,lstm,0
cutting-thin,smiles,0
cutting-thin,technologies,0
cutting-thin,svm,0
cutting-thin,knn,0
cutting-thin,softmax,0
cutting-thin,formed,0
cutting-thin,escherichia,0
cutting-thin,euclidean,0
cutting-thin,patients,0
cutting-thin,patient,0
cutting-thin,similarity,0
cutting-thin,rnas,0
cutting-thin,fourier,0
cutting-thin,initiative,0
cutting-thin,pca,0
cutting-thin,decades,0
cutting-thin,recently,0
cutting-thin,fixation,0
cutting-thin,molecules,0
cutting-thin,molecule,0
cutting-thin,ntu,0
cutting-thin,edges,0
cutting-thin,unsupervised,0
cutting-thin,matthews,0
cutting-thin,secure,0
cutting-thin,nlp,0
cutting-thin,words,0
cutting-thin,transformer,0
cutting-thin,system,0
cutting-thin,water,0
cutting-thin,wiki,0
cutting-thin,datasets,0
cutting-thin,data,0
cutting-thin,nanosized,0
cutting-thin,effectively,0
cutting-thin,surge,0
cutting-thin,data-driven,0
cutting-thin,kinetics,0
cutting-thin,dft,0
cutting-thin,skeleton,0
cutting-thin,framework,0
cutting-thin,vehicle,0
cutting-thin,guided,0
cutting-thin,end,0
cutting-thin,layer,0
cutting-thin,results,0
cutting-thin,learning,0
cutting-thin,subgraph,0
cutting-thin,ftir,0
cutting-thin,xps,0
cutting-thin,pose,0
cutting-thin,skeleton-based,0
cutting-thin,euler,0
cutting-thin,skeletongait,0
cutting-thin,graph-based,0
cutting-thin,informative,0
cutting-thin,dependencies,0
cutting-thin,proposed,0
cutting-thin,metsulfuron,0
cutting-thin,meaningful,0
cutting-thin,revealed,0
cutting-thin,gcaru,0
cutting-thin,probability,0
cutting-thin,methodology,0
cutting-thin,spatial,0
cutting-thin,pubmed,0
cutting-thin,sentiments,0
cutting-thin,information,0
cutting-thin,evaluation,0
cutting-thin,role,0
cutting-thin,kinetoplastid,0
cutting-thin,unconventional,0
cutting-thin,mcc,0
cutting-thin,optimization,0
cutting-thin,relationships,0
cutting-thin,representation,0
cutting-thin,represent,0
cutting-thin,fenton,0
cutting-thin,generative,0
cutting-thin,dmax,0
cutting-thin,unifying,0
cutting-thin,embeddings,0
cutting-thin,laplacian,0
cutting-thin,topic,0
cutting-thin,updated,0
cutting-thin,global,0
cutting-thin,local,0
cutting-thin,deep,0
cutting-thin,training,0
cutting-thin,u-net,0
cutting-thin,supervised,0
cutting-thin,error,0
cutting-thin,works,0
cutting-thin,generate,0
cutting-thin,showed,0
cutting-thin,psf,0
cutting-thin,presentation,0
cutting-thin,indonesia,0
cutting-thin,pooling,0
cutting-thin,dataset,0
cutting-thin,intratesticular,0
cutting-thin,key,0
cutting-thin,human,0
cutting-thin,prediction,0
cutting-thin,factors,0
cutting-thin,propagation,0
cutting-thin,time,0
cutting-thin,daily,0
cutting-thin,learn,0
cutting-thin,neighbor,0
cutting-thin,evolution,0
cutting-thin,single-granular,0
cutting-thin,optical,0
cutting-thin,focus,0
cutting-thin,desirable,0
cutting-thin,modalities,0
cutting-thin,high,0
cutting-thin,module,0
cutting-thin,representations,0
cutting-thin,introduce,0
cutting-thin,neural,0
cutting-thin,expression,0
cutting-thin,user,0
cutting-thin,management,0
cutting-thin,predict,0
cutting-thin,feature,0
cutting-thin,set,0
cutting-thin,fully,0
cutting-thin,tumor,0
cutting-thin,target,0
cutting-thin,studies,0
cutting-thin,dense,0
cutting-thin,recognition,0
cutting-thin,identify,0
cutting-thin,multiple,0
cutting-thin,ternary,0
cutting-thin,trend,0
cutting-thin,sparsity,0
cutting-thin,faces,0
cutting-thin,recent,0
cutting-thin,static,0
cutting-thin,gene,0
cutting-thin,surface,0
cutting-thin,significant,0
cutting-thin,immune,0
cutting-thin,knowledge,0
cutting-thin,temporal,0
cutting-thin,identification,0
cutting-thin,predicting,0
cutting-thin,number,0
cutting-thin,validate,0
cutting-thin,gat,0
cutting-thin,spatial-temporal,0
cutting-thin,single,0
cutting-thin,interaction,0
cutting-thin,layers,0
cutting-thin,task,0
cutting-thin,energy,0
cutting-thin,step,0
cutting-thin,machine,0
cutting-thin,traffic,0
cutting-thin,synthetic,0
cutting-thin,real,0
cutting-thin,visual,0
cutting-thin,layouts,0
cutting-thin,remote,0
cutting-thin,splitting,0
cutting-thin,parameters,0
cutting-thin,rgb,0
cutting-thin,show,0
cutting-thin,large,0
cutting-thin,processing,0
cutting-thin,previous,0
cutting-thin,pairs,0
cutting-thin,employed,0
cutting-thin,include,0
cutting-thin,learns,0
cutting-thin,embedding,0
cutting-thin,structural,0
cutting-thin,success,0
cutting-thin,variation,0
cutting-thin,identifying,0
cutting-thin,reactions,0
cutting-thin,memory,0
cutting-thin,unit,0
cutting-thin,gated,0
cutting-thin,patterns,0
cutting-thin,field,0
cutting-thin,great,0
cutting-thin,light,0
cutting-thin,functions,0
cutting-thin,targets,0
cutting-thin,multi-scale,0
cutting-thin,utilization,0
cutting-thin,structures,0
cutting-thin,neighbors,0
cutting-thin,part,0
cutting-thin,progress,0
cutting-thin,video,0
cutting-thin,focuses,0
cutting-thin,traditional,0
cutting-thin,stability,0
cutting-thin,sample,0
cutting-thin,designed,0
cutting-thin,pollutants,0
cutting-thin,diffusion,0
cutting-thin,tree,0
cutting-thin,motion,0
cutting-thin,types,0
cutting-thin,protein,0
cutting-thin,point,0
cutting-thin,remarkable,0
string,variously,0
string,wide,0
string,water-splitting,0
string,systems,0
string,tcga,0
string,three-dimensional,0
string,thousands,0
string,tasks,0
string,time-consuming,0
string,tubes,0
string,viable,0
string,trna,0
string,u-shaped,0
string,topologically,0
string,wavelengths,0
string,trypanosoma,0
string,transformers,0
string,videos,0
string,years,0
string,theory,0
string,typically,0
string,understanding,0
string,technologies,0
string,svm,0
string,unsupervised,0
string,words,0
string,transformer,0
string,system,0
string,water,0
string,wiki,0
string,surge,0
string,vehicle,0
string,subgraph,0
string,xps,0
string,unconventional,0
string,unifying,0
string,topic,0
string,updated,0
string,u-net,0
string,supervised,0
string,works,0
string,technique,0
string,time,0
string,user,0
string,tumor,0
string,target,0
string,studies,0
string,ternary,0
string,trend,0
string,surface,0
string,temporal,0
string,validate,0
string,traffic,0
string,synthetic,0
string,visual,0
string,success,0
string,variation,0
string,unit,0
string,targets,0
string,utilization,0
string,structures,0
string,video,0
string,tree,0
string,types,0
descriptor,drug-drug,0
descriptor,intuitively,0
descriptor,inferred,0
descriptor,variously,0
descriptor,wide,0
descriptor,dual,0
descriptor,interacts,0
descriptor,mikae,0
descriptor,eastern,0
descriptor,lutea,0
descriptor,ignore,0
descriptor,low-pass,0
descriptor,metal,0
descriptor,water-splitting,0
descriptor,nitride,0
descriptor,rarely,0
descriptor,pharmacology,0
descriptor,generally,0
descriptor,meiosis,0
descriptor,increasing,0
descriptor,roofs,0
descriptor,hyperlinks,0
descriptor,independently,0
descriptor,differently,0
descriptor,explicitly,0
descriptor,obtained,0
descriptor,generated,0
descriptor,systems,0
descriptor,standards,0
descriptor,extracting,0
descriptor,tcga,0
descriptor,pei-gcn,0
descriptor,gqa,0
descriptor,proposes,0
descriptor,membranes,0
descriptor,result,0
descriptor,pharmacological,0
descriptor,problem,0
descriptor,limited,0
descriptor,recombination,0
descriptor,real-world,0
descriptor,thousands,0
descriptor,hours,0
descriptor,owing,0
descriptor,roads,0
descriptor,tasks,0
descriptor,determination,0
descriptor,process,0
descriptor,seoul,0
descriptor,proteins,0
descriptor,encoded,0
descriptor,prohibitively,0
descriptor,psycholinguistic,0
descriptor,heterojunction,0
descriptor,nitrogen-rich,0
descriptor,tubes,0
descriptor,liquid,0
descriptor,graphitic,0
descriptor,granger,0
descriptor,established,0
descriptor,mixed,0
descriptor,self-healing,0
descriptor,dual-stimulus,0
descriptor,smoothing,0
descriptor,households,0
descriptor,presents,0
descriptor,viable,0
descriptor,trna,0
descriptor,outperform,0
descriptor,sgc,0
descriptor,u-shaped,0
descriptor,samples,0
descriptor,pressure,0
descriptor,f-score,0
descriptor,graphs,0
descriptor,requirement,0
descriptor,separation,0
descriptor,topologically,0
descriptor,wavelengths,0
descriptor,simultaneously,0
descriptor,markers,0
descriptor,n-acetyltransferase,0
descriptor,holes,0
descriptor,photocatalyst,0
descriptor,investigations,0
descriptor,trypanosoma,0
descriptor,sciences,0
descriptor,medica,0
descriptor,plant,0
descriptor,transformers,0
descriptor,harmful,0
descriptor,videos,0
descriptor,language,0
descriptor,theory,0
descriptor,rely,0
descriptor,heavily,0
descriptor,hemisphere,0
descriptor,gps,0
descriptor,obu,0
descriptor,material,0
descriptor,heparin,0
descriptor,relation,0
descriptor,relations,0
descriptor,typically,0
descriptor,firstly,0
descriptor,understanding,0
descriptor,kitti,0
descriptor,s-triazine,0
descriptor,mscoco,0
descriptor,heterogeneous,0
descriptor,sites,0
descriptor,photoreduction,0
descriptor,ethereum,0
descriptor,lstm,0
descriptor,smiles,0
descriptor,svm,0
descriptor,knn,0
descriptor,softmax,0
descriptor,formed,0
descriptor,escherichia,0
descriptor,patients,0
descriptor,patient,0
descriptor,fourier,0
descriptor,initiative,0
descriptor,pca,0
descriptor,fixation,0
descriptor,molecules,0
descriptor,molecule,0
descriptor,ntu,0
descriptor,matthews,0
descriptor,secure,0
descriptor,nlp,0
descriptor,words,0
descriptor,transformer,0
descriptor,system,0
descriptor,water,0
descriptor,wiki,0
descriptor,nanosized,0
descriptor,surge,0
descriptor,kinetics,0
descriptor,dft,0
descriptor,vehicle,0
descriptor,guided,0
descriptor,end,0
descriptor,layer,0
descriptor,subgraph,0
descriptor,ftir,0
descriptor,xps,0
descriptor,pose,0
descriptor,skeletongait,0
descriptor,graph-based,0
descriptor,informative,0
descriptor,metsulfuron,0
descriptor,meaningful,0
descriptor,gcaru,0
descriptor,methodology,0
descriptor,pubmed,0
descriptor,sentiments,0
descriptor,electron,0
descriptor,evaluation,0
descriptor,kinetoplastid,0
descriptor,unconventional,0
descriptor,mcc,0
descriptor,optimization,0
descriptor,fenton,0
descriptor,generative,0
descriptor,dmax,0
descriptor,unifying,0
descriptor,embeddings,0
descriptor,laplacian,0
descriptor,updated,0
descriptor,global,0
descriptor,u-net,0
descriptor,supervised,0
descriptor,error,0
descriptor,works,0
descriptor,generate,0
descriptor,psf,0
descriptor,presentation,0
descriptor,indonesia,0
descriptor,pooling,0
descriptor,intratesticular,0
descriptor,human,0
descriptor,technique,0
descriptor,factors,0
descriptor,propagation,0
descriptor,neighbor,0
descriptor,evolution,0
descriptor,single-granular,0
descriptor,optical,0
descriptor,desirable,0
descriptor,modalities,0
descriptor,high,0
descriptor,module,0
descriptor,neural,0
descriptor,expression,0
descriptor,user,0
descriptor,fully,0
descriptor,tumor,0
descriptor,target,0
descriptor,studies,0
descriptor,ternary,0
descriptor,trend,0
descriptor,sparsity,0
descriptor,faces,0
descriptor,static,0
descriptor,significant,0
descriptor,immune,0
descriptor,predicting,0
descriptor,gat,0
descriptor,single,0
descriptor,layers,0
descriptor,step,0
descriptor,machine,0
descriptor,traffic,0
descriptor,synthetic,0
descriptor,real,0
descriptor,visual,0
descriptor,layouts,0
descriptor,remote,0
descriptor,splitting,0
descriptor,parameters,0
descriptor,rgb,0
descriptor,pairs,0
descriptor,employed,0
descriptor,include,0
descriptor,learns,0
descriptor,photocatalytic,0
descriptor,success,0
descriptor,variation,0
descriptor,memory,0
descriptor,unit,0
descriptor,gated,0
descriptor,patterns,0
descriptor,field,0
descriptor,light,0
descriptor,functions,0
descriptor,targets,0
descriptor,multi-scale,0
descriptor,utilization,0
descriptor,neighbors,0
descriptor,part,0
descriptor,progress,0
descriptor,video,0
descriptor,focuses,0
descriptor,stability,0
descriptor,designed,0
descriptor,pollutants,0
descriptor,diffusion,0
descriptor,tree,0
descriptor,protein,0
descriptor,reported,0
descriptor,remarkable,0
explore,intuitively,0
explore,variously,0
explore,interacts,0
explore,mikae,0
explore,lutea,0
explore,low-pass,0
explore,metal,0
explore,water-splitting,0
explore,literature,0
explore,pharmacology,0
explore,meiosis,0
explore,roofs,0
explore,hyperlinks,0
explore,standards,0
explore,tcga,0
explore,pei-gcn,0
explore,gqa,0
explore,membranes,0
explore,pharmacological,0
explore,recombination,0
explore,roads,0
explore,seoul,0
explore,prohibitively,0
explore,psycholinguistic,0
explore,heterojunction,0
explore,nitrogen-rich,0
explore,tubes,0
explore,liquid,0
explore,graphitic,0
explore,granger,0
explore,mixed,0
explore,self-healing,0
explore,smoothing,0
explore,households,0
explore,trna,0
explore,string,0
explore,sgc,0
explore,u-shaped,0
explore,f-score,0
explore,requirement,0
explore,topologically,0
explore,wavelengths,0
explore,markers,0
explore,n-acetyltransferase,0
explore,holes,0
explore,photocatalyst,0
explore,investigations,0
explore,trypanosoma,0
explore,sciences,0
explore,medica,0
explore,harmful,0
explore,language,0
explore,hemisphere,0
explore,gps,0
explore,obu,0
explore,heparin,0
explore,kitti,0
explore,s-triazine,0
explore,mscoco,0
explore,sites,0
explore,photoreduction,0
explore,smiles,0
explore,svm,0
explore,knn,0
explore,formed,0
explore,fourier,0
explore,initiative,0
explore,pca,0
explore,fixation,0
explore,matthews,0
explore,secure,0
explore,wiki,0
explore,nanosized,0
explore,skeletongait,0
explore,informative,0
explore,metsulfuron,0
explore,gcaru,0
explore,probability,0
explore,pubmed,0
explore,sentiments,0
explore,kinetoplastid,0
explore,unconventional,0
explore,mcc,0
explore,fenton,0
explore,unifying,0
explore,u-net,0
explore,psf,0
explore,presentation,0
explore,indonesia,0
explore,pooling,0
explore,intratesticular,0
explore,single-granular,0
explore,optical,0
explore,ternary,0
explore,immune,0
explore,gat,0
explore,layouts,0
explore,splitting,0
explore,photocatalytic,0
explore,variation,0
explore,reactions,0
explore,progress,0
sgc,variously,0
sgc,wide,0
sgc,structure,0
sgc,water-splitting,0
sgc,systems,0
sgc,standards,0
sgc,tcga,0
sgc,three-dimensional,0
sgc,thousands,0
sgc,utilized,0
sgc,time-consuming,0
sgc,tubes,0
sgc,work,0
sgc,similar,0
sgc,smoothing,0
sgc,study,0
sgc,viable,0
sgc,trna,0
sgc,string,0
sgc,u-shaped,0
sgc,topologically,0
sgc,wavelengths,0
sgc,simultaneously,0
sgc,trypanosoma,0
sgc,transformers,0
sgc,videos,0
sgc,years,0
sgc,theory,0
sgc,typically,0
sgc,understanding,0
sgc,sites,0
sgc,smiles,0
sgc,technologies,0
sgc,svm,0
sgc,softmax,0
sgc,unsupervised,0
sgc,words,0
sgc,transformer,0
sgc,system,0
sgc,water,0
sgc,wiki,0
sgc,surge,0
sgc,skeleton,0
sgc,vehicle,0
sgc,subgraph,0
sgc,xps,0
sgc,skeleton-based,0
sgc,skeletongait,0
sgc,spatial,0
sgc,unconventional,0
sgc,unifying,0
sgc,topic,0
sgc,updated,0
sgc,u-net,0
sgc,supervised,0
sgc,showed,0
sgc,technique,0
sgc,time,0
sgc,single-granular,0
sgc,user,0
sgc,tumor,0
sgc,target,0
sgc,ternary,0
sgc,trend,0
sgc,sparsity,0
sgc,static,0
sgc,surface,0
sgc,temporal,0
sgc,validate,0
sgc,spatial-temporal,0
sgc,traffic,0
sgc,synthetic,0
sgc,splitting,0
sgc,structural,0
sgc,success,0
sgc,variation,0
sgc,unit,0
sgc,targets,0
sgc,utilization,0
sgc,structures,0
sgc,video,0
sgc,traditional,0
sgc,stability,0
sgc,tree,0
sgc,types,0
u-shaped,variously,0
u-shaped,wide,0
u-shaped,water-splitting,0
u-shaped,utilized,0
u-shaped,work,0
u-shaped,viable,0
u-shaped,wavelengths,0
u-shaped,years,0
u-shaped,understanding,0
u-shaped,unsupervised,0
u-shaped,words,0
u-shaped,water,0
u-shaped,wiki,0
u-shaped,vehicle,0
u-shaped,xps,0
u-shaped,unconventional,0
u-shaped,unifying,0
u-shaped,updated,0
u-shaped,works,0
u-shaped,user,0
u-shaped,validate,0
u-shaped,visual,0
u-shaped,variation,0
u-shaped,unit,0
u-shaped,utilization,0
samples,variously,0
samples,water-splitting,0
samples,three-dimensional,0
samples,seoul,0
samples,tubes,0
samples,self-healing,0
samples,viable,0
samples,trna,0
samples,string,0
samples,sgc,0
samples,u-shaped,0
samples,topologically,0
samples,wavelengths,0
samples,trypanosoma,0
samples,sciences,0
samples,transformers,0
samples,smiles,0
samples,secure,0
samples,wiki,0
samples,surge,0
samples,skeletongait,0
samples,sentiments,0
samples,unconventional,0
samples,unifying,0
samples,single-granular,0
samples,spatial-temporal,0
samples,splitting,0
couplings,drug-drug,0
couplings,paper,0
couplings,named,0
couplings,methods,0
couplings,intuitively,0
couplings,inferred,0
couplings,variously,0
couplings,wide,0
couplings,demonstrates,0
couplings,dual,0
couplings,interacts,0
couplings,structure,0
couplings,mikae,0
couplings,eastern,0
couplings,lutea,0
couplings,existing,0
couplings,ignore,0
couplings,low-pass,0
couplings,metal,0
couplings,water-splitting,0
couplings,nitride,0
couplings,present,0
couplings,literature,0
couplings,rarely,0
couplings,extract,0
couplings,pharmacology,0
couplings,meiosis,0
couplings,increasing,0
couplings,reduced,0
couplings,gap,0
couplings,roofs,0
couplings,hyperlinks,0
couplings,independently,0
couplings,differently,0
couplings,explicitly,0
couplings,obtained,0
couplings,generated,0
couplings,systems,0
couplings,standards,0
couplings,noise,0
couplings,rna,0
couplings,tcga,0
couplings,pei-gcn,0
couplings,gqa,0
couplings,proposes,0
couplings,membranes,0
couplings,result,0
couplings,pharmacological,0
couplings,efficient,0
couplings,three-dimensional,0
couplings,problem,0
couplings,node,0
couplings,limited,0
couplings,fast,0
couplings,recombination,0
couplings,real-world,0
couplings,dempster-shafer,0
couplings,thousands,0
couplings,owing,0
couplings,propose,0
couplings,roads,0
couplings,tasks,0
couplings,utilized,0
couplings,determination,0
couplings,process,0
couplings,seoul,0
couplings,proteins,0
couplings,encoded,0
couplings,time-consuming,0
couplings,prohibitively,0
couplings,elsevier,0
couplings,psycholinguistic,0
couplings,heterojunction,0
couplings,nitrogen-rich,0
couplings,tubes,0
couplings,liquid,0
couplings,work,0
couplings,graphitic,0
couplings,gcn,0
couplings,granger,0
couplings,nodes,0
couplings,established,0
couplings,mixed,0
couplings,excellent,0
couplings,self-healing,0
couplings,dual-stimulus,0
couplings,similar,0
couplings,smoothing,0
couplings,perform,0
couplings,households,0
couplings,study,0
couplings,presents,0
couplings,viable,0
couplings,trna,0
couplings,outperform,0
couplings,cutting-thin,0
couplings,sgc,0
couplings,u-shaped,0
couplings,samples,0
couplings,research,0
couplings,pressure,0
couplings,f-score,0
couplings,graphs,0
couplings,requirement,0
couplings,numerous,0
couplings,separation,0
couplings,topologically,0
couplings,wavelengths,0
couplings,markers,0
couplings,n-acetyltransferase,0
couplings,holes,0
couplings,resulting,0
couplings,photocatalyst,0
couplings,investigations,0
couplings,trypanosoma,0
couplings,sciences,0
couplings,medica,0
couplings,plant,0
couplings,transformers,0
couplings,harmful,0
couplings,videos,0
couplings,features,0
couplings,years,0
couplings,language,0
couplings,rely,0
couplings,decisions,0
couplings,heavily,0
couplings,hemisphere,0
couplings,gps,0
couplings,obu,0
couplings,material,0
couplings,gcns,0
couplings,heparin,0
couplings,relation,0
couplings,relations,0
couplings,typically,0
couplings,firstly,0
couplings,understanding,0
couplings,imdb,0
couplings,kitti,0
couplings,s-triazine,0
couplings,mscoco,0
couplings,heterogeneous,0
couplings,due,0
couplings,sites,0
couplings,points,0
couplings,efficiency,0
couplings,improve,0
couplings,photoreduction,0
couplings,ethereum,0
couplings,lstm,0
couplings,smiles,0
couplings,technologies,0
couplings,svm,0
couplings,knn,0
couplings,softmax,0
couplings,formed,0
couplings,escherichia,0
couplings,euclidean,0
couplings,similarity,0
couplings,rnas,0
couplings,fourier,0
couplings,initiative,0
couplings,pca,0
couplings,decades,0
couplings,recently,0
couplings,fixation,0
couplings,molecules,0
couplings,molecule,0
couplings,ntu,0
couplings,edges,0
couplings,unsupervised,0
couplings,matthews,0
couplings,secure,0
couplings,nlp,0
couplings,words,0
couplings,transformer,0
couplings,system,0
couplings,water,0
couplings,wiki,0
couplings,datasets,0
couplings,nanosized,0
couplings,effectively,0
couplings,surge,0
couplings,data-driven,0
couplings,kinetics,0
couplings,dft,0
couplings,skeleton,0
couplings,vehicle,0
couplings,guided,0
couplings,end,0
couplings,layer,0
couplings,subgraph,0
couplings,ftir,0
couplings,xps,0
couplings,pose,0
couplings,skeleton-based,0
couplings,euler,0
couplings,skeletongait,0
couplings,graph-based,0
couplings,informative,0
couplings,metsulfuron,0
couplings,meaningful,0
couplings,revealed,0
couplings,gcaru,0
couplings,probability,0
couplings,methodology,0
couplings,pubmed,0
couplings,sentiments,0
couplings,electron,0
couplings,information,0
couplings,evaluation,0
couplings,role,0
couplings,kinetoplastid,0
couplings,unconventional,0
couplings,mcc,0
couplings,optimization,0
couplings,relationships,0
couplings,representation,0
couplings,represent,0
couplings,fenton,0
couplings,generative,0
couplings,dmax,0
couplings,unifying,0
couplings,embeddings,0
couplings,laplacian,0
couplings,topic,0
couplings,updated,0
couplings,global,0
couplings,local,0
couplings,training,0
couplings,u-net,0
couplings,supervised,0
couplings,error,0
couplings,works,0
couplings,generate,0
couplings,showed,0
couplings,psf,0
couplings,presentation,0
couplings,indonesia,0
couplings,pooling,0
couplings,dataset,0
couplings,intratesticular,0
couplings,key,0
couplings,human,0
couplings,factors,0
couplings,propagation,0
couplings,time,0
couplings,daily,0
couplings,learn,0
couplings,neighbor,0
couplings,evolution,0
couplings,single-granular,0
couplings,optical,0
couplings,focus,0
couplings,desirable,0
couplings,modalities,0
couplings,high,0
couplings,module,0
couplings,introduce,0
couplings,expression,0
couplings,user,0
couplings,management,0
couplings,feature,0
couplings,tumor,0
couplings,target,0
couplings,studies,0
couplings,dense,0
couplings,identify,0
couplings,multiple,0
couplings,ternary,0
couplings,trend,0
couplings,sparsity,0
couplings,faces,0
couplings,static,0
couplings,gene,0
couplings,surface,0
couplings,significant,0
couplings,immune,0
couplings,knowledge,0
couplings,identification,0
couplings,predicting,0
couplings,number,0
couplings,gat,0
couplings,spatial-temporal,0
couplings,single,0
couplings,interaction,0
couplings,layers,0
couplings,energy,0
couplings,step,0
couplings,machine,0
couplings,traffic,0
couplings,synthetic,0
couplings,real,0
couplings,visual,0
couplings,layouts,0
couplings,remote,0
couplings,splitting,0
couplings,parameters,0
couplings,rgb,0
couplings,improved,0
couplings,show,0
couplings,large,0
couplings,processing,0
couplings,previous,0
couplings,pairs,0
couplings,employed,0
couplings,include,0
couplings,learns,0
couplings,embedding,0
couplings,photocatalytic,0
couplings,structural,0
couplings,success,0
couplings,variation,0
couplings,identifying,0
couplings,important,0
couplings,memory,0
couplings,unit,0
couplings,gated,0
couplings,patterns,0
couplings,field,0
couplings,great,0
couplings,light,0
couplings,functions,0
couplings,targets,0
couplings,multi-scale,0
couplings,utilization,0
couplings,structures,0
couplings,neighbors,0
couplings,part,0
couplings,progress,0
couplings,video,0
couplings,focuses,0
couplings,traditional,0
couplings,stability,0
couplings,sample,0
couplings,designed,0
couplings,pollutants,0
couplings,diffusion,0
couplings,tree,0
couplings,motion,0
couplings,types,0
couplings,protein,0
couplings,point,0
couplings,reported,0
couplings,remarkable,0
research,variously,0
research,water-splitting,0
research,roofs,0
research,thousands,0
research,seoul,0
research,tubes,0
research,self-healing,0
research,viable,0
research,trna,0
research,string,0
research,sgc,0
research,u-shaped,0
research,topologically,0
research,wavelengths,0
research,trypanosoma,0
research,sciences,0
research,s-triazine,0
research,secure,0
research,wiki,0
research,subgraph,0
research,unconventional,0
research,single-granular,0
research,splitting,0
pressure,variously,0
pressure,wide,0
pressure,specifically,0
pressure,structure,0
pressure,water-splitting,0
pressure,published,0
pressure,roofs,0
pressure,standards,0
pressure,rna,0
pressure,tcga,0
pressure,result,0
pressure,three-dimensional,0
pressure,problem,0
pressure,recombination,0
pressure,real-world,0
pressure,thousands,0
pressure,roads,0
pressure,tasks,0
pressure,utilized,0
pressure,seoul,0
pressure,proteins,0
pressure,time-consuming,0
pressure,prohibitively,0
pressure,psycholinguistic,0
pressure,tubes,0
pressure,self-healing,0
pressure,smoothing,0
pressure,strategy,0
pressure,viable,0
pressure,trna,0
pressure,string,0
pressure,sgc,0
pressure,u-shaped,0
pressure,samples,0
pressure,requirement,0
pressure,topologically,0
pressure,wavelengths,0
pressure,sets,0
pressure,simultaneously,0
pressure,trypanosoma,0
pressure,sciences,0
pressure,transformers,0
pressure,videos,0
pressure,years,0
pressure,rely,0
pressure,relation,0
pressure,typically,0
pressure,understanding,0
pressure,s-triazine,0
pressure,sites,0
pressure,smiles,0
pressure,svm,0
pressure,softmax,0
pressure,similarity,0
pressure,rnas,0
pressure,recently,0
pressure,unsupervised,0
pressure,secure,0
pressure,words,0
pressure,transformer,0
pressure,wiki,0
pressure,surge,0
pressure,skeleton,0
pressure,vehicle,0
pressure,subgraph,0
pressure,xps,0
pressure,skeleton-based,0
pressure,skeletongait,0
pressure,revealed,0
pressure,probability,0
pressure,pubmed,0
pressure,sentiments,0
pressure,unconventional,0
pressure,unifying,0
pressure,topic,0
pressure,updated,0
pressure,training,0
pressure,u-net,0
pressure,supervised,0
pressure,works,0
pressure,showed,0
pressure,psf,0
pressure,propagation,0
pressure,single-granular,0
pressure,representations,0
pressure,user,0
pressure,set,0
pressure,tumor,0
pressure,studies,0
pressure,recognition,0
pressure,ternary,0
pressure,trend,0
pressure,sparsity,0
pressure,recent,0
pressure,static,0
pressure,surface,0
pressure,significant,0
pressure,spatial-temporal,0
pressure,step,0
pressure,synthetic,0
pressure,visual,0
pressure,remote,0
pressure,splitting,0
pressure,rgb,0
pressure,processing,0
pressure,previous,0
pressure,structural,0
pressure,success,0
pressure,variation,0
pressure,targets,0
pressure,utilization,0
pressure,structures,0
pressure,progress,0
pressure,video,0
pressure,traditional,0
pressure,stability,0
pressure,sample,0
pressure,tree,0
pressure,types,0
pressure,reported,0
pressure,remarkable,0
f-score,named,0
f-score,intuitively,0
f-score,inferred,0
f-score,variously,0
f-score,wide,0
f-score,specifically,0
f-score,interacts,0
f-score,structure,0
f-score,mikae,0
f-score,lutea,0
f-score,ignore,0
f-score,graph,0
f-score,low-pass,0
f-score,metal,0
f-score,water-splitting,0
f-score,nitride,0
f-score,present,0
f-score,literature,0
f-score,rarely,0
f-score,pharmacology,0
f-score,published,0
f-score,generally,0
f-score,meiosis,0
f-score,increasing,0
f-score,reduced,0
f-score,gap,0
f-score,roofs,0
f-score,hyperlinks,0
f-score,independently,0
f-score,generated,0
f-score,standards,0
f-score,noise,0
f-score,rna,0
f-score,tcga,0
f-score,pei-gcn,0
f-score,gqa,0
f-score,membranes,0
f-score,result,0
f-score,pharmacological,0
f-score,three-dimensional,0
f-score,problem,0
f-score,node,0
f-score,limited,0
f-score,fast,0
f-score,recombination,0
f-score,real-world,0
f-score,thousands,0
f-score,hours,0
f-score,owing,0
f-score,propose,0
f-score,roads,0
f-score,tasks,0
f-score,seoul,0
f-score,proteins,0
f-score,time-consuming,0
f-score,prohibitively,0
f-score,psycholinguistic,0
f-score,heterojunction,0
f-score,nitrogen-rich,0
f-score,tubes,0
f-score,liquid,0
f-score,graphitic,0
f-score,granger,0
f-score,nodes,0
f-score,mixed,0
f-score,self-healing,0
f-score,similar,0
f-score,smoothing,0
f-score,perform,0
f-score,households,0
f-score,strategy,0
f-score,viable,0
f-score,trna,0
f-score,outperform,0
f-score,string,0
f-score,sgc,0
f-score,u-shaped,0
f-score,samples,0
f-score,pressure,0
f-score,graphs,0
f-score,requirement,0
f-score,numerous,0
f-score,separation,0
f-score,topologically,0
f-score,wavelengths,0
f-score,sets,0
f-score,simultaneously,0
f-score,markers,0
f-score,n-acetyltransferase,0
f-score,holes,0
f-score,resulting,0
f-score,photocatalyst,0
f-score,investigations,0
f-score,trypanosoma,0
f-score,sciences,0
f-score,medica,0
f-score,plant,0
f-score,transformers,0
f-score,harmful,0
f-score,videos,0
f-score,years,0
f-score,language,0
f-score,theory,0
f-score,leading,0
f-score,heavily,0
f-score,hemisphere,0
f-score,gps,0
f-score,obu,0
f-score,material,0
f-score,heparin,0
f-score,relation,0
f-score,relations,0
f-score,typically,0
f-score,understanding,0
f-score,imdb,0
f-score,kitti,0
f-score,s-triazine,0
f-score,mscoco,0
f-score,heterogeneous,0
f-score,sites,0
f-score,points,0
f-score,photoreduction,0
f-score,lstm,0
f-score,smiles,0
f-score,technologies,0
f-score,svm,0
f-score,knn,0
f-score,softmax,0
f-score,formed,0
f-score,patients,0
f-score,patient,0
f-score,similarity,0
f-score,rnas,0
f-score,fourier,0
f-score,initiative,0
f-score,pca,0
f-score,recently,0
f-score,fixation,0
f-score,molecules,0
f-score,molecule,0
f-score,ntu,0
f-score,unsupervised,0
f-score,matthews,0
f-score,secure,0
f-score,nlp,0
f-score,words,0
f-score,transformer,0
f-score,water,0
f-score,wiki,0
f-score,nanosized,0
f-score,surge,0
f-score,kinetics,0
f-score,skeleton,0
f-score,vehicle,0
f-score,guided,0
f-score,layer,0
f-score,subgraph,0
f-score,ftir,0
f-score,xps,0
f-score,pose,0
f-score,skeleton-based,0
f-score,skeletongait,0
f-score,graph-based,0
f-score,informative,0
f-score,metsulfuron,0
f-score,meaningful,0
f-score,revealed,0
f-score,gcaru,0
f-score,probability,0
f-score,methodology,0
f-score,spatial,0
f-score,pubmed,0
f-score,sentiments,0
f-score,kinetoplastid,0
f-score,unconventional,0
f-score,mcc,0
f-score,optimization,0
f-score,relationships,0
f-score,representation,0
f-score,represent,0
f-score,fenton,0
f-score,generative,0
f-score,unifying,0
f-score,laplacian,0
f-score,topic,0
f-score,updated,0
f-score,global,0
f-score,local,0
f-score,training,0
f-score,u-net,0
f-score,works,0
f-score,generate,0
f-score,psf,0
f-score,presentation,0
f-score,indonesia,0
f-score,pooling,0
f-score,intratesticular,0
f-score,human,0
f-score,technique,0
f-score,prediction,0
f-score,factors,0
f-score,propagation,0
f-score,learn,0
f-score,neighbor,0
f-score,single-granular,0
f-score,optical,0
f-score,focus,0
f-score,modalities,0
f-score,representations,0
f-score,introduce,0
f-score,user,0
f-score,management,0
f-score,feature,0
f-score,set,0
f-score,fully,0
f-score,tumor,0
f-score,target,0
f-score,studies,0
f-score,ternary,0
f-score,trend,0
f-score,sparsity,0
f-score,faces,0
f-score,recent,0
f-score,surface,0
f-score,significant,0
f-score,immune,0
f-score,knowledge,0
f-score,temporal,0
f-score,predicting,0
f-score,validate,0
f-score,gat,0
f-score,spatial-temporal,0
f-score,single,0
f-score,interaction,0
f-score,layers,0
f-score,step,0
f-score,machine,0
f-score,traffic,0
f-score,synthetic,0
f-score,real,0
f-score,layouts,0
f-score,remote,0
f-score,splitting,0
f-score,parameters,0
f-score,improved,0
f-score,large,0
f-score,processing,0
f-score,pairs,0
f-score,include,0
f-score,learns,0
f-score,photocatalytic,0
f-score,structural,0
f-score,success,0
f-score,variation,0
f-score,identifying,0
f-score,important,0
f-score,reactions,0
f-score,memory,0
f-score,unit,0
f-score,gated,0
f-score,patterns,0
f-score,field,0
f-score,great,0
f-score,light,0
f-score,functions,0
f-score,targets,0
f-score,multi-scale,0
f-score,utilization,0
f-score,structures,0
f-score,neighbors,0
f-score,part,0
f-score,progress,0
f-score,video,0
f-score,focuses,0
f-score,traditional,0
f-score,stability,0
f-score,sample,0
f-score,pollutants,0
f-score,tree,0
f-score,motion,0
f-score,types,0
f-score,protein,0
f-score,point,0
f-score,reported,0
f-score,remarkable,0
auc,drug-drug,0
auc,inferred,0
auc,variously,0
auc,wide,0
auc,demonstrates,0
auc,interacts,0
auc,mikae,0
auc,eastern,0
auc,bulbosa,0
auc,colomatta,0
auc,lutea,0
auc,benefit,0
auc,connecting,0
auc,low-pass,0
auc,metal,0
auc,cocatalyst-free,0
auc,water-splitting,0
auc,nitride,0
auc,concentrated,0
auc,pharmacology,0
auc,generally,0
auc,meiosis,0
auc,roofs,0
auc,cancers,0
auc,hyperlinks,0
auc,differently,0
auc,explicitly,0
auc,continuation,0
auc,standards,0
auc,tcga,0
auc,pei-gcn,0
auc,gqa,0
auc,membranes,0
auc,pharmacological,0
auc,three-dimensional,0
auc,recombination,0
auc,dempster-shafer,0
auc,thousands,0
auc,hours,0
auc,owing,0
auc,roads,0
auc,determination,0
auc,seoul,0
auc,encoded,0
auc,prohibitively,0
auc,psycholinguistic,0
auc,heterojunction,0
auc,nitrogen-rich,0
auc,tubes,0
auc,liquid,0
auc,graphitic,0
auc,granger,0
auc,mixed,0
auc,excellent,0
auc,self-healing,0
auc,dual-stimulus,0
auc,smoothing,0
auc,households,0
auc,viable,0
auc,trna,0
auc,outperform,0
auc,cutting-thin,0
auc,string,0
auc,explore,0
auc,sgc,0
auc,u-shaped,0
auc,couplings,0
auc,pressure,0
auc,requirement,0
auc,separation,0
auc,topologically,0
auc,wavelengths,0
auc,n-acetyltransferase,0
auc,holes,0
auc,photocatalyst,0
auc,investigations,0
auc,trypanosoma,0
auc,sciences,0
auc,medica,0
auc,plant,0
auc,transformers,0
auc,harmful,0
auc,theory,0
auc,rely,0
auc,decisions,0
auc,heavily,0
auc,gps,0
auc,obu,0
auc,material,0
auc,heparin,0
auc,relation,0
auc,imdb,0
auc,kitti,0
auc,s-triazine,0
auc,mscoco,0
auc,sites,0
auc,photoreduction,0
auc,smiles,0
auc,bidirectional,0
auc,catalysts,0
auc,technologies,0
auc,capacity,0
auc,knn,0
auc,softmax,0
auc,chloroform,0
auc,escherichia,0
auc,patient,0
auc,fourier,0
auc,decades,0
auc,copy,0
auc,recently,0
auc,fixation,0
auc,molecule,0
auc,ntu,0
auc,matthews,0
auc,secure,0
auc,nlp,0
auc,words,0
auc,water,0
auc,nanosized,0
auc,surge,0
auc,data-driven,0
auc,kinetics,0
auc,dft,0
auc,skeleton,0
auc,canadian,0
auc,vehicle,0
auc,guided,0
auc,ftir,0
auc,xps,0
auc,pose,0
auc,skeleton-based,0
auc,euler,0
auc,skeletongait,0
auc,informative,0
auc,metsulfuron,0
auc,revealed,0
auc,gcaru,0
auc,methodology,0
auc,sentiments,0
auc,electron,0
auc,kinetoplastid,0
auc,unconventional,0
auc,cgcnimp,0
auc,mcc,0
auc,auroc,0
auc,auprc,0
auc,optimization,0
auc,fenton,0
auc,dmax,0
auc,unifying,0
auc,updated,0
auc,u-net,0
auc,psf,0
auc,indonesia,0
auc,intratesticular,0
auc,daily,0
auc,neighbor,0
auc,evolution,0
auc,cfz,0
auc,optical,0
auc,desirable,0
auc,management,0
auc,dense,0
auc,ternary,0
auc,trend,0
auc,static,0
auc,surface,0
auc,immune,0
auc,layers,0
auc,energy,0
auc,communication,0
auc,synthetic,0
auc,layouts,0
auc,remote,0
auc,splitting,0
auc,conditions,0
auc,include,0
auc,photocatalytic,0
auc,reactions,0
auc,memory,0
auc,unit,0
auc,gated,0
auc,correction,0
auc,constructing,0
auc,light,0
auc,multi-scale,0
auc,utilization,0
auc,part,0
auc,capturing,0
auc,sample,0
auc,pollutants,0
auc,behaviors,0
auc,point,0
auc,reported,0
auc,remarkable,0
auc,center,0
auc,bind,0
auc,band,0
graphs,variously,0
graphs,interacts,0
graphs,mikae,0
graphs,lutea,0
graphs,metal,0
graphs,water-splitting,0
graphs,pharmacology,0
graphs,meiosis,0
graphs,roofs,0
graphs,standards,0
graphs,rna,0
graphs,pei-gcn,0
graphs,membranes,0
graphs,recombination,0
graphs,hours,0
graphs,roads,0
graphs,seoul,0
graphs,prohibitively,0
graphs,psycholinguistic,0
graphs,heterojunction,0
graphs,nitrogen-rich,0
graphs,tubes,0
graphs,liquid,0
graphs,mixed,0
graphs,self-healing,0
graphs,viable,0
graphs,trna,0
graphs,u-shaped,0
graphs,pressure,0
graphs,topologically,0
graphs,wavelengths,0
graphs,markers,0
graphs,n-acetyltransferase,0
graphs,holes,0
graphs,photocatalyst,0
graphs,investigations,0
graphs,trypanosoma,0
graphs,sciences,0
graphs,medica,0
graphs,plant,0
graphs,harmful,0
graphs,hemisphere,0
graphs,obu,0
graphs,material,0
graphs,heparin,0
graphs,kitti,0
graphs,s-triazine,0
graphs,photoreduction,0
graphs,pca,0
graphs,water,0
graphs,nanosized,0
graphs,xps,0
graphs,skeletongait,0
graphs,metsulfuron,0
graphs,sentiments,0
graphs,kinetoplastid,0
graphs,unconventional,0
graphs,u-net,0
graphs,psf,0
graphs,presentation,0
graphs,indonesia,0
graphs,intratesticular,0
graphs,optical,0
graphs,tumor,0
graphs,ternary,0
graphs,immune,0
graphs,splitting,0
graphs,photocatalytic,0
graphs,reactions,0
requirement,variously,0
requirement,wide,0
requirement,water-splitting,0
requirement,roofs,0
requirement,standards,0
requirement,rna,0
requirement,tcga,0
requirement,result,0
requirement,thousands,0
requirement,roads,0
requirement,tasks,0
requirement,seoul,0
requirement,time-consuming,0
requirement,tubes,0
requirement,self-healing,0
requirement,smoothing,0
requirement,viable,0
requirement,trna,0
requirement,string,0
requirement,sgc,0
requirement,u-shaped,0
requirement,separation,0
requirement,topologically,0
requirement,wavelengths,0
requirement,simultaneously,0
requirement,trypanosoma,0
requirement,sciences,0
requirement,transformers,0
requirement,videos,0
requirement,theory,0
requirement,s-triazine,0
requirement,sites,0
requirement,smiles,0
requirement,svm,0
requirement,softmax,0
requirement,similarity,0
requirement,rnas,0
requirement,secure,0
requirement,words,0
requirement,transformer,0
requirement,water,0
requirement,wiki,0
requirement,surge,0
requirement,skeleton,0
requirement,subgraph,0
requirement,xps,0
requirement,skeleton-based,0
requirement,skeletongait,0
requirement,revealed,0
requirement,sentiments,0
requirement,unconventional,0
requirement,unifying,0
requirement,topic,0
requirement,updated,0
requirement,u-net,0
requirement,works,0
requirement,showed,0
requirement,single-granular,0
requirement,set,0
requirement,tumor,0
requirement,target,0
requirement,ternary,0
requirement,trend,0
requirement,sparsity,0
requirement,spatial-temporal,0
requirement,step,0
requirement,synthetic,0
requirement,splitting,0
requirement,rgb,0
requirement,structural,0
requirement,success,0
requirement,variation,0
requirement,targets,0
requirement,utilization,0
requirement,structures,0
requirement,video,0
requirement,sample,0
requirement,tree,0
numerous,variously,0
numerous,water-splitting,0
numerous,pharmacology,0
numerous,reduced,0
numerous,roofs,0
numerous,standards,0
numerous,pei-gcn,0
numerous,pharmacological,0
numerous,three-dimensional,0
numerous,thousands,0
numerous,seoul,0
numerous,prohibitively,0
numerous,psycholinguistic,0
numerous,tubes,0
numerous,self-healing,0
numerous,smoothing,0
numerous,viable,0
numerous,trna,0
numerous,outperform,0
numerous,string,0
numerous,sgc,0
numerous,u-shaped,0
numerous,pressure,0
numerous,requirement,0
numerous,separation,0
numerous,topologically,0
numerous,wavelengths,0
numerous,photocatalyst,0
numerous,trypanosoma,0
numerous,sciences,0
numerous,plant,0
numerous,rely,0
numerous,obu,0
numerous,s-triazine,0
numerous,photoreduction,0
numerous,smiles,0
numerous,technologies,0
numerous,softmax,0
numerous,patient,0
numerous,pca,0
numerous,unsupervised,0
numerous,secure,0
numerous,wiki,0
numerous,surge,0
numerous,vehicle,0
numerous,subgraph,0
numerous,xps,0
numerous,skeletongait,0
numerous,probability,0
numerous,pubmed,0
numerous,sentiments,0
numerous,unconventional,0
numerous,unifying,0
numerous,topic,0
numerous,updated,0
numerous,u-net,0
numerous,psf,0
numerous,presentation,0
numerous,pooling,0
numerous,technique,0
numerous,single-granular,0
numerous,optical,0
numerous,ternary,0
numerous,trend,0
numerous,static,0
numerous,synthetic,0
numerous,remote,0
numerous,splitting,0
numerous,rgb,0
numerous,success,0
numerous,targets,0
numerous,utilization,0
numerous,progress,0
numerous,sample,0
numerous,pollutants,0
numerous,remarkable,0
separation,variously,0
separation,specifically,0
separation,standards,0
separation,tcga,0
separation,three-dimensional,0
separation,thousands,0
separation,utilized,0
separation,time-consuming,0
separation,smoothing,0
separation,viable,0
separation,trna,0
separation,string,0
separation,sgc,0
separation,u-shaped,0
separation,sets,0
separation,trypanosoma,0
separation,transformers,0
separation,videos,0
separation,years,0
separation,typically,0
separation,understanding,0
separation,smiles,0
separation,svm,0
separation,softmax,0
separation,unsupervised,0
separation,words,0
separation,transformer,0
separation,wiki,0
separation,surge,0
separation,vehicle,0
separation,subgraph,0
separation,skeletongait,0
separation,unconventional,0
separation,unifying,0
separation,updated,0
separation,u-net,0
separation,supervised,0
separation,works,0
separation,single-granular,0
separation,user,0
separation,tumor,0
separation,trend,0
separation,sparsity,0
separation,static,0
separation,temporal,0
separation,validate,0
separation,single,0
separation,task,0
separation,traffic,0
separation,synthetic,0
separation,visual,0
separation,success,0
separation,unit,0
separation,targets,0
separation,utilization,0
separation,video,0
topologically,variously,0
topologically,wide,0
topologically,utilized,0
topologically,tubes,0
topologically,work,0
topologically,viable,0
topologically,trna,0
topologically,u-shaped,0
topologically,trypanosoma,0
topologically,transformers,0
topologically,videos,0
topologically,years,0
topologically,typically,0
topologically,understanding,0
topologically,unsupervised,0
topologically,words,0
topologically,transformer,0
topologically,water,0
topologically,wiki,0
topologically,vehicle,0
topologically,xps,0
topologically,unconventional,0
topologically,unifying,0
topologically,updated,0
topologically,training,0
topologically,u-net,0
topologically,works,0
topologically,user,0
topologically,tumor,0
topologically,trend,0
topologically,validate,0
topologically,traffic,0
topologically,visual,0
topologically,variation,0
topologically,unit,0
topologically,utilization,0
topologically,video,0
topologically,traditional,0
topologically,tree,0
topologically,types,0
wavelengths,wide,0
wavelengths,work,0
wavelengths,years,0
wavelengths,words,0
wavelengths,wiki,0
wavelengths,xps,0
wavelengths,works,0
sets,variously,0
sets,water-splitting,0
sets,standards,0
sets,tcga,0
sets,thousands,0
sets,tubes,0
sets,smoothing,0
sets,trna,0
sets,u-shaped,0
sets,topologically,0
sets,wavelengths,0
sets,trypanosoma,0
sets,videos,0
sets,technologies,0
sets,unsupervised,0
sets,wiki,0
sets,surge,0
sets,subgraph,0
sets,xps,0
sets,skeletongait,0
sets,unconventional,0
sets,unifying,0
sets,topic,0
sets,updated,0
sets,technique,0
sets,single-granular,0
sets,tumor,0
sets,ternary,0
sets,splitting,0
sets,utilization,0
sets,video,0
simultaneously,variously,0
simultaneously,water-splitting,0
simultaneously,standards,0
simultaneously,three-dimensional,0
simultaneously,tubes,0
simultaneously,smoothing,0
simultaneously,trna,0
simultaneously,string,0
simultaneously,u-shaped,0
simultaneously,topologically,0
simultaneously,wavelengths,0
simultaneously,trypanosoma,0
simultaneously,smiles,0
simultaneously,softmax,0
simultaneously,wiki,0
simultaneously,surge,0
simultaneously,xps,0
simultaneously,skeletongait,0
simultaneously,unconventional,0
simultaneously,single-granular,0
simultaneously,tumor,0
simultaneously,ternary,0
simultaneously,utilization,0
markers,named,0
markers,variously,0
markers,wide,0
markers,specifically,0
markers,structure,0
markers,mikae,0
markers,metal,0
markers,water-splitting,0
markers,nitride,0
markers,present,0
markers,rarely,0
markers,pharmacology,0
markers,published,0
markers,meiosis,0
markers,reduced,0
markers,roofs,0
markers,obtained,0
markers,systems,0
markers,standards,0
markers,noise,0
markers,rna,0
markers,tcga,0
markers,pei-gcn,0
markers,proposes,0
markers,membranes,0
markers,models,0
markers,result,0
markers,pharmacological,0
markers,three-dimensional,0
markers,problem,0
markers,node,0
markers,performance,0
markers,recombination,0
markers,real-world,0
markers,thousands,0
markers,owing,0
markers,roads,0
markers,tasks,0
markers,utilized,0
markers,process,0
markers,seoul,0
markers,proteins,0
markers,time-consuming,0
markers,prohibitively,0
markers,psycholinguistic,0
markers,nitrogen-rich,0
markers,tubes,0
markers,nodes,0
markers,mixed,0
markers,self-healing,0
markers,similar,0
markers,smoothing,0
markers,perform,0
markers,strategy,0
markers,presents,0
markers,viable,0
markers,trna,0
markers,outperform,0
markers,string,0
markers,sgc,0
markers,u-shaped,0
markers,research,0
markers,pressure,0
markers,requirement,0
markers,numerous,0
markers,separation,0
markers,topologically,0
markers,wavelengths,0
markers,sets,0
markers,n-acetyltransferase,0
markers,resulting,0
markers,photocatalyst,0
markers,trypanosoma,0
markers,sciences,0
markers,medica,0
markers,plant,0
markers,transformers,0
markers,videos,0
markers,theory,0
markers,rely,0
markers,obu,0
markers,material,0
markers,relation,0
markers,relations,0
markers,typically,0
markers,understanding,0
markers,s-triazine,0
markers,mscoco,0
markers,sites,0
markers,points,0
markers,photoreduction,0
markers,smiles,0
markers,technologies,0
markers,svm,0
markers,softmax,0
markers,similarity,0
markers,rnas,0
markers,recently,0
markers,molecules,0
markers,molecule,0
markers,ntu,0
markers,unsupervised,0
markers,matthews,0
markers,secure,0
markers,nlp,0
markers,words,0
markers,transformer,0
markers,system,0
markers,wiki,0
markers,nanosized,0
markers,surge,0
markers,vehicle,0
markers,subgraph,0
markers,xps,0
markers,pose,0
markers,skeleton-based,0
markers,skeletongait,0
markers,proposed,0
markers,metsulfuron,0
markers,meaningful,0
markers,probability,0
markers,methodology,0
markers,pubmed,0
markers,sentiments,0
markers,unconventional,0
markers,mcc,0
markers,optimization,0
markers,relationships,0
markers,representation,0
markers,unifying,0
markers,topic,0
markers,updated,0
markers,training,0
markers,u-net,0
markers,supervised,0
markers,works,0
markers,psf,0
markers,optimal,0
markers,presentation,0
markers,pooling,0
markers,technique,0
markers,propagation,0
markers,time,0
markers,neighbor,0
markers,single-granular,0
markers,optical,0
markers,module,0
markers,representations,0
markers,user,0
markers,predict,0
markers,set,0
markers,tumor,0
markers,target,0
markers,recognition,0
markers,ternary,0
markers,sparsity,0
markers,static,0
markers,surface,0
markers,temporal,0
markers,predicting,0
markers,validate,0
markers,spatial-temporal,0
markers,task,0
markers,step,0
markers,traffic,0
markers,synthetic,0
markers,real,0
markers,visual,0
markers,remote,0
markers,splitting,0
markers,rgb,0
markers,show,0
markers,processing,0
markers,previous,0
markers,pairs,0
markers,photocatalytic,0
markers,structural,0
markers,success,0
markers,variation,0
markers,reactions,0
markers,memory,0
markers,unit,0
markers,targets,0
markers,multi-scale,0
markers,utilization,0
markers,structures,0
markers,neighbors,0
markers,progress,0
markers,video,0
markers,stability,0
markers,sample,0
markers,pollutants,0
markers,tree,0
markers,motion,0
markers,point,0
markers,reported,0
markers,remarkable,0
n-acetyltransferase,paper,0
n-acetyltransferase,named,0
n-acetyltransferase,variously,0
n-acetyltransferase,wide,0
n-acetyltransferase,water-splitting,0
n-acetyltransferase,nitride,0
n-acetyltransferase,present,0
n-acetyltransferase,rarely,0
n-acetyltransferase,pharmacology,0
n-acetyltransferase,published,0
n-acetyltransferase,reduced,0
n-acetyltransferase,roofs,0
n-acetyltransferase,obtained,0
n-acetyltransferase,network,0
n-acetyltransferase,standards,0
n-acetyltransferase,networks,0
n-acetyltransferase,noise,0
n-acetyltransferase,tcga,0
n-acetyltransferase,pei-gcn,0
n-acetyltransferase,proposes,0
n-acetyltransferase,result,0
n-acetyltransferase,pharmacological,0
n-acetyltransferase,three-dimensional,0
n-acetyltransferase,problem,0
n-acetyltransferase,node,0
n-acetyltransferase,performance,0
n-acetyltransferase,recombination,0
n-acetyltransferase,real-world,0
n-acetyltransferase,owing,0
n-acetyltransferase,propose,0
n-acetyltransferase,roads,0
n-acetyltransferase,tasks,0
n-acetyltransferase,utilized,0
n-acetyltransferase,process,0
n-acetyltransferase,seoul,0
n-acetyltransferase,time-consuming,0
n-acetyltransferase,prohibitively,0
n-acetyltransferase,psycholinguistic,0
n-acetyltransferase,nitrogen-rich,0
n-acetyltransferase,tubes,0
n-acetyltransferase,work,0
n-acetyltransferase,self-healing,0
n-acetyltransferase,similar,0
n-acetyltransferase,smoothing,0
n-acetyltransferase,perform,0
n-acetyltransferase,strategy,0
n-acetyltransferase,presents,0
n-acetyltransferase,viable,0
n-acetyltransferase,outperform,0
n-acetyltransferase,string,0
n-acetyltransferase,sgc,0
n-acetyltransferase,u-shaped,0
n-acetyltransferase,samples,0
n-acetyltransferase,research,0
n-acetyltransferase,pressure,0
n-acetyltransferase,requirement,0
n-acetyltransferase,numerous,0
n-acetyltransferase,separation,0
n-acetyltransferase,topologically,0
n-acetyltransferase,wavelengths,0
n-acetyltransferase,sets,0
n-acetyltransferase,simultaneously,0
n-acetyltransferase,resulting,0
n-acetyltransferase,photocatalyst,0
n-acetyltransferase,sciences,0
n-acetyltransferase,plant,0
n-acetyltransferase,transformers,0
n-acetyltransferase,videos,0
n-acetyltransferase,years,0
n-acetyltransferase,theory,0
n-acetyltransferase,rely,0
n-acetyltransferase,obu,0
n-acetyltransferase,relation,0
n-acetyltransferase,relations,0
n-acetyltransferase,understanding,0
n-acetyltransferase,s-triazine,0
n-acetyltransferase,sites,0
n-acetyltransferase,points,0
n-acetyltransferase,photoreduction,0
n-acetyltransferase,smiles,0
n-acetyltransferase,technologies,0
n-acetyltransferase,svm,0
n-acetyltransferase,softmax,0
n-acetyltransferase,patients,0
n-acetyltransferase,patient,0
n-acetyltransferase,similarity,0
n-acetyltransferase,rnas,0
n-acetyltransferase,pca,0
n-acetyltransferase,recently,0
n-acetyltransferase,ntu,0
n-acetyltransferase,unsupervised,0
n-acetyltransferase,secure,0
n-acetyltransferase,nlp,0
n-acetyltransferase,words,0
n-acetyltransferase,transformer,0
n-acetyltransferase,water,0
n-acetyltransferase,wiki,0
n-acetyltransferase,nanosized,0
n-acetyltransferase,surge,0
n-acetyltransferase,skeleton,0
n-acetyltransferase,vehicle,0
n-acetyltransferase,results,0
n-acetyltransferase,subgraph,0
n-acetyltransferase,xps,0
n-acetyltransferase,pose,0
n-acetyltransferase,skeleton-based,0
n-acetyltransferase,skeletongait,0
n-acetyltransferase,proposed,0
n-acetyltransferase,revealed,0
n-acetyltransferase,probability,0
n-acetyltransferase,spatial,0
n-acetyltransferase,pubmed,0
n-acetyltransferase,sentiments,0
n-acetyltransferase,role,0
n-acetyltransferase,optimization,0
n-acetyltransferase,relationships,0
n-acetyltransferase,representation,0
n-acetyltransferase,represent,0
n-acetyltransferase,unifying,0
n-acetyltransferase,topic,0
n-acetyltransferase,updated,0
n-acetyltransferase,training,0
n-acetyltransferase,u-net,0
n-acetyltransferase,supervised,0
n-acetyltransferase,works,0
n-acetyltransferase,showed,0
n-acetyltransferase,psf,0
n-acetyltransferase,optimal,0
n-acetyltransferase,presentation,0
n-acetyltransferase,pooling,0
n-acetyltransferase,technique,0
n-acetyltransferase,prediction,0
n-acetyltransferase,propagation,0
n-acetyltransferase,time,0
n-acetyltransferase,neighbor,0
n-acetyltransferase,single-granular,0
n-acetyltransferase,optical,0
n-acetyltransferase,representations,0
n-acetyltransferase,neural,0
n-acetyltransferase,user,0
n-acetyltransferase,predict,0
n-acetyltransferase,set,0
n-acetyltransferase,tumor,0
n-acetyltransferase,studies,0
n-acetyltransferase,recognition,0
n-acetyltransferase,ternary,0
n-acetyltransferase,trend,0
n-acetyltransferase,sparsity,0
n-acetyltransferase,recent,0
n-acetyltransferase,static,0
n-acetyltransferase,surface,0
n-acetyltransferase,significant,0
n-acetyltransferase,temporal,0
n-acetyltransferase,predicting,0
n-acetyltransferase,validate,0
n-acetyltransferase,spatial-temporal,0
n-acetyltransferase,single,0
n-acetyltransferase,task,0
n-acetyltransferase,step,0
n-acetyltransferase,traffic,0
n-acetyltransferase,synthetic,0
n-acetyltransferase,real,0
n-acetyltransferase,visual,0
n-acetyltransferase,remote,0
n-acetyltransferase,splitting,0
n-acetyltransferase,parameters,0
n-acetyltransferase,rgb,0
n-acetyltransferase,previous,0
n-acetyltransferase,photocatalytic,0
n-acetyltransferase,structural,0
n-acetyltransferase,success,0
n-acetyltransferase,variation,0
n-acetyltransferase,reactions,0
n-acetyltransferase,unit,0
n-acetyltransferase,patterns,0
n-acetyltransferase,utilization,0
n-acetyltransferase,structures,0
n-acetyltransferase,neighbors,0
n-acetyltransferase,part,0
n-acetyltransferase,progress,0
n-acetyltransferase,video,0
n-acetyltransferase,traditional,0
n-acetyltransferase,stability,0
n-acetyltransferase,sample,0
n-acetyltransferase,pollutants,0
n-acetyltransferase,tree,0
n-acetyltransferase,types,0
n-acetyltransferase,point,0
n-acetyltransferase,reported,0
n-acetyltransferase,remarkable,0
area,intuitively,0
area,inferred,0
area,variously,0
area,dual,0
area,interacts,0
area,mikae,0
area,eastern,0
area,bulbosa,0
area,colomatta,0
area,lutea,0
area,benefit,0
area,connecting,0
area,low-pass,0
area,cocatalyst-free,0
area,water-splitting,0
area,concentrated,0
area,pharmacology,0
area,curated,0
area,meiosis,0
area,roofs,0
area,cancers,0
area,hyperlinks,0
area,continuation,0
area,tcga,0
area,pei-gcn,0
area,gqa,0
area,assist,0
area,membranes,0
area,three-dimensional,0
area,dempster-shafer,0
area,thousands,0
area,seoul,0
area,prohibitively,0
area,psycholinguistic,0
area,attack,0
area,nitrogen-rich,0
area,tubes,0
area,liquid,0
area,granger,0
area,self-healing,0
area,dual-stimulus,0
area,smoothing,0
area,households,0
area,viable,0
area,trna,0
area,cutting-thin,0
area,string,0
area,sgc,0
area,u-shaped,0
area,couplings,0
area,pressure,0
area,requirement,0
area,topologically,0
area,wavelengths,0
area,markers,0
area,n-acetyltransferase,0
area,trypanosoma,0
area,sciences,0
area,medica,0
area,plant,0
area,transformers,0
area,decisions,0
area,heavily,0
area,gps,0
area,obu,0
area,heparin,0
area,imdb,0
area,kitti,0
area,artifact,0
area,s-triazine,0
area,mscoco,0
area,heterogeneous,0
area,cloud,0
area,photoreduction,0
area,knn,0
area,softmax,0
area,chloroform,0
area,formed,0
area,rnas,0
area,initiative,0
area,pca,0
area,decades,0
area,fixation,0
area,ntu,0
area,matthews,0
area,secure,0
area,nlp,0
area,words,0
area,transformer,0
area,wiki,0
area,nanosized,0
area,canadian,0
area,guided,0
area,end,0
area,subgraph,0
area,euler,0
area,skeletongait,0
area,graph-based,0
area,informative,0
area,metsulfuron,0
area,gcaru,0
area,sentiments,0
area,kinetoplastid,0
area,unconventional,0
area,cgcnimp,0
area,mcc,0
area,generative,0
area,laplacian,0
area,works,0
area,psf,0
area,pooling,0
area,cfz,0
area,single-granular,0
area,desirable,0
area,modalities,0
area,trend,0
area,sparsity,0
area,faces,0
area,static,0
area,immune,0
area,validate,0
area,spatial-temporal,0
area,communication,0
area,layouts,0
area,cells,0
area,correction,0
area,targets,0
area,multi-scale,0
area,utilization,0
area,neighbors,0
area,progress,0
area,capturing,0
area,motion,0
area,point,0
area,bind,0
holes,paper,0
holes,named,0
holes,intuitively,0
holes,inferred,0
holes,variously,0
holes,wide,0
holes,specifically,0
holes,interacts,0
holes,mikae,0
holes,lutea,0
holes,ignore,0
holes,low-pass,0
holes,water-splitting,0
holes,literature,0
holes,rarely,0
holes,pharmacology,0
holes,published,0
holes,meiosis,0
holes,roofs,0
holes,hyperlinks,0
holes,independently,0
holes,standards,0
holes,networks,0
holes,rna,0
holes,tcga,0
holes,pei-gcn,0
holes,proposes,0
holes,membranes,0
holes,models,0
holes,result,0
holes,pharmacological,0
holes,problem,0
holes,node,0
holes,real-world,0
holes,thousands,0
holes,owing,0
holes,roads,0
holes,tasks,0
holes,utilized,0
holes,seoul,0
holes,proteins,0
holes,time-consuming,0
holes,prohibitively,0
holes,psycholinguistic,0
holes,nitrogen-rich,0
holes,tubes,0
holes,nodes,0
holes,self-healing,0
holes,smoothing,0
holes,perform,0
holes,households,0
holes,strategy,0
holes,presents,0
holes,viable,0
holes,trna,0
holes,outperform,0
holes,string,0
holes,sgc,0
holes,u-shaped,0
holes,research,0
holes,pressure,0
holes,requirement,0
holes,topologically,0
holes,wavelengths,0
holes,sets,0
holes,markers,0
holes,n-acetyltransferase,0
holes,trypanosoma,0
holes,sciences,0
holes,medica,0
holes,plant,0
holes,transformers,0
holes,videos,0
holes,years,0
holes,language,0
holes,rely,0
holes,obu,0
holes,relation,0
holes,relations,0
holes,typically,0
holes,understanding,0
holes,imdb,0
holes,kitti,0
holes,s-triazine,0
holes,mscoco,0
holes,points,0
holes,lstm,0
holes,smiles,0
holes,svm,0
holes,knn,0
holes,softmax,0
holes,patients,0
holes,patient,0
holes,similarity,0
holes,rnas,0
holes,initiative,0
holes,pca,0
holes,recently,0
holes,molecule,0
holes,ntu,0
holes,unsupervised,0
holes,matthews,0
holes,secure,0
holes,nlp,0
holes,words,0
holes,transformer,0
holes,wiki,0
holes,nanosized,0
holes,surge,0
holes,skeleton,0
holes,vehicle,0
holes,layer,0
holes,subgraph,0
holes,pose,0
holes,skeleton-based,0
holes,skeletongait,0
holes,informative,0
holes,meaningful,0
holes,probability,0
holes,methodology,0
holes,pubmed,0
holes,sentiments,0
holes,information,0
holes,kinetoplastid,0
holes,unconventional,0
holes,mcc,0
holes,optimization,0
holes,relationships,0
holes,representation,0
holes,represent,0
holes,unifying,0
holes,laplacian,0
holes,topic,0
holes,updated,0
holes,local,0
holes,training,0
holes,u-net,0
holes,supervised,0
holes,works,0
holes,psf,0
holes,presentation,0
holes,indonesia,0
holes,pooling,0
holes,intratesticular,0
holes,prediction,0
holes,propagation,0
holes,time,0
holes,learn,0
holes,neighbor,0
holes,single-granular,0
holes,modalities,0
holes,module,0
holes,representations,0
holes,introduce,0
holes,user,0
holes,management,0
holes,predict,0
holes,set,0
holes,tumor,0
holes,target,0
holes,studies,0
holes,recognition,0
holes,identify,0
holes,multiple,0
holes,trend,0
holes,sparsity,0
holes,recent,0
holes,static,0
holes,immune,0
holes,knowledge,0
holes,temporal,0
holes,identification,0
holes,predicting,0
holes,validate,0
holes,spatial-temporal,0
holes,single,0
holes,layers,0
holes,machine,0
holes,traffic,0
holes,synthetic,0
holes,real,0
holes,visual,0
holes,layouts,0
holes,remote,0
holes,parameters,0
holes,rgb,0
holes,processing,0
holes,include,0
holes,learns,0
holes,success,0
holes,variation,0
holes,identifying,0
holes,memory,0
holes,unit,0
holes,patterns,0
holes,targets,0
holes,multi-scale,0
holes,utilization,0
holes,neighbors,0
holes,part,0
holes,progress,0
holes,video,0
holes,traditional,0
holes,sample,0
holes,tree,0
holes,motion,0
holes,protein,0
resulting,variously,0
resulting,water-splitting,0
resulting,roofs,0
resulting,standards,0
resulting,rna,0
resulting,tcga,0
resulting,roads,0
resulting,seoul,0
resulting,time-consuming,0
resulting,tubes,0
resulting,self-healing,0
resulting,viable,0
resulting,trna,0
resulting,string,0
resulting,sgc,0
resulting,u-shaped,0
resulting,samples,0
resulting,topologically,0
resulting,wavelengths,0
resulting,trypanosoma,0
resulting,transformers,0
resulting,s-triazine,0
resulting,smiles,0
resulting,svm,0
resulting,softmax,0
resulting,rnas,0
resulting,wiki,0
resulting,surge,0
resulting,vehicle,0
resulting,subgraph,0
resulting,xps,0
resulting,skeletongait,0
resulting,sentiments,0
resulting,unconventional,0
resulting,unifying,0
resulting,updated,0
resulting,u-net,0
resulting,single-granular,0
resulting,tumor,0
resulting,trend,0
resulting,sparsity,0
resulting,static,0
resulting,splitting,0
resulting,video,0
photocatalyst,variously,0
photocatalyst,specifically,0
photocatalyst,roofs,0
photocatalyst,standards,0
photocatalyst,rna,0
photocatalyst,tcga,0
photocatalyst,three-dimensional,0
photocatalyst,problem,0
photocatalyst,thousands,0
photocatalyst,propose,0
photocatalyst,roads,0
photocatalyst,tasks,0
photocatalyst,seoul,0
photocatalyst,proteins,0
photocatalyst,time-consuming,0
photocatalyst,prohibitively,0
photocatalyst,psycholinguistic,0
photocatalyst,tubes,0
photocatalyst,self-healing,0
photocatalyst,smoothing,0
photocatalyst,trna,0
photocatalyst,string,0
photocatalyst,sgc,0
photocatalyst,u-shaped,0
photocatalyst,pressure,0
photocatalyst,requirement,0
photocatalyst,sets,0
photocatalyst,trypanosoma,0
photocatalyst,sciences,0
photocatalyst,plant,0
photocatalyst,transformers,0
photocatalyst,videos,0
photocatalyst,rely,0
photocatalyst,relation,0
photocatalyst,relations,0
photocatalyst,typically,0
photocatalyst,understanding,0
photocatalyst,s-triazine,0
photocatalyst,points,0
photocatalyst,smiles,0
photocatalyst,svm,0
photocatalyst,softmax,0
photocatalyst,similarity,0
photocatalyst,rnas,0
photocatalyst,recently,0
photocatalyst,unsupervised,0
photocatalyst,secure,0
photocatalyst,words,0
photocatalyst,transformer,0
photocatalyst,wiki,0
photocatalyst,surge,0
photocatalyst,vehicle,0
photocatalyst,subgraph,0
photocatalyst,skeleton-based,0
photocatalyst,skeletongait,0
photocatalyst,probability,0
photocatalyst,pubmed,0
photocatalyst,sentiments,0
photocatalyst,unconventional,0
photocatalyst,relationships,0
photocatalyst,representation,0
photocatalyst,represent,0
photocatalyst,unifying,0
photocatalyst,topic,0
photocatalyst,updated,0
photocatalyst,training,0
photocatalyst,u-net,0
photocatalyst,supervised,0
photocatalyst,works,0
photocatalyst,psf,0
photocatalyst,presentation,0
photocatalyst,pooling,0
photocatalyst,prediction,0
photocatalyst,propagation,0
photocatalyst,single-granular,0
photocatalyst,representations,0
photocatalyst,user,0
photocatalyst,predict,0
photocatalyst,tumor,0
photocatalyst,target,0
photocatalyst,recognition,0
photocatalyst,trend,0
photocatalyst,sparsity,0
photocatalyst,static,0
photocatalyst,temporal,0
photocatalyst,predicting,0
photocatalyst,validate,0
photocatalyst,spatial-temporal,0
photocatalyst,single,0
photocatalyst,task,0
photocatalyst,traffic,0
photocatalyst,real,0
photocatalyst,visual,0
photocatalyst,remote,0
photocatalyst,splitting,0
photocatalyst,rgb,0
photocatalyst,processing,0
photocatalyst,success,0
photocatalyst,variation,0
photocatalyst,unit,0
photocatalyst,progress,0
photocatalyst,video,0
photocatalyst,traditional,0
photocatalyst,sample,0
photocatalyst,tree,0
photocatalyst,types,0
photocatalyst,point,0
investigations,named,0
investigations,variously,0
investigations,wide,0
investigations,specifically,0
investigations,mikae,0
investigations,lutea,0
investigations,low-pass,0
investigations,water-splitting,0
investigations,literature,0
investigations,rarely,0
investigations,pharmacology,0
investigations,published,0
investigations,meiosis,0
investigations,roofs,0
investigations,obtained,0
investigations,systems,0
investigations,noise,0
investigations,rna,0
investigations,tcga,0
investigations,pei-gcn,0
investigations,membranes,0
investigations,result,0
investigations,pharmacological,0
investigations,three-dimensional,0
investigations,thousands,0
investigations,owing,0
investigations,roads,0
investigations,utilized,0
investigations,seoul,0
investigations,time-consuming,0
investigations,prohibitively,0
investigations,psycholinguistic,0
investigations,nitrogen-rich,0
investigations,tubes,0
investigations,liquid,0
investigations,mixed,0
investigations,self-healing,0
investigations,similar,0
investigations,smoothing,0
investigations,perform,0
investigations,strategy,0
investigations,viable,0
investigations,trna,0
investigations,outperform,0
investigations,string,0
investigations,sgc,0
investigations,u-shaped,0
investigations,samples,0
investigations,pressure,0
investigations,requirement,0
investigations,numerous,0
investigations,topologically,0
investigations,wavelengths,0
investigations,sets,0
investigations,markers,0
investigations,n-acetyltransferase,0
investigations,trypanosoma,0
investigations,sciences,0
investigations,medica,0
investigations,plant,0
investigations,transformers,0
investigations,videos,0
investigations,language,0
investigations,theory,0
investigations,obu,0
investigations,relation,0
investigations,relations,0
investigations,typically,0
investigations,understanding,0
investigations,kitti,0
investigations,s-triazine,0
investigations,mscoco,0
investigations,sites,0
investigations,points,0
investigations,photoreduction,0
investigations,lstm,0
investigations,smiles,0
investigations,technologies,0
investigations,svm,0
investigations,knn,0
investigations,softmax,0
investigations,patient,0
investigations,similarity,0
investigations,rnas,0
investigations,pca,0
investigations,recently,0
investigations,molecules,0
investigations,ntu,0
investigations,matthews,0
investigations,secure,0
investigations,nlp,0
investigations,words,0
investigations,transformer,0
investigations,system,0
investigations,wiki,0
investigations,nanosized,0
investigations,surge,0
investigations,skeleton,0
investigations,vehicle,0
investigations,layer,0
investigations,subgraph,0
investigations,pose,0
investigations,skeleton-based,0
investigations,skeletongait,0
investigations,metsulfuron,0
investigations,meaningful,0
investigations,probability,0
investigations,spatial,0
investigations,pubmed,0
investigations,sentiments,0
investigations,kinetoplastid,0
investigations,unconventional,0
investigations,mcc,0
investigations,optimization,0
investigations,relationships,0
investigations,represent,0
investigations,unifying,0
investigations,laplacian,0
investigations,topic,0
investigations,updated,0
investigations,local,0
investigations,training,0
investigations,u-net,0
investigations,supervised,0
investigations,works,0
investigations,showed,0
investigations,psf,0
investigations,optimal,0
investigations,presentation,0
investigations,pooling,0
investigations,key,0
investigations,technique,0
investigations,propagation,0
investigations,learn,0
investigations,neighbor,0
investigations,single-granular,0
investigations,modalities,0
investigations,module,0
investigations,representations,0
investigations,user,0
investigations,management,0
investigations,set,0
investigations,tumor,0
investigations,target,0
investigations,recognition,0
investigations,ternary,0
investigations,trend,0
investigations,sparsity,0
investigations,static,0
investigations,temporal,0
investigations,predicting,0
investigations,number,0
investigations,validate,0
investigations,spatial-temporal,0
investigations,single,0
investigations,layers,0
investigations,task,0
investigations,step,0
investigations,traffic,0
investigations,synthetic,0
investigations,visual,0
investigations,layouts,0
investigations,remote,0
investigations,splitting,0
investigations,rgb,0
investigations,large,0
investigations,processing,0
investigations,pairs,0
investigations,success,0
investigations,variation,0
investigations,reactions,0
investigations,memory,0
investigations,unit,0
investigations,patterns,0
investigations,targets,0
investigations,multi-scale,0
investigations,utilization,0
investigations,neighbors,0
investigations,part,0
investigations,video,0
investigations,traditional,0
investigations,sample,0
investigations,pollutants,0
investigations,protein,0
investigations,point,0
investigations,reported,0
investigations,remarkable,0
trypanosoma,variously,0
trypanosoma,wide,0
trypanosoma,water-splitting,0
trypanosoma,utilized,0
trypanosoma,tubes,0
trypanosoma,work,0
trypanosoma,viable,0
trypanosoma,u-shaped,0
trypanosoma,wavelengths,0
trypanosoma,videos,0
trypanosoma,years,0
trypanosoma,typically,0
trypanosoma,understanding,0
trypanosoma,unsupervised,0
trypanosoma,words,0
trypanosoma,water,0
trypanosoma,wiki,0
trypanosoma,vehicle,0
trypanosoma,xps,0
trypanosoma,unifying,0
trypanosoma,updated,0
trypanosoma,u-net,0
trypanosoma,works,0
trypanosoma,user,0
trypanosoma,tumor,0
trypanosoma,validate,0
trypanosoma,visual,0
trypanosoma,variation,0
trypanosoma,unit,0
trypanosoma,utilization,0
trypanosoma,video,0
trypanosoma,types,0
sciences,variously,0
sciences,wide,0
sciences,specifically,0
sciences,water-splitting,0
sciences,systems,0
sciences,standards,0
sciences,tcga,0
sciences,three-dimensional,0
sciences,thousands,0
sciences,utilized,0
sciences,seoul,0
sciences,time-consuming,0
sciences,tubes,0
sciences,work,0
sciences,self-healing,0
sciences,similar,0
sciences,smoothing,0
sciences,study,0
sciences,strategy,0
sciences,viable,0
sciences,trna,0
sciences,string,0
sciences,sgc,0
sciences,u-shaped,0
sciences,separation,0
sciences,topologically,0
sciences,wavelengths,0
sciences,sets,0
sciences,simultaneously,0
sciences,trypanosoma,0
sciences,transformers,0
sciences,videos,0
sciences,years,0
sciences,theory,0
sciences,typically,0
sciences,sites,0
sciences,smiles,0
sciences,technologies,0
sciences,svm,0
sciences,softmax,0
sciences,similarity,0
sciences,unsupervised,0
sciences,secure,0
sciences,words,0
sciences,transformer,0
sciences,wiki,0
sciences,surge,0
sciences,skeleton,0
sciences,vehicle,0
sciences,subgraph,0
sciences,xps,0
sciences,skeleton-based,0
sciences,skeletongait,0
sciences,sentiments,0
sciences,unconventional,0
sciences,unifying,0
sciences,topic,0
sciences,updated,0
sciences,training,0
sciences,u-net,0
sciences,supervised,0
sciences,works,0
sciences,showed,0
sciences,technique,0
sciences,time,0
sciences,single-granular,0
sciences,user,0
sciences,set,0
sciences,tumor,0
sciences,target,0
sciences,studies,0
sciences,ternary,0
sciences,trend,0
sciences,sparsity,0
sciences,static,0
sciences,significant,0
sciences,validate,0
sciences,spatial-temporal,0
sciences,step,0
sciences,synthetic,0
sciences,visual,0
sciences,splitting,0
sciences,show,0
sciences,structural,0
sciences,success,0
sciences,variation,0
sciences,unit,0
sciences,targets,0
sciences,utilization,0
sciences,structures,0
sciences,video,0
sciences,traditional,0
sciences,tree,0
sciences,types,0
medica,paper,0
medica,named,0
medica,method,0
medica,methods,0
medica,variously,0
medica,wide,0
medica,specifically,0
medica,structure,0
medica,mikae,0
medica,metal,0
medica,water-splitting,0
medica,present,0
medica,rarely,0
medica,pharmacology,0
medica,meiosis,0
medica,reduced,0
medica,roofs,0
medica,systems,0
medica,network,0
medica,standards,0
medica,networks,0
medica,noise,0
medica,rna,0
medica,tcga,0
medica,pei-gcn,0
medica,proposes,0
medica,membranes,0
medica,models,0
medica,pharmacological,0
medica,three-dimensional,0
medica,problem,0
medica,node,0
medica,performance,0
medica,real-world,0
medica,thousands,0
medica,owing,0
medica,propose,0
medica,roads,0
medica,tasks,0
medica,utilized,0
medica,seoul,0
medica,proteins,0
medica,time-consuming,0
medica,prohibitively,0
medica,psycholinguistic,0
medica,nitrogen-rich,0
medica,tubes,0
medica,work,0
medica,nodes,0
medica,mixed,0
medica,self-healing,0
medica,similar,0
medica,smoothing,0
medica,perform,0
medica,study,0
medica,strategy,0
medica,presents,0
medica,viable,0
medica,trna,0
medica,outperform,0
medica,string,0
medica,sgc,0
medica,u-shaped,0
medica,samples,0
medica,research,0
medica,pressure,0
medica,requirement,0
medica,numerous,0
medica,separation,0
medica,topologically,0
medica,wavelengths,0
medica,sets,0
medica,simultaneously,0
medica,n-acetyltransferase,0
medica,photocatalyst,0
medica,trypanosoma,0
medica,plant,0
medica,transformers,0
medica,videos,0
medica,years,0
medica,theory,0
medica,rely,0
medica,obu,0
medica,relation,0
medica,relations,0
medica,typically,0
medica,understanding,0
medica,s-triazine,0
medica,mscoco,0
medica,model,0
medica,sites,0
medica,points,0
medica,photoreduction,0
medica,smiles,0
medica,technologies,0
medica,svm,0
medica,softmax,0
medica,patients,0
medica,patient,0
medica,similarity,0
medica,rnas,0
medica,pca,0
medica,recently,0
medica,molecules,0
medica,molecule,0
medica,ntu,0
medica,unsupervised,0
medica,secure,0
medica,nlp,0
medica,words,0
medica,transformer,0
medica,system,0
medica,wiki,0
medica,nanosized,0
medica,surge,0
medica,skeleton,0
medica,vehicle,0
medica,results,0
medica,subgraph,0
medica,xps,0
medica,pose,0
medica,skeleton-based,0
medica,skeletongait,0
medica,proposed,0
medica,metsulfuron,0
medica,revealed,0
medica,probability,0
medica,methodology,0
medica,spatial,0
medica,pubmed,0
medica,sentiments,0
medica,role,0
medica,unconventional,0
medica,optimization,0
medica,relationships,0
medica,representation,0
medica,represent,0
medica,unifying,0
medica,topic,0
medica,updated,0
medica,training,0
medica,u-net,0
medica,supervised,0
medica,works,0
medica,showed,0
medica,psf,0
medica,optimal,0
medica,presentation,0
medica,pooling,0
medica,technique,0
medica,prediction,0
medica,propagation,0
medica,time,0
medica,neighbor,0
medica,single-granular,0
medica,optical,0
medica,modalities,0
medica,module,0
medica,representations,0
medica,neural,0
medica,user,0
medica,predict,0
medica,set,0
medica,tumor,0
medica,target,0
medica,studies,0
medica,recognition,0
medica,multiple,0
medica,ternary,0
medica,trend,0
medica,sparsity,0
medica,recent,0
medica,static,0
medica,significant,0
medica,temporal,0
medica,predicting,0
medica,number,0
medica,validate,0
medica,spatial-temporal,0
medica,single,0
medica,task,0
medica,step,0
medica,traffic,0
medica,synthetic,0
medica,real,0
medica,visual,0
medica,remote,0
medica,splitting,0
medica,parameters,0
medica,rgb,0
medica,show,0
medica,processing,0
medica,previous,0
medica,pairs,0
medica,photocatalytic,0
medica,structural,0
medica,success,0
medica,variation,0
medica,reactions,0
medica,memory,0
medica,unit,0
medica,patterns,0
medica,targets,0
medica,multi-scale,0
medica,utilization,0
medica,structures,0
medica,neighbors,0
medica,part,0
medica,progress,0
medica,video,0
medica,traditional,0
medica,sample,0
medica,pollutants,0
medica,tree,0
medica,motion,0
medica,types,0
medica,protein,0
medica,point,0
medica,reported,0
medica,remarkable,0
plant,variously,0
plant,wide,0
plant,water-splitting,0
plant,rarely,0
plant,roofs,0
plant,systems,0
plant,standards,0
plant,tcga,0
plant,proposes,0
plant,three-dimensional,0
plant,problem,0
plant,recombination,0
plant,real-world,0
plant,thousands,0
plant,roads,0
plant,tasks,0
plant,utilized,0
plant,seoul,0
plant,time-consuming,0
plant,prohibitively,0
plant,psycholinguistic,0
plant,tubes,0
plant,work,0
plant,self-healing,0
plant,smoothing,0
plant,presents,0
plant,viable,0
plant,trna,0
plant,string,0
plant,sgc,0
plant,u-shaped,0
plant,pressure,0
plant,requirement,0
plant,separation,0
plant,topologically,0
plant,wavelengths,0
plant,sets,0
plant,resulting,0
plant,trypanosoma,0
plant,sciences,0
plant,transformers,0
plant,videos,0
plant,years,0
plant,theory,0
plant,rely,0
plant,relations,0
plant,typically,0
plant,understanding,0
plant,s-triazine,0
plant,smiles,0
plant,technologies,0
plant,svm,0
plant,softmax,0
plant,similarity,0
plant,rnas,0
plant,unsupervised,0
plant,secure,0
plant,words,0
plant,transformer,0
plant,wiki,0
plant,surge,0
plant,skeleton,0
plant,vehicle,0
plant,subgraph,0
plant,xps,0
plant,pose,0
plant,skeleton-based,0
plant,skeletongait,0
plant,probability,0
plant,pubmed,0
plant,sentiments,0
plant,unconventional,0
plant,representation,0
plant,represent,0
plant,unifying,0
plant,topic,0
plant,updated,0
plant,training,0
plant,u-net,0
plant,supervised,0
plant,works,0
plant,psf,0
plant,presentation,0
plant,pooling,0
plant,technique,0
plant,prediction,0
plant,propagation,0
plant,single-granular,0
plant,representations,0
plant,user,0
plant,predict,0
plant,tumor,0
plant,recognition,0
plant,trend,0
plant,sparsity,0
plant,static,0
plant,surface,0
plant,significant,0
plant,temporal,0
plant,predicting,0
plant,validate,0
plant,spatial-temporal,0
plant,step,0
plant,traffic,0
plant,synthetic,0
plant,real,0
plant,visual,0
plant,remote,0
plant,splitting,0
plant,rgb,0
plant,processing,0
plant,success,0
plant,variation,0
plant,reactions,0
plant,unit,0
plant,utilization,0
plant,structures,0
plant,progress,0
plant,video,0
plant,traditional,0
plant,stability,0
plant,sample,0
plant,pollutants,0
plant,tree,0
plant,types,0
plant,point,0
plant,remarkable,0
transformers,variously,0
transformers,wide,0
transformers,water-splitting,0
transformers,tubes,0
transformers,viable,0
transformers,trna,0
transformers,u-shaped,0
transformers,wavelengths,0
transformers,trypanosoma,0
transformers,understanding,0
transformers,unsupervised,0
transformers,water,0
transformers,wiki,0
transformers,vehicle,0
transformers,xps,0
transformers,unconventional,0
transformers,unifying,0
transformers,updated,0
transformers,works,0
transformers,trend,0
transformers,validate,0
transformers,unit,0
transformers,video,0
transformers,tree,0
activity,intuitively,0
activity,inferred,0
activity,variously,0
activity,interacts,0
activity,mikae,0
activity,eastern,0
activity,bulbosa,0
activity,colomatta,0
activity,lutea,0
activity,ignore,0
activity,benefit,0
activity,low-pass,0
activity,cocatalyst-free,0
activity,water-splitting,0
activity,concentrated,0
activity,curated,0
activity,meiosis,0
activity,roofs,0
activity,cancers,0
activity,hyperlinks,0
activity,continuation,0
activity,standards,0
activity,noise,0
activity,extracting,0
activity,rna,0
activity,tcga,0
activity,pei-gcn,0
activity,gqa,0
activity,proposes,0
activity,assist,0
activity,membranes,0
activity,three-dimensional,0
activity,real-world,0
activity,dempster-shafer,0
activity,roads,0
activity,alternatively,0
activity,seoul,0
activity,prohibitively,0
activity,psycholinguistic,0
activity,nitrogen-rich,0
activity,tubes,0
activity,granger,0
activity,self-healing,0
activity,dual-stimulus,0
activity,households,0
activity,apartments,0
activity,viable,0
activity,outperform,0
activity,string,0
activity,sgc,0
activity,u-shaped,0
activity,couplings,0
activity,pressure,0
activity,f-score,0
activity,topologically,0
activity,wavelengths,0
activity,trypanosoma,0
activity,sciences,0
activity,medica,0
activity,transformers,0
activity,rely,0
activity,decisions,0
activity,heavily,0
activity,hemisphere,0
activity,obu,0
activity,heparin,0
activity,imdb,0
activity,kitti,0
activity,artifact,0
activity,s-triazine,0
activity,mscoco,0
activity,cnn,0
activity,points,0
activity,ethereum,0
activity,smiles,0
activity,bidirectional,0
activity,knn,0
activity,softmax,0
activity,chloroform,0
activity,formed,0
activity,annotations,0
activity,rnas,0
activity,initiative,0
activity,pca,0
activity,molecule,0
activity,ntu,0
activity,matthews,0
activity,secure,0
activity,nlp,0
activity,transformer,0
activity,wiki,0
activity,nanosized,0
activity,surge,0
activity,data-driven,0
activity,canadian,0
activity,guided,0
activity,subgraph,0
activity,algorithm,0
activity,euler,0
activity,skeletongait,0
activity,informative,0
activity,meaningful,0
activity,gcaru,0
activity,probability,0
activity,pubmed,0
activity,sentiments,0
activity,kinetoplastid,0
activity,unconventional,0
activity,cgcnimp,0
activity,mcc,0
activity,auroc,0
activity,auprc,0
activity,generative,0
activity,dmax,0
activity,unifying,0
activity,embeddings,0
activity,laplacian,0
activity,updated,0
activity,u-net,0
activity,error,0
activity,psf,0
activity,presentation,0
activity,indonesia,0
activity,intratesticular,0
activity,cfz,0
activity,single-granular,0
activity,user,0
activity,management,0
activity,tumor,0
activity,dense,0
activity,sparsity,0
activity,faces,0
activity,static,0
activity,communication,0
activity,real,0
activity,visual,0
activity,layouts,0
activity,remote,0
activity,processing,0
activity,success,0
activity,unit,0
activity,correction,0
activity,constructing,0
activity,multi-scale,0
activity,tree,0
activity,bind,0
harmful,paper,0
harmful,named,0
harmful,intuitively,0
harmful,inferred,0
harmful,variously,0
harmful,wide,0
harmful,specifically,0
harmful,interacts,0
harmful,mikae,0
harmful,lutea,0
harmful,input,0
harmful,ignore,0
harmful,low-pass,0
harmful,water-splitting,0
harmful,rarely,0
harmful,published,0
harmful,meiosis,0
harmful,increasing,0
harmful,roofs,0
harmful,hyperlinks,0
harmful,independently,0
harmful,systems,0
harmful,standards,0
harmful,noise,0
harmful,rna,0
harmful,tcga,0
harmful,pei-gcn,0
harmful,membranes,0
harmful,three-dimensional,0
harmful,problem,0
harmful,node,0
harmful,limited,0
harmful,real-world,0
harmful,thousands,0
harmful,hours,0
harmful,owing,0
harmful,roads,0
harmful,tasks,0
harmful,seoul,0
harmful,proteins,0
harmful,prohibitively,0
harmful,psycholinguistic,0
harmful,nitrogen-rich,0
harmful,tubes,0
harmful,liquid,0
harmful,nodes,0
harmful,mixed,0
harmful,self-healing,0
harmful,similar,0
harmful,smoothing,0
harmful,households,0
harmful,presents,0
harmful,viable,0
harmful,trna,0
harmful,outperform,0
harmful,string,0
harmful,sgc,0
harmful,u-shaped,0
harmful,pressure,0
harmful,requirement,0
harmful,numerous,0
harmful,separation,0
harmful,topologically,0
harmful,wavelengths,0
harmful,sets,0
harmful,simultaneously,0
harmful,markers,0
harmful,n-acetyltransferase,0
harmful,holes,0
harmful,resulting,0
harmful,investigations,0
harmful,trypanosoma,0
harmful,sciences,0
harmful,medica,0
harmful,plant,0
harmful,videos,0
harmful,language,0
harmful,theory,0
harmful,leading,0
harmful,rely,0
harmful,heavily,0
harmful,hemisphere,0
harmful,obu,0
harmful,heparin,0
harmful,relation,0
harmful,relations,0
harmful,typically,0
harmful,understanding,0
harmful,imdb,0
harmful,kitti,0
harmful,s-triazine,0
harmful,mscoco,0
harmful,sites,0
harmful,points,0
harmful,improve,0
harmful,photoreduction,0
harmful,lstm,0
harmful,smiles,0
harmful,technologies,0
harmful,svm,0
harmful,knn,0
harmful,softmax,0
harmful,patients,0
harmful,similarity,0
harmful,rnas,0
harmful,initiative,0
harmful,pca,0
harmful,recently,0
harmful,molecule,0
harmful,ntu,0
harmful,unsupervised,0
harmful,matthews,0
harmful,secure,0
harmful,nlp,0
harmful,system,0
harmful,wiki,0
harmful,nanosized,0
harmful,surge,0
harmful,kinetics,0
harmful,skeleton,0
harmful,vehicle,0
harmful,layer,0
harmful,subgraph,0
harmful,xps,0
harmful,pose,0
harmful,skeleton-based,0
harmful,skeletongait,0
harmful,informative,0
harmful,metsulfuron,0
harmful,meaningful,0
harmful,probability,0
harmful,methodology,0
harmful,spatial,0
harmful,pubmed,0
harmful,sentiments,0
harmful,role,0
harmful,kinetoplastid,0
harmful,unconventional,0
harmful,mcc,0
harmful,relationships,0
harmful,representation,0
harmful,represent,0
harmful,unifying,0
harmful,laplacian,0
harmful,updated,0
harmful,local,0
harmful,training,0
harmful,u-net,0
harmful,supervised,0
harmful,works,0
harmful,psf,0
harmful,optimal,0
harmful,presentation,0
harmful,indonesia,0
harmful,pooling,0
harmful,intratesticular,0
harmful,key,0
harmful,prediction,0
harmful,propagation,0
harmful,learn,0
harmful,neighbor,0
harmful,single-granular,0
harmful,modalities,0
harmful,module,0
harmful,introduce,0
harmful,user,0
harmful,management,0
harmful,predict,0
harmful,set,0
harmful,tumor,0
harmful,target,0
harmful,studies,0
harmful,recognition,0
harmful,trend,0
harmful,sparsity,0
harmful,static,0
harmful,immune,0
harmful,temporal,0
harmful,number,0
harmful,validate,0
harmful,spatial-temporal,0
harmful,single,0
harmful,interaction,0
harmful,layers,0
harmful,machine,0
harmful,real,0
harmful,visual,0
harmful,layouts,0
harmful,remote,0
harmful,splitting,0
harmful,rgb,0
harmful,show,0
harmful,processing,0
harmful,previous,0
harmful,pairs,0
harmful,learns,0
harmful,success,0
harmful,variation,0
harmful,memory,0
harmful,unit,0
harmful,patterns,0
harmful,multi-scale,0
harmful,structures,0
harmful,neighbors,0
harmful,progress,0
harmful,video,0
harmful,traditional,0
harmful,stability,0
harmful,sample,0
harmful,tree,0
harmful,motion,0
harmful,types,0
harmful,protein,0
harmful,point,0
harmful,reported,0
harmful,remarkable,0
videos,water-splitting,0
videos,wavelengths,0
videos,water,0
videos,wiki,0
videos,xps,0
videos,works,0
features,variously,0
features,interacts,0
features,mikae,0
features,lutea,0
features,water-splitting,0
features,pharmacology,0
features,meiosis,0
features,roofs,0
features,hyperlinks,0
features,standards,0
features,pei-gcn,0
features,gqa,0
features,membranes,0
features,heterojunction,0
features,nitrogen-rich,0
features,tubes,0
features,granger,0
features,self-healing,0
features,trna,0
features,topologically,0
features,wavelengths,0
features,n-acetyltransferase,0
features,holes,0
features,trypanosoma,0
features,sciences,0
features,medica,0
features,heparin,0
features,s-triazine,0
features,mscoco,0
features,photoreduction,0
features,fourier,0
features,fixation,0
features,nanosized,0
features,ftir,0
features,xps,0
features,metsulfuron,0
features,kinetoplastid,0
features,unconventional,0
features,fenton,0
features,unifying,0
features,psf,0
features,indonesia,0
features,intratesticular,0
features,layouts,0
language,variously,0
language,mikae,0
language,lutea,0
language,low-pass,0
language,metal,0
language,water-splitting,0
language,nitride,0
language,pharmacology,0
language,meiosis,0
language,roofs,0
language,standards,0
language,noise,0
language,rna,0
language,tcga,0
language,pei-gcn,0
language,membranes,0
language,pharmacological,0
language,three-dimensional,0
language,recombination,0
language,roads,0
language,seoul,0
language,time-consuming,0
language,prohibitively,0
language,nitrogen-rich,0
language,tubes,0
language,liquid,0
language,mixed,0
language,self-healing,0
language,smoothing,0
language,viable,0
language,trna,0
language,string,0
language,sgc,0
language,u-shaped,0
language,pressure,0
language,separation,0
language,topologically,0
language,wavelengths,0
language,markers,0
language,n-acetyltransferase,0
language,resulting,0
language,photocatalyst,0
language,trypanosoma,0
language,sciences,0
language,medica,0
language,plant,0
language,obu,0
language,material,0
language,typically,0
language,s-triazine,0
language,photoreduction,0
language,smiles,0
language,technologies,0
language,softmax,0
language,patients,0
language,patient,0
language,rnas,0
language,pca,0
language,molecules,0
language,molecule,0
language,ntu,0
language,matthews,0
language,secure,0
language,water,0
language,nanosized,0
language,surge,0
language,vehicle,0
language,subgraph,0
language,xps,0
language,pose,0
language,skeleton-based,0
language,skeletongait,0
language,metsulfuron,0
language,meaningful,0
language,revealed,0
language,methodology,0
language,pubmed,0
language,sentiments,0
language,unconventional,0
language,mcc,0
language,unifying,0
language,updated,0
language,optimal,0
language,presentation,0
language,propagation,0
language,neighbor,0
language,single-granular,0
language,management,0
language,tumor,0
language,ternary,0
language,sparsity,0
language,static,0
language,surface,0
language,spatial-temporal,0
language,step,0
language,layouts,0
language,splitting,0
language,rgb,0
language,photocatalytic,0
language,reactions,0
language,light,0
language,multi-scale,0
language,utilization,0
language,stability,0
language,pollutants,0
language,point,0
language,reported,0
theory,variously,0
theory,water-splitting,0
theory,three-dimensional,0
theory,tubes,0
theory,viable,0
theory,trna,0
theory,u-shaped,0
theory,topologically,0
theory,wavelengths,0
theory,trypanosoma,0
theory,transformers,0
theory,videos,0
theory,typically,0
theory,words,0
theory,transformer,0
theory,wiki,0
theory,xps,0
theory,unconventional,0
theory,unifying,0
theory,updated,0
theory,u-net,0
theory,works,0
theory,user,0
theory,tumor,0
theory,trend,0
theory,variation,0
theory,unit,0
theory,utilization,0
theory,video,0
theory,tree,0
leading,variously,0
leading,mikae,0
leading,lutea,0
leading,low-pass,0
leading,metal,0
leading,water-splitting,0
leading,literature,0
leading,pharmacology,0
leading,meiosis,0
leading,roofs,0
leading,standards,0
leading,tcga,0
leading,pei-gcn,0
leading,pharmacological,0
leading,thousands,0
leading,roads,0
leading,seoul,0
leading,time-consuming,0
leading,prohibitively,0
leading,psycholinguistic,0
leading,nitrogen-rich,0
leading,tubes,0
leading,liquid,0
leading,self-healing,0
leading,viable,0
leading,trna,0
leading,sgc,0
leading,u-shaped,0
leading,samples,0
leading,requirement,0
leading,topologically,0
leading,wavelengths,0
leading,markers,0
leading,n-acetyltransferase,0
leading,trypanosoma,0
leading,sciences,0
leading,medica,0
leading,transformers,0
leading,theory,0
leading,rely,0
leading,obu,0
leading,s-triazine,0
leading,mscoco,0
leading,points,0
leading,photoreduction,0
leading,smiles,0
leading,svm,0
leading,softmax,0
leading,pca,0
leading,matthews,0
leading,secure,0
leading,nlp,0
leading,wiki,0
leading,nanosized,0
leading,surge,0
leading,xps,0
leading,pose,0
leading,skeletongait,0
leading,metsulfuron,0
leading,methodology,0
leading,sentiments,0
leading,unconventional,0
leading,mcc,0
leading,unifying,0
leading,updated,0
leading,u-net,0
leading,psf,0
leading,technique,0
leading,single-granular,0
leading,modalities,0
leading,ternary,0
leading,trend,0
leading,sparsity,0
leading,static,0
leading,synthetic,0
leading,splitting,0
leading,part,0
leading,progress,0
leading,sample,0
leading,pollutants,0
leading,tree,0
leading,point,0
achievement,drug-drug,0
achievement,paper,0
achievement,named,0
achievement,intuitively,0
achievement,inferred,0
achievement,variously,0
achievement,wide,0
achievement,actions,0
achievement,specifically,0
achievement,demonstrates,0
achievement,dual,0
achievement,anchored,0
achievement,interacts,0
achievement,mikae,0
achievement,eastern,0
achievement,bulbosa,0
achievement,colomatta,0
achievement,lutea,0
achievement,input,0
achievement,existing,0
achievement,approaches,0
achievement,ignore,0
achievement,benefit,0
achievement,connecting,0
achievement,considered,0
achievement,low-pass,0
achievement,attributes,0
achievement,metal,0
achievement,cocatalyst-free,0
achievement,water-splitting,0
achievement,nitride,0
achievement,present,0
achievement,literature,0
achievement,rarely,0
achievement,concentrated,0
achievement,extract,0
achievement,pharmacology,0
achievement,published,0
achievement,curated,0
achievement,generally,0
achievement,common,0
achievement,meiosis,0
achievement,increasing,0
achievement,reduced,0
achievement,gap,0
achievement,developed,0
achievement,roofs,0
achievement,cancers,0
achievement,hyperlinks,0
achievement,independently,0
achievement,differently,0
achievement,explicitly,0
achievement,attention,0
achievement,obtained,0
achievement,generated,0
achievement,continuation,0
achievement,systems,0
achievement,network,0
achievement,standards,0
achievement,networks,0
achievement,noise,0
achievement,extracting,0
achievement,rna,0
achievement,tcga,0
achievement,pei-gcn,0
achievement,gqa,0
achievement,proposes,0
achievement,assist,0
achievement,critical,0
achievement,assessment,0
achievement,membranes,0
achievement,applications,0
achievement,models,0
achievement,result,0
achievement,beneficial,0
achievement,pharmacological,0
achievement,efficient,0
achievement,three-dimensional,0
achievement,classification,0
achievement,problem,0
achievement,node,0
achievement,address,0
achievement,limited,0
achievement,fast,0
achievement,recombination,0
achievement,real-world,0
achievement,dempster-shafer,0
achievement,thousands,0
achievement,hours,0
achievement,owing,0
achievement,roads,0
achievement,tasks,0
achievement,alternatively,0
achievement,utilized,0
achievement,determination,0
achievement,process,0
achievement,seoul,0
achievement,proteins,0
achievement,encoded,0
achievement,time-consuming,0
achievement,prohibitively,0
achievement,elsevier,0
achievement,psycholinguistic,0
achievement,attack,0
achievement,heterojunction,0
achievement,nitrogen-rich,0
achievement,tubes,0
achievement,chemical,0
achievement,liquid,0
achievement,work,0
achievement,graphitic,0
achievement,gcn,0
achievement,granger,0
achievement,nodes,0
achievement,established,0
achievement,mixed,0
achievement,excellent,0
achievement,capability,0
achievement,self-healing,0
achievement,dual-stimulus,0
achievement,similar,0
achievement,smoothing,0
achievement,households,0
achievement,apartments,0
achievement,study,0
achievement,strategy,0
achievement,presents,0
achievement,viable,0
achievement,trna,0
achievement,outperform,0
achievement,cutting-thin,0
achievement,string,0
achievement,descriptor,0
achievement,explore,0
achievement,sgc,0
achievement,u-shaped,0
achievement,samples,0
achievement,couplings,0
achievement,research,0
achievement,pressure,0
achievement,f-score,0
achievement,auc,0
achievement,graphs,0
achievement,requirement,0
achievement,numerous,0
achievement,separation,0
achievement,topologically,0
achievement,wavelengths,0
achievement,sets,0
achievement,simultaneously,0
achievement,markers,0
achievement,n-acetyltransferase,0
achievement,area,0
achievement,holes,0
achievement,resulting,0
achievement,photocatalyst,0
achievement,investigations,0
achievement,trypanosoma,0
achievement,sciences,0
achievement,medica,0
achievement,plant,0
achievement,transformers,0
achievement,activity,0
achievement,harmful,0
achievement,videos,0
achievement,years,0
achievement,language,0
achievement,theory,0
achievement,rely,0
achievement,decisions,0
achievement,heavily,0
achievement,hemisphere,0
achievement,gps,0
achievement,obu,0
achievement,material,0
achievement,gcns,0
achievement,heparin,0
achievement,relation,0
achievement,relations,0
achievement,typically,0
achievement,firstly,0
achievement,understanding,0
achievement,imdb,0
achievement,kitti,0
achievement,artifact,0
achievement,convolutional,0
achievement,s-triazine,0
achievement,mscoco,0
achievement,heterogeneous,0
achievement,model,0
achievement,cnn,0
achievement,due,0
achievement,sites,0
achievement,cloud,0
achievement,points,0
achievement,efficiency,0
achievement,improve,0
achievement,photoreduction,0
achievement,ethereum,0
achievement,lstm,0
achievement,smiles,0
achievement,bidirectional,0
achievement,catalysts,0
achievement,technologies,0
achievement,capacity,0
achievement,svm,0
achievement,knn,0
achievement,softmax,0
achievement,chloroform,0
achievement,formed,0
achievement,escherichia,0
achievement,euclidean,0
achievement,patients,0
achievement,patient,0
achievement,similarity,0
achievement,annotations,0
achievement,rnas,0
achievement,algorithms,0
achievement,fourier,0
achievement,initiative,0
achievement,pca,0
achievement,decades,0
achievement,copy,0
achievement,recently,0
achievement,fixation,0
achievement,molecules,0
achievement,molecule,0
achievement,ntu,0
achievement,edges,0
achievement,matthews,0
achievement,secure,0
achievement,nlp,0
achievement,words,0
achievement,transformer,0
achievement,system,0
achievement,water,0
achievement,wiki,0
achievement,datasets,0
achievement,data,0
achievement,nanosized,0
achievement,effectively,0
achievement,surge,0
achievement,data-driven,0
achievement,kinetics,0
achievement,dft,0
achievement,skeleton,0
achievement,canadian,0
achievement,framework,0
achievement,vehicle,0
achievement,end,0
achievement,layer,0
achievement,subgraph,0
achievement,ftir,0
achievement,xps,0
achievement,pose,0
achievement,skeleton-based,0
achievement,euler,0
achievement,skeletongait,0
achievement,graph-based,0
achievement,informative,0
achievement,dependencies,0
achievement,metsulfuron,0
achievement,based,0
achievement,conduct,0
achievement,revealed,0
achievement,gcaru,0
achievement,methodology,0
achievement,spatial,0
achievement,pubmed,0
achievement,sentiments,0
achievement,electron,0
achievement,evaluation,0
achievement,role,0
achievement,kinetoplastid,0
achievement,unconventional,0
achievement,cgcnimp,0
achievement,mcc,0
achievement,auroc,0
achievement,auprc,0
achievement,optimization,0
achievement,relationships,0
achievement,representation,0
achievement,represent,0
achievement,fenton,0
achievement,generative,0
achievement,dmax,0
achievement,unifying,0
achievement,embeddings,0
achievement,laplacian,0
achievement,topic,0
achievement,updated,0
achievement,deep,0
achievement,training,0
achievement,correlations,0
achievement,u-net,0
achievement,supervised,0
achievement,error,0
achievement,works,0
achievement,generate,0
achievement,capture,0
achievement,showed,0
achievement,psf,0
achievement,optimal,0
achievement,presentation,0
achievement,indonesia,0
achievement,pooling,0
achievement,intratesticular,0
achievement,key,0
achievement,human,0
achievement,technique,0
achievement,factors,0
achievement,propagation,0
achievement,time,0
achievement,aminoacyl,0
achievement,daily,0
achievement,learn,0
achievement,neighbor,0
achievement,evolution,0
achievement,cfz,0
achievement,single-granular,0
achievement,optical,0
achievement,desirable,0
achievement,modalities,0
achievement,high,0
achievement,module,0
achievement,representations,0
achievement,introduce,0
achievement,neural,0
achievement,expression,0
achievement,user,0
achievement,management,0
achievement,predict,0
achievement,set,0
achievement,fully,0
achievement,complex,0
achievement,tumor,0
achievement,studies,0
achievement,dense,0
achievement,recognition,0
achievement,identify,0
achievement,convolution,0
achievement,challenges,0
achievement,multiple,0
achievement,ternary,0
achievement,trend,0
achievement,sparsity,0
achievement,faces,0
achievement,static,0
achievement,gene,0
achievement,surface,0
achievement,significant,0
achievement,immune,0
achievement,temporal,0
achievement,identification,0
achievement,predicting,0
achievement,number,0
achievement,validate,0
achievement,gat,0
achievement,spatial-temporal,0
achievement,single,0
achievement,interaction,0
achievement,layers,0
achievement,task,0
achievement,challenging,0
achievement,energy,0
achievement,step,0
achievement,machine,0
achievement,traffic,0
achievement,communication,0
achievement,synthetic,0
achievement,real,0
achievement,visual,0
achievement,layouts,0
achievement,cells,0
achievement,remote,0
achievement,analysis,0
achievement,splitting,0
achievement,parameters,0
achievement,rgb,0
achievement,improved,0
achievement,show,0
achievement,large,0
achievement,processing,0
achievement,conditions,0
achievement,previous,0
achievement,pairs,0
achievement,employed,0
achievement,include,0
achievement,captures,0
achievement,learns,0
achievement,achieves,0
achievement,embedding,0
achievement,photocatalytic,0
achievement,structural,0
achievement,success,0
achievement,cases,0
achievement,variation,0
achievement,identifying,0
achievement,important,0
achievement,reactions,0
achievement,memory,0
achievement,unit,0
achievement,gated,0
achievement,patterns,0
achievement,field,0
achievement,correction,0
achievement,constructing,0
achievement,great,0
achievement,action,0
achievement,light,0
achievement,functions,0
achievement,targets,0
achievement,architecture,0
achievement,multi-scale,0
achievement,annotation,0
achievement,utilization,0
achievement,aggregation,0
achievement,structures,0
achievement,neighbors,0
achievement,adsorption,0
achievement,part,0
achievement,progress,0
achievement,video,0
achievement,focuses,0
achievement,capturing,0
achievement,traditional,0
achievement,affected,0
achievement,stability,0
achievement,sample,0
achievement,designed,0
achievement,pollutants,0
achievement,behaviors,0
achievement,diffusion,0
achievement,tree,0
achievement,motion,0
achievement,types,0
achievement,protein,0
achievement,point,0
achievement,reported,0
achievement,background,0
achievement,center,0
achievement,bind,0
achievement,band,0
rely,variously,0
rely,water-splitting,0
rely,roofs,0
rely,standards,0
rely,rna,0
rely,tcga,0
rely,result,0
rely,three-dimensional,0
rely,roads,0
rely,seoul,0
rely,time-consuming,0
rely,tubes,0
rely,self-healing,0
rely,smoothing,0
rely,viable,0
rely,trna,0
rely,string,0
rely,sgc,0
rely,u-shaped,0
rely,requirement,0
rely,separation,0
rely,topologically,0
rely,wavelengths,0
rely,sets,0
rely,trypanosoma,0
rely,sciences,0
rely,transformers,0
rely,theory,0
rely,s-triazine,0
rely,sites,0
rely,smiles,0
rely,technologies,0
rely,svm,0
rely,softmax,0
rely,rnas,0
rely,secure,0
rely,words,0
rely,system,0
rely,water,0
rely,wiki,0
rely,surge,0
rely,vehicle,0
rely,xps,0
rely,skeletongait,0
rely,revealed,0
rely,sentiments,0
rely,unconventional,0
rely,unifying,0
rely,showed,0
rely,single-granular,0
rely,ternary,0
rely,trend,0
rely,sparsity,0
rely,traffic,0
rely,synthetic,0
rely,visual,0
rely,splitting,0
rely,variation,0
rely,targets,0
rely,utilization,0
rely,stability,0
decisions,drug-drug,0
decisions,named,0
decisions,intuitively,0
decisions,inferred,0
decisions,variously,0
decisions,wide,0
decisions,specifically,0
decisions,dual,0
decisions,interacts,0
decisions,mikae,0
decisions,eastern,0
decisions,lutea,0
decisions,ignore,0
decisions,low-pass,0
decisions,metal,0
decisions,water-splitting,0
decisions,nitride,0
decisions,literature,0
decisions,rarely,0
decisions,pharmacology,0
decisions,generally,0
decisions,meiosis,0
decisions,reduced,0
decisions,roofs,0
decisions,hyperlinks,0
decisions,differently,0
decisions,explicitly,0
decisions,generated,0
decisions,standards,0
decisions,noise,0
decisions,extracting,0
decisions,rna,0
decisions,tcga,0
decisions,pei-gcn,0
decisions,gqa,0
decisions,membranes,0
decisions,pharmacological,0
decisions,three-dimensional,0
decisions,fast,0
decisions,recombination,0
decisions,dempster-shafer,0
decisions,hours,0
decisions,owing,0
decisions,roads,0
decisions,determination,0
decisions,seoul,0
decisions,proteins,0
decisions,encoded,0
decisions,time-consuming,0
decisions,prohibitively,0
decisions,psycholinguistic,0
decisions,heterojunction,0
decisions,nitrogen-rich,0
decisions,tubes,0
decisions,liquid,0
decisions,graphitic,0
decisions,granger,0
decisions,established,0
decisions,excellent,0
decisions,self-healing,0
decisions,dual-stimulus,0
decisions,similar,0
decisions,smoothing,0
decisions,perform,0
decisions,households,0
decisions,strategy,0
decisions,viable,0
decisions,trna,0
decisions,string,0
decisions,descriptor,0
decisions,sgc,0
decisions,u-shaped,0
decisions,samples,0
decisions,pressure,0
decisions,f-score,0
decisions,requirement,0
decisions,numerous,0
decisions,separation,0
decisions,topologically,0
decisions,wavelengths,0
decisions,simultaneously,0
decisions,markers,0
decisions,n-acetyltransferase,0
decisions,holes,0
decisions,resulting,0
decisions,photocatalyst,0
decisions,investigations,0
decisions,trypanosoma,0
decisions,sciences,0
decisions,medica,0
decisions,plant,0
decisions,transformers,0
decisions,harmful,0
decisions,videos,0
decisions,language,0
decisions,theory,0
decisions,hemisphere,0
decisions,gps,0
decisions,obu,0
decisions,material,0
decisions,heparin,0
decisions,typically,0
decisions,firstly,0
decisions,imdb,0
decisions,kitti,0
decisions,s-triazine,0
decisions,mscoco,0
decisions,sites,0
decisions,points,0
decisions,photoreduction,0
decisions,ethereum,0
decisions,lstm,0
decisions,smiles,0
decisions,technologies,0
decisions,svm,0
decisions,knn,0
decisions,formed,0
decisions,escherichia,0
decisions,euclidean,0
decisions,rnas,0
decisions,fourier,0
decisions,pca,0
decisions,fixation,0
decisions,molecules,0
decisions,molecule,0
decisions,ntu,0
decisions,unsupervised,0
decisions,matthews,0
decisions,secure,0
decisions,nlp,0
decisions,water,0
decisions,wiki,0
decisions,nanosized,0
decisions,surge,0
decisions,kinetics,0
decisions,dft,0
decisions,skeleton,0
decisions,layer,0
decisions,subgraph,0
decisions,ftir,0
decisions,xps,0
decisions,pose,0
decisions,skeleton-based,0
decisions,euler,0
decisions,skeletongait,0
decisions,informative,0
decisions,dependencies,0
decisions,metsulfuron,0
decisions,meaningful,0
decisions,revealed,0
decisions,gcaru,0
decisions,probability,0
decisions,methodology,0
decisions,spatial,0
decisions,pubmed,0
decisions,sentiments,0
decisions,electron,0
decisions,kinetoplastid,0
decisions,unconventional,0
decisions,mcc,0
decisions,fenton,0
decisions,generative,0
decisions,dmax,0
decisions,unifying,0
decisions,laplacian,0
decisions,topic,0
decisions,updated,0
decisions,u-net,0
decisions,supervised,0
decisions,error,0
decisions,generate,0
decisions,showed,0
decisions,psf,0
decisions,presentation,0
decisions,indonesia,0
decisions,pooling,0
decisions,intratesticular,0
decisions,key,0
decisions,human,0
decisions,technique,0
decisions,evolution,0
decisions,single-granular,0
decisions,optical,0
decisions,focus,0
decisions,desirable,0
decisions,module,0
decisions,expression,0
decisions,predict,0
decisions,tumor,0
decisions,target,0
decisions,dense,0
decisions,recognition,0
decisions,identify,0
decisions,ternary,0
decisions,sparsity,0
decisions,faces,0
decisions,gene,0
decisions,surface,0
decisions,immune,0
decisions,identification,0
decisions,gat,0
decisions,spatial-temporal,0
decisions,step,0
decisions,visual,0
decisions,layouts,0
decisions,remote,0
decisions,splitting,0
decisions,rgb,0
decisions,large,0
decisions,pairs,0
decisions,include,0
decisions,learns,0
decisions,photocatalytic,0
decisions,structural,0
decisions,success,0
decisions,variation,0
decisions,identifying,0
decisions,reactions,0
decisions,memory,0
decisions,gated,0
decisions,field,0
decisions,great,0
decisions,light,0
decisions,functions,0
decisions,targets,0
decisions,utilization,0
decisions,structures,0
decisions,neighbors,0
decisions,part,0
decisions,video,0
decisions,traditional,0
decisions,stability,0
decisions,sample,0
decisions,pollutants,0
decisions,tree,0
decisions,motion,0
decisions,types,0
decisions,protein,0
decisions,point,0
decisions,reported,0
decisions,remarkable,0
heavily,intuitively,0
heavily,inferred,0
heavily,variously,0
heavily,wide,0
heavily,interacts,0
heavily,mikae,0
heavily,lutea,0
heavily,input,0
heavily,ignore,0
heavily,metal,0
heavily,water-splitting,0
heavily,nitride,0
heavily,rarely,0
heavily,pharmacology,0
heavily,published,0
heavily,meiosis,0
heavily,increasing,0
heavily,reduced,0
heavily,roofs,0
heavily,hyperlinks,0
heavily,independently,0
heavily,standards,0
heavily,rna,0
heavily,tcga,0
heavily,pei-gcn,0
heavily,membranes,0
heavily,result,0
heavily,pharmacological,0
heavily,three-dimensional,0
heavily,limited,0
heavily,recombination,0
heavily,hours,0
heavily,owing,0
heavily,roads,0
heavily,seoul,0
heavily,proteins,0
heavily,prohibitively,0
heavily,psycholinguistic,0
heavily,heterojunction,0
heavily,nitrogen-rich,0
heavily,tubes,0
heavily,liquid,0
heavily,mixed,0
heavily,self-healing,0
heavily,perform,0
heavily,households,0
heavily,viable,0
heavily,trna,0
heavily,outperform,0
heavily,string,0
heavily,sgc,0
heavily,u-shaped,0
heavily,pressure,0
heavily,requirement,0
heavily,numerous,0
heavily,separation,0
heavily,topologically,0
heavily,wavelengths,0
heavily,sets,0
heavily,markers,0
heavily,n-acetyltransferase,0
heavily,holes,0
heavily,resulting,0
heavily,photocatalyst,0
heavily,investigations,0
heavily,trypanosoma,0
heavily,sciences,0
heavily,medica,0
heavily,plant,0
heavily,transformers,0
heavily,videos,0
heavily,years,0
heavily,language,0
heavily,theory,0
heavily,leading,0
heavily,hemisphere,0
heavily,obu,0
heavily,material,0
heavily,heparin,0
heavily,relation,0
heavily,relations,0
heavily,typically,0
heavily,understanding,0
heavily,kitti,0
heavily,s-triazine,0
heavily,mscoco,0
heavily,sites,0
heavily,points,0
heavily,photoreduction,0
heavily,lstm,0
heavily,smiles,0
heavily,technologies,0
heavily,svm,0
heavily,knn,0
heavily,softmax,0
heavily,patients,0
heavily,patient,0
heavily,similarity,0
heavily,rnas,0
heavily,initiative,0
heavily,pca,0
heavily,ntu,0
heavily,matthews,0
heavily,secure,0
heavily,nlp,0
heavily,words,0
heavily,transformer,0
heavily,water,0
heavily,wiki,0
heavily,nanosized,0
heavily,surge,0
heavily,kinetics,0
heavily,skeleton,0
heavily,vehicle,0
heavily,subgraph,0
heavily,xps,0
heavily,pose,0
heavily,skeleton-based,0
heavily,skeletongait,0
heavily,informative,0
heavily,metsulfuron,0
heavily,revealed,0
heavily,pubmed,0
heavily,sentiments,0
heavily,role,0
heavily,kinetoplastid,0
heavily,unconventional,0
heavily,mcc,0
heavily,optimization,0
heavily,represent,0
heavily,unifying,0
heavily,laplacian,0
heavily,updated,0
heavily,u-net,0
heavily,supervised,0
heavily,works,0
heavily,showed,0
heavily,psf,0
heavily,optimal,0
heavily,presentation,0
heavily,indonesia,0
heavily,pooling,0
heavily,intratesticular,0
heavily,single-granular,0
heavily,optical,0
heavily,modalities,0
heavily,high,0
heavily,management,0
heavily,tumor,0
heavily,recognition,0
heavily,identify,0
heavily,ternary,0
heavily,surface,0
heavily,immune,0
heavily,identification,0
heavily,single,0
heavily,step,0
heavily,traffic,0
heavily,synthetic,0
heavily,visual,0
heavily,layouts,0
heavily,remote,0
heavily,splitting,0
heavily,rgb,0
heavily,pairs,0
heavily,learns,0
heavily,photocatalytic,0
heavily,variation,0
heavily,reactions,0
heavily,memory,0
heavily,unit,0
heavily,light,0
heavily,targets,0
heavily,multi-scale,0
heavily,utilization,0
heavily,progress,0
heavily,stability,0
heavily,pollutants,0
heavily,tree,0
heavily,motion,0
heavily,protein,0
heavily,point,0
hemisphere,named,0
hemisphere,intuitively,0
hemisphere,inferred,0
hemisphere,variously,0
hemisphere,wide,0
hemisphere,specifically,0
hemisphere,interacts,0
hemisphere,structure,0
hemisphere,ignore,0
hemisphere,low-pass,0
hemisphere,metal,0
hemisphere,water-splitting,0
hemisphere,nitride,0
hemisphere,present,0
hemisphere,rarely,0
hemisphere,pharmacology,0
hemisphere,published,0
hemisphere,meiosis,0
hemisphere,increasing,0
hemisphere,reduced,0
hemisphere,roofs,0
hemisphere,hyperlinks,0
hemisphere,independently,0
hemisphere,systems,0
hemisphere,standards,0
hemisphere,networks,0
hemisphere,noise,0
hemisphere,rna,0
hemisphere,tcga,0
hemisphere,pei-gcn,0
hemisphere,proposes,0
hemisphere,membranes,0
hemisphere,models,0
hemisphere,result,0
hemisphere,pharmacological,0
hemisphere,three-dimensional,0
hemisphere,problem,0
hemisphere,node,0
hemisphere,limited,0
hemisphere,recombination,0
hemisphere,real-world,0
hemisphere,thousands,0
hemisphere,hours,0
hemisphere,owing,0
hemisphere,roads,0
hemisphere,tasks,0
hemisphere,utilized,0
hemisphere,seoul,0
hemisphere,proteins,0
hemisphere,time-consuming,0
hemisphere,prohibitively,0
hemisphere,psycholinguistic,0
hemisphere,heterojunction,0
hemisphere,nitrogen-rich,0
hemisphere,tubes,0
hemisphere,liquid,0
hemisphere,work,0
hemisphere,nodes,0
hemisphere,mixed,0
hemisphere,self-healing,0
hemisphere,similar,0
hemisphere,smoothing,0
hemisphere,perform,0
hemisphere,households,0
hemisphere,study,0
hemisphere,strategy,0
hemisphere,presents,0
hemisphere,viable,0
hemisphere,trna,0
hemisphere,outperform,0
hemisphere,string,0
hemisphere,sgc,0
hemisphere,u-shaped,0
hemisphere,samples,0
hemisphere,research,0
hemisphere,pressure,0
hemisphere,requirement,0
hemisphere,numerous,0
hemisphere,separation,0
hemisphere,topologically,0
hemisphere,wavelengths,0
hemisphere,sets,0
hemisphere,simultaneously,0
hemisphere,markers,0
hemisphere,n-acetyltransferase,0
hemisphere,holes,0
hemisphere,resulting,0
hemisphere,photocatalyst,0
hemisphere,investigations,0
hemisphere,trypanosoma,0
hemisphere,sciences,0
hemisphere,medica,0
hemisphere,plant,0
hemisphere,transformers,0
hemisphere,videos,0
hemisphere,years,0
hemisphere,language,0
hemisphere,theory,0
hemisphere,leading,0
hemisphere,rely,0
hemisphere,obu,0
hemisphere,material,0
hemisphere,heparin,0
hemisphere,relation,0
hemisphere,relations,0
hemisphere,understanding,0
hemisphere,imdb,0
hemisphere,kitti,0
hemisphere,s-triazine,0
hemisphere,mscoco,0
hemisphere,heterogeneous,0
hemisphere,model,0
hemisphere,sites,0
hemisphere,points,0
hemisphere,improve,0
hemisphere,photoreduction,0
hemisphere,lstm,0
hemisphere,smiles,0
hemisphere,technologies,0
hemisphere,svm,0
hemisphere,knn,0
hemisphere,softmax,0
hemisphere,patient,0
hemisphere,similarity,0
hemisphere,rnas,0
hemisphere,initiative,0
hemisphere,pca,0
hemisphere,recently,0
hemisphere,molecules,0
hemisphere,molecule,0
hemisphere,ntu,0
hemisphere,unsupervised,0
hemisphere,matthews,0
hemisphere,secure,0
hemisphere,nlp,0
hemisphere,words,0
hemisphere,transformer,0
hemisphere,system,0
hemisphere,water,0
hemisphere,wiki,0
hemisphere,nanosized,0
hemisphere,surge,0
hemisphere,kinetics,0
hemisphere,skeleton,0
hemisphere,vehicle,0
hemisphere,learning,0
hemisphere,subgraph,0
hemisphere,xps,0
hemisphere,pose,0
hemisphere,skeleton-based,0
hemisphere,skeletongait,0
hemisphere,informative,0
hemisphere,metsulfuron,0
hemisphere,meaningful,0
hemisphere,revealed,0
hemisphere,probability,0
hemisphere,methodology,0
hemisphere,spatial,0
hemisphere,pubmed,0
hemisphere,sentiments,0
hemisphere,role,0
hemisphere,kinetoplastid,0
hemisphere,unconventional,0
hemisphere,mcc,0
hemisphere,optimization,0
hemisphere,relationships,0
hemisphere,representation,0
hemisphere,represent,0
hemisphere,unifying,0
hemisphere,laplacian,0
hemisphere,topic,0
hemisphere,updated,0
hemisphere,local,0
hemisphere,training,0
hemisphere,u-net,0
hemisphere,supervised,0
hemisphere,works,0
hemisphere,showed,0
hemisphere,psf,0
hemisphere,optimal,0
hemisphere,presentation,0
hemisphere,indonesia,0
hemisphere,pooling,0
hemisphere,intratesticular,0
hemisphere,human,0
hemisphere,technique,0
hemisphere,prediction,0
hemisphere,propagation,0
hemisphere,learn,0
hemisphere,neighbor,0
hemisphere,single-granular,0
hemisphere,optical,0
hemisphere,modalities,0
hemisphere,high,0
hemisphere,module,0
hemisphere,representations,0
hemisphere,introduce,0
hemisphere,neural,0
hemisphere,user,0
hemisphere,management,0
hemisphere,predict,0
hemisphere,set,0
hemisphere,tumor,0
hemisphere,target,0
hemisphere,recognition,0
hemisphere,identify,0
hemisphere,multiple,0
hemisphere,ternary,0
hemisphere,trend,0
hemisphere,sparsity,0
hemisphere,recent,0
hemisphere,static,0
hemisphere,surface,0
hemisphere,significant,0
hemisphere,immune,0
hemisphere,knowledge,0
hemisphere,temporal,0
hemisphere,predicting,0
hemisphere,validate,0
hemisphere,spatial-temporal,0
hemisphere,single,0
hemisphere,interaction,0
hemisphere,layers,0
hemisphere,task,0
hemisphere,step,0
hemisphere,machine,0
hemisphere,traffic,0
hemisphere,synthetic,0
hemisphere,real,0
hemisphere,visual,0
hemisphere,layouts,0
hemisphere,remote,0
hemisphere,splitting,0
hemisphere,parameters,0
hemisphere,rgb,0
hemisphere,large,0
hemisphere,processing,0
hemisphere,previous,0
hemisphere,pairs,0
hemisphere,include,0
hemisphere,learns,0
hemisphere,photocatalytic,0
hemisphere,structural,0
hemisphere,success,0
hemisphere,variation,0
hemisphere,identifying,0
hemisphere,important,0
hemisphere,reactions,0
hemisphere,memory,0
hemisphere,unit,0
hemisphere,patterns,0
hemisphere,light,0
hemisphere,targets,0
hemisphere,multi-scale,0
hemisphere,utilization,0
hemisphere,structures,0
hemisphere,neighbors,0
hemisphere,part,0
hemisphere,progress,0
hemisphere,video,0
hemisphere,traditional,0
hemisphere,stability,0
hemisphere,sample,0
hemisphere,pollutants,0
hemisphere,tree,0
hemisphere,motion,0
hemisphere,types,0
hemisphere,protein,0
hemisphere,point,0
hemisphere,reported,0
hemisphere,remarkable,0
gps,named,0
gps,method,0
gps,intuitively,0
gps,inferred,0
gps,variously,0
gps,wide,0
gps,interacts,0
gps,mikae,0
gps,lutea,0
gps,ignore,0
gps,low-pass,0
gps,metal,0
gps,water-splitting,0
gps,nitride,0
gps,present,0
gps,literature,0
gps,rarely,0
gps,pharmacology,0
gps,published,0
gps,meiosis,0
gps,reduced,0
gps,roofs,0
gps,hyperlinks,0
gps,independently,0
gps,obtained,0
gps,noise,0
gps,rna,0
gps,tcga,0
gps,pei-gcn,0
gps,gqa,0
gps,membranes,0
gps,result,0
gps,pharmacological,0
gps,three-dimensional,0
gps,problem,0
gps,node,0
gps,limited,0
gps,recombination,0
gps,real-world,0
gps,thousands,0
gps,hours,0
gps,owing,0
gps,utilized,0
gps,process,0
gps,seoul,0
gps,proteins,0
gps,time-consuming,0
gps,prohibitively,0
gps,psycholinguistic,0
gps,heterojunction,0
gps,nitrogen-rich,0
gps,tubes,0
gps,liquid,0
gps,work,0
gps,graphitic,0
gps,granger,0
gps,mixed,0
gps,self-healing,0
gps,similar,0
gps,smoothing,0
gps,households,0
gps,study,0
gps,presents,0
gps,viable,0
gps,trna,0
gps,string,0
gps,sgc,0
gps,u-shaped,0
gps,samples,0
gps,research,0
gps,pressure,0
gps,numerous,0
gps,separation,0
gps,topologically,0
gps,wavelengths,0
gps,simultaneously,0
gps,markers,0
gps,n-acetyltransferase,0
gps,holes,0
gps,resulting,0
gps,photocatalyst,0
gps,investigations,0
gps,trypanosoma,0
gps,sciences,0
gps,medica,0
gps,plant,0
gps,transformers,0
gps,harmful,0
gps,videos,0
gps,years,0
gps,language,0
gps,theory,0
gps,leading,0
gps,rely,0
gps,heavily,0
gps,hemisphere,0
gps,material,0
gps,heparin,0
gps,relation,0
gps,relations,0
gps,typically,0
gps,understanding,0
gps,imdb,0
gps,kitti,0
gps,s-triazine,0
gps,mscoco,0
gps,heterogeneous,0
gps,sites,0
gps,points,0
gps,photoreduction,0
gps,lstm,0
gps,smiles,0
gps,technologies,0
gps,svm,0
gps,knn,0
gps,softmax,0
gps,patients,0
gps,patient,0
gps,similarity,0
gps,rnas,0
gps,initiative,0
gps,pca,0
gps,recently,0
gps,molecules,0
gps,molecule,0
gps,ntu,0
gps,unsupervised,0
gps,matthews,0
gps,secure,0
gps,nlp,0
gps,words,0
gps,transformer,0
gps,water,0
gps,wiki,0
gps,nanosized,0
gps,surge,0
gps,kinetics,0
gps,skeleton,0
gps,guided,0
gps,layer,0
gps,subgraph,0
gps,xps,0
gps,pose,0
gps,skeleton-based,0
gps,skeletongait,0
gps,informative,0
gps,metsulfuron,0
gps,meaningful,0
gps,revealed,0
gps,probability,0
gps,methodology,0
gps,pubmed,0
gps,sentiments,0
gps,role,0
gps,kinetoplastid,0
gps,unconventional,0
gps,mcc,0
gps,relationships,0
gps,representation,0
gps,represent,0
gps,unifying,0
gps,laplacian,0
gps,topic,0
gps,updated,0
gps,local,0
gps,training,0
gps,u-net,0
gps,supervised,0
gps,works,0
gps,showed,0
gps,psf,0
gps,optimal,0
gps,presentation,0
gps,indonesia,0
gps,pooling,0
gps,intratesticular,0
gps,human,0
gps,technique,0
gps,propagation,0
gps,time,0
gps,neighbor,0
gps,single-granular,0
gps,optical,0
gps,modalities,0
gps,module,0
gps,representations,0
gps,introduce,0
gps,management,0
gps,tumor,0
gps,target,0
gps,studies,0
gps,multiple,0
gps,ternary,0
gps,trend,0
gps,sparsity,0
gps,recent,0
gps,static,0
gps,surface,0
gps,significant,0
gps,immune,0
gps,identification,0
gps,number,0
gps,validate,0
gps,spatial-temporal,0
gps,single,0
gps,interaction,0
gps,layers,0
gps,task,0
gps,step,0
gps,machine,0
gps,synthetic,0
gps,real,0
gps,visual,0
gps,layouts,0
gps,remote,0
gps,splitting,0
gps,parameters,0
gps,rgb,0
gps,improved,0
gps,previous,0
gps,pairs,0
gps,include,0
gps,learns,0
gps,photocatalytic,0
gps,structural,0
gps,success,0
gps,variation,0
gps,identifying,0
gps,important,0
gps,reactions,0
gps,memory,0
gps,patterns,0
gps,great,0
gps,light,0
gps,targets,0
gps,multi-scale,0
gps,utilization,0
gps,structures,0
gps,neighbors,0
gps,part,0
gps,progress,0
gps,video,0
gps,traditional,0
gps,stability,0
gps,sample,0
gps,pollutants,0
gps,tree,0
gps,protein,0
gps,point,0
gps,reported,0
gps,remarkable,0
obu,variously,0
obu,wide,0
obu,specifically,0
obu,structure,0
obu,water-splitting,0
obu,present,0
obu,rarely,0
obu,pharmacology,0
obu,published,0
obu,reduced,0
obu,roofs,0
obu,standards,0
obu,rna,0
obu,tcga,0
obu,pei-gcn,0
obu,result,0
obu,pharmacological,0
obu,three-dimensional,0
obu,problem,0
obu,recombination,0
obu,real-world,0
obu,thousands,0
obu,owing,0
obu,propose,0
obu,utilized,0
obu,process,0
obu,seoul,0
obu,proteins,0
obu,time-consuming,0
obu,prohibitively,0
obu,psycholinguistic,0
obu,tubes,0
obu,work,0
obu,self-healing,0
obu,similar,0
obu,smoothing,0
obu,study,0
obu,presents,0
obu,viable,0
obu,trna,0
obu,string,0
obu,sgc,0
obu,u-shaped,0
obu,samples,0
obu,research,0
obu,pressure,0
obu,requirement,0
obu,separation,0
obu,topologically,0
obu,wavelengths,0
obu,simultaneously,0
obu,resulting,0
obu,photocatalyst,0
obu,trypanosoma,0
obu,sciences,0
obu,plant,0
obu,transformers,0
obu,videos,0
obu,years,0
obu,theory,0
obu,rely,0
obu,relation,0
obu,relations,0
obu,typically,0
obu,understanding,0
obu,s-triazine,0
obu,sites,0
obu,points,0
obu,photoreduction,0
obu,smiles,0
obu,technologies,0
obu,svm,0
obu,softmax,0
obu,patients,0
obu,patient,0
obu,similarity,0
obu,rnas,0
obu,pca,0
obu,recently,0
obu,unsupervised,0
obu,secure,0
obu,words,0
obu,transformer,0
obu,system,0
obu,water,0
obu,wiki,0
obu,surge,0
obu,skeleton,0
obu,vehicle,0
obu,subgraph,0
obu,xps,0
obu,pose,0
obu,skeleton-based,0
obu,skeletongait,0
obu,proposed,0
obu,revealed,0
obu,probability,0
obu,pubmed,0
obu,sentiments,0
obu,role,0
obu,unconventional,0
obu,optimization,0
obu,relationships,0
obu,representation,0
obu,represent,0
obu,unifying,0
obu,topic,0
obu,updated,0
obu,training,0
obu,u-net,0
obu,supervised,0
obu,works,0
obu,showed,0
obu,psf,0
obu,optimal,0
obu,presentation,0
obu,pooling,0
obu,technique,0
obu,propagation,0
obu,time,0
obu,single-granular,0
obu,optical,0
obu,representations,0
obu,user,0
obu,predict,0
obu,set,0
obu,tumor,0
obu,target,0
obu,studies,0
obu,recognition,0
obu,ternary,0
obu,trend,0
obu,sparsity,0
obu,recent,0
obu,static,0
obu,surface,0
obu,significant,0
obu,predicting,0
obu,validate,0
obu,spatial-temporal,0
obu,single,0
obu,task,0
obu,step,0
obu,synthetic,0
obu,real,0
obu,visual,0
obu,remote,0
obu,splitting,0
obu,parameters,0
obu,rgb,0
obu,show,0
obu,processing,0
obu,previous,0
obu,pairs,0
obu,photocatalytic,0
obu,structural,0
obu,success,0
obu,variation,0
obu,reactions,0
obu,patterns,0
obu,targets,0
obu,utilization,0
obu,structures,0
obu,part,0
obu,progress,0
obu,video,0
obu,traditional,0
obu,stability,0
obu,sample,0
obu,pollutants,0
obu,tree,0
obu,protein,0
obu,point,0
obu,reported,0
obu,remarkable,0
material,variously,0
material,mikae,0
material,water-splitting,0
material,rarely,0
material,pharmacology,0
material,meiosis,0
material,roofs,0
material,standards,0
material,noise,0
material,rna,0
material,tcga,0
material,pei-gcn,0
material,proposes,0
material,membranes,0
material,pharmacological,0
material,node,0
material,real-world,0
material,thousands,0
material,roads,0
material,tasks,0
material,seoul,0
material,proteins,0
material,time-consuming,0
material,prohibitively,0
material,psycholinguistic,0
material,nitrogen-rich,0
material,tubes,0
material,nodes,0
material,mixed,0
material,self-healing,0
material,smoothing,0
material,trna,0
material,outperform,0
material,string,0
material,sgc,0
material,u-shaped,0
material,pressure,0
material,requirement,0
material,numerous,0
material,topologically,0
material,wavelengths,0
material,sets,0
material,simultaneously,0
material,n-acetyltransferase,0
material,trypanosoma,0
material,sciences,0
material,medica,0
material,transformers,0
material,videos,0
material,theory,0
material,rely,0
material,obu,0
material,relation,0
material,relations,0
material,typically,0
material,s-triazine,0
material,mscoco,0
material,points,0
material,photoreduction,0
material,smiles,0
material,svm,0
material,softmax,0
material,patients,0
material,patient,0
material,similarity,0
material,rnas,0
material,pca,0
material,recently,0
material,ntu,0
material,unsupervised,0
material,matthews,0
material,secure,0
material,nlp,0
material,words,0
material,transformer,0
material,wiki,0
material,nanosized,0
material,surge,0
material,skeleton,0
material,vehicle,0
material,subgraph,0
material,pose,0
material,skeleton-based,0
material,skeletongait,0
material,metsulfuron,0
material,meaningful,0
material,probability,0
material,pubmed,0
material,sentiments,0
material,unconventional,0
material,mcc,0
material,optimization,0
material,relationships,0
material,represent,0
material,unifying,0
material,topic,0
material,updated,0
material,training,0
material,u-net,0
material,supervised,0
material,works,0
material,psf,0
material,presentation,0
material,pooling,0
material,propagation,0
material,neighbor,0
material,single-granular,0
material,modalities,0
material,module,0
material,representations,0
material,user,0
material,tumor,0
material,sparsity,0
material,static,0
material,predicting,0
material,validate,0
material,spatial-temporal,0
material,single,0
material,task,0
material,real,0
material,visual,0
material,remote,0
material,rgb,0
material,previous,0
material,success,0
material,patterns,0
material,multi-scale,0
material,neighbors,0
material,progress,0
material,video,0
material,tree,0
material,motion,0
material,protein,0
material,point,0
material,reported,0
gcns,variously,0
gcns,interacts,0
gcns,mikae,0
gcns,lutea,0
gcns,water-splitting,0
gcns,nitride,0
gcns,pharmacology,0
gcns,meiosis,0
gcns,roofs,0
gcns,hyperlinks,0
gcns,standards,0
gcns,pei-gcn,0
gcns,gqa,0
gcns,pharmacological,0
gcns,recombination,0
gcns,seoul,0
gcns,prohibitively,0
gcns,psycholinguistic,0
gcns,heterojunction,0
gcns,nitrogen-rich,0
gcns,tubes,0
gcns,liquid,0
gcns,granger,0
gcns,self-healing,0
gcns,viable,0
gcns,trna,0
gcns,string,0
gcns,sgc,0
gcns,u-shaped,0
gcns,topologically,0
gcns,wavelengths,0
gcns,markers,0
gcns,n-acetyltransferase,0
gcns,holes,0
gcns,photocatalyst,0
gcns,investigations,0
gcns,trypanosoma,0
gcns,sciences,0
gcns,medica,0
gcns,harmful,0
gcns,hemisphere,0
gcns,material,0
gcns,heparin,0
gcns,kitti,0
gcns,mscoco,0
gcns,photoreduction,0
gcns,smiles,0
gcns,knn,0
gcns,pca,0
gcns,wiki,0
gcns,nanosized,0
gcns,vehicle,0
gcns,subgraph,0
gcns,xps,0
gcns,skeletongait,0
gcns,metsulfuron,0
gcns,sentiments,0
gcns,kinetoplastid,0
gcns,unconventional,0
gcns,unifying,0
gcns,u-net,0
gcns,psf,0
gcns,presentation,0
gcns,indonesia,0
gcns,intratesticular,0
gcns,single-granular,0
gcns,optical,0
gcns,layouts,0
gcns,photocatalytic,0
gcns,variation,0
gcns,reactions,0
gcns,pollutants,0
heparin,paper,0
heparin,named,0
heparin,method,0
heparin,methods,0
heparin,intuitively,0
heparin,inferred,0
heparin,variously,0
heparin,wide,0
heparin,specifically,0
heparin,interacts,0
heparin,structure,0
heparin,mikae,0
heparin,lutea,0
heparin,input,0
heparin,ignore,0
heparin,low-pass,0
heparin,metal,0
heparin,water-splitting,0
heparin,nitride,0
heparin,present,0
heparin,rarely,0
heparin,pharmacology,0
heparin,published,0
heparin,meiosis,0
heparin,increasing,0
heparin,reduced,0
heparin,roofs,0
heparin,hyperlinks,0
heparin,independently,0
heparin,systems,0
heparin,network,0
heparin,standards,0
heparin,noise,0
heparin,rna,0
heparin,tcga,0
heparin,pei-gcn,0
heparin,proposes,0
heparin,membranes,0
heparin,models,0
heparin,pharmacological,0
heparin,three-dimensional,0
heparin,problem,0
heparin,node,0
heparin,performance,0
heparin,limited,0
heparin,recombination,0
heparin,real-world,0
heparin,thousands,0
heparin,hours,0
heparin,owing,0
heparin,propose,0
heparin,roads,0
heparin,tasks,0
heparin,utilized,0
heparin,process,0
heparin,seoul,0
heparin,proteins,0
heparin,time-consuming,0
heparin,prohibitively,0
heparin,psycholinguistic,0
heparin,heterojunction,0
heparin,nitrogen-rich,0
heparin,tubes,0
heparin,liquid,0
heparin,work,0
heparin,nodes,0
heparin,mixed,0
heparin,self-healing,0
heparin,similar,0
heparin,smoothing,0
heparin,perform,0
heparin,households,0
heparin,strategy,0
heparin,presents,0
heparin,viable,0
heparin,trna,0
heparin,outperform,0
heparin,string,0
heparin,sgc,0
heparin,u-shaped,0
heparin,samples,0
heparin,research,0
heparin,pressure,0
heparin,requirement,0
heparin,numerous,0
heparin,separation,0
heparin,topologically,0
heparin,wavelengths,0
heparin,sets,0
heparin,simultaneously,0
heparin,markers,0
heparin,n-acetyltransferase,0
heparin,holes,0
heparin,resulting,0
heparin,photocatalyst,0
heparin,investigations,0
heparin,trypanosoma,0
heparin,sciences,0
heparin,medica,0
heparin,plant,0
heparin,transformers,0
heparin,videos,0
heparin,years,0
heparin,language,0
heparin,theory,0
heparin,leading,0
heparin,rely,0
heparin,obu,0
heparin,material,0
heparin,relation,0
heparin,relations,0
heparin,typically,0
heparin,understanding,0
heparin,imdb,0
heparin,kitti,0
heparin,s-triazine,0
heparin,mscoco,0
heparin,heterogeneous,0
heparin,model,0
heparin,sites,0
heparin,points,0
heparin,improve,0
heparin,photoreduction,0
heparin,lstm,0
heparin,smiles,0
heparin,technologies,0
heparin,svm,0
heparin,knn,0
heparin,softmax,0
heparin,similarity,0
heparin,rnas,0
heparin,initiative,0
heparin,pca,0
heparin,recently,0
heparin,molecules,0
heparin,molecule,0
heparin,ntu,0
heparin,unsupervised,0
heparin,matthews,0
heparin,secure,0
heparin,nlp,0
heparin,words,0
heparin,transformer,0
heparin,water,0
heparin,wiki,0
heparin,nanosized,0
heparin,surge,0
heparin,kinetics,0
heparin,skeleton,0
heparin,vehicle,0
heparin,layer,0
heparin,learning,0
heparin,subgraph,0
heparin,xps,0
heparin,pose,0
heparin,skeleton-based,0
heparin,skeletongait,0
heparin,informative,0
heparin,proposed,0
heparin,metsulfuron,0
heparin,meaningful,0
heparin,revealed,0
heparin,probability,0
heparin,methodology,0
heparin,spatial,0
heparin,pubmed,0
heparin,sentiments,0
heparin,information,0
heparin,role,0
heparin,kinetoplastid,0
heparin,unconventional,0
heparin,mcc,0
heparin,optimization,0
heparin,relationships,0
heparin,representation,0
heparin,represent,0
heparin,unifying,0
heparin,laplacian,0
heparin,topic,0
heparin,updated,0
heparin,local,0
heparin,training,0
heparin,u-net,0
heparin,supervised,0
heparin,works,0
heparin,showed,0
heparin,psf,0
heparin,optimal,0
heparin,presentation,0
heparin,indonesia,0
heparin,pooling,0
heparin,intratesticular,0
heparin,key,0
heparin,human,0
heparin,technique,0
heparin,prediction,0
heparin,propagation,0
heparin,time,0
heparin,learn,0
heparin,neighbor,0
heparin,single-granular,0
heparin,optical,0
heparin,modalities,0
heparin,high,0
heparin,module,0
heparin,representations,0
heparin,introduce,0
heparin,neural,0
heparin,user,0
heparin,management,0
heparin,predict,0
heparin,set,0
heparin,tumor,0
heparin,target,0
heparin,recognition,0
heparin,identify,0
heparin,multiple,0
heparin,ternary,0
heparin,trend,0
heparin,sparsity,0
heparin,recent,0
heparin,static,0
heparin,surface,0
heparin,significant,0
heparin,immune,0
heparin,knowledge,0
heparin,temporal,0
heparin,identification,0
heparin,predicting,0
heparin,number,0
heparin,validate,0
heparin,spatial-temporal,0
heparin,single,0
heparin,interaction,0
heparin,layers,0
heparin,task,0
heparin,step,0
heparin,machine,0
heparin,traffic,0
heparin,synthetic,0
heparin,real,0
heparin,visual,0
heparin,layouts,0
heparin,remote,0
heparin,splitting,0
heparin,parameters,0
heparin,rgb,0
heparin,improved,0
heparin,show,0
heparin,large,0
heparin,processing,0
heparin,previous,0
heparin,pairs,0
heparin,include,0
heparin,learns,0
heparin,photocatalytic,0
heparin,structural,0
heparin,variation,0
heparin,identifying,0
heparin,important,0
heparin,memory,0
heparin,unit,0
heparin,patterns,0
heparin,light,0
heparin,targets,0
heparin,multi-scale,0
heparin,utilization,0
heparin,structures,0
heparin,neighbors,0
heparin,part,0
heparin,progress,0
heparin,video,0
heparin,traditional,0
heparin,stability,0
heparin,sample,0
heparin,pollutants,0
heparin,tree,0
heparin,motion,0
heparin,types,0
heparin,protein,0
heparin,point,0
heparin,reported,0
heparin,remarkable,0
relation,variously,0
relation,water-splitting,0
relation,roofs,0
relation,standards,0
relation,rna,0
relation,tcga,0
relation,three-dimensional,0
relation,thousands,0
relation,roads,0
relation,seoul,0
relation,tubes,0
relation,self-healing,0
relation,smoothing,0
relation,viable,0
relation,trna,0
relation,string,0
relation,u-shaped,0
relation,requirement,0
relation,separation,0
relation,topologically,0
relation,wavelengths,0
relation,trypanosoma,0
relation,sciences,0
relation,s-triazine,0
relation,smiles,0
relation,technologies,0
relation,svm,0
relation,rnas,0
relation,secure,0
relation,transformer,0
relation,water,0
relation,wiki,0
relation,xps,0
relation,skeletongait,0
relation,unconventional,0
relation,unifying,0
relation,u-net,0
relation,single-granular,0
relation,tumor,0
relation,ternary,0
relation,trend,0
relation,sparsity,0
relation,surface,0
relation,splitting,0
relation,variation,0
relation,stability,0
relations,variously,0
relations,water-splitting,0
relations,roofs,0
relations,standards,0
relations,rna,0
relations,tcga,0
relations,three-dimensional,0
relations,roads,0
relations,seoul,0
relations,tubes,0
relations,self-healing,0
relations,trna,0
relations,string,0
relations,sgc,0
relations,u-shaped,0
relations,topologically,0
relations,wavelengths,0
relations,trypanosoma,0
relations,sciences,0
relations,s-triazine,0
relations,smiles,0
relations,svm,0
relations,rnas,0
relations,secure,0
relations,surge,0
relations,vehicle,0
relations,subgraph,0
relations,xps,0
relations,skeletongait,0
relations,unconventional,0
relations,unifying,0
relations,u-net,0
relations,single-granular,0
relations,tumor,0
relations,ternary,0
relations,splitting,0
relations,variation,0
relations,stability,0
relations,reported,0
typically,variously,0
typically,water-splitting,0
typically,viable,0
typically,u-shaped,0
typically,wavelengths,0
typically,videos,0
typically,understanding,0
typically,unsupervised,0
typically,water,0
typically,wiki,0
typically,vehicle,0
typically,xps,0
typically,unconventional,0
typically,unifying,0
typically,updated,0
typically,u-net,0
typically,variation,0
typically,video,0
firstly,intuitively,0
firstly,inferred,0
firstly,variously,0
firstly,wide,0
firstly,interacts,0
firstly,mikae,0
firstly,lutea,0
firstly,low-pass,0
firstly,metal,0
firstly,water-splitting,0
firstly,pharmacology,0
firstly,meiosis,0
firstly,roofs,0
firstly,hyperlinks,0
firstly,independently,0
firstly,standards,0
firstly,pei-gcn,0
firstly,gqa,0
firstly,membranes,0
firstly,pharmacological,0
firstly,thousands,0
firstly,hours,0
firstly,owing,0
firstly,roads,0
firstly,seoul,0
firstly,prohibitively,0
firstly,psycholinguistic,0
firstly,heterojunction,0
firstly,nitrogen-rich,0
firstly,tubes,0
firstly,liquid,0
firstly,granger,0
firstly,self-healing,0
firstly,households,0
firstly,viable,0
firstly,trna,0
firstly,outperform,0
firstly,string,0
firstly,sgc,0
firstly,u-shaped,0
firstly,pressure,0
firstly,separation,0
firstly,topologically,0
firstly,wavelengths,0
firstly,markers,0
firstly,n-acetyltransferase,0
firstly,holes,0
firstly,investigations,0
firstly,trypanosoma,0
firstly,medica,0
firstly,plant,0
firstly,harmful,0
firstly,theory,0
firstly,gps,0
firstly,obu,0
firstly,material,0
firstly,heparin,0
firstly,imdb,0
firstly,s-triazine,0
firstly,mscoco,0
firstly,photoreduction,0
firstly,svm,0
firstly,formed,0
firstly,initiative,0
firstly,pca,0
firstly,fixation,0
firstly,matthews,0
firstly,nlp,0
firstly,wiki,0
firstly,nanosized,0
firstly,surge,0
firstly,subgraph,0
firstly,ftir,0
firstly,skeletongait,0
firstly,informative,0
firstly,metsulfuron,0
firstly,meaningful,0
firstly,revealed,0
firstly,gcaru,0
firstly,pubmed,0
firstly,sentiments,0
firstly,kinetoplastid,0
firstly,unconventional,0
firstly,mcc,0
firstly,unifying,0
firstly,topic,0
firstly,u-net,0
firstly,psf,0
firstly,presentation,0
firstly,indonesia,0
firstly,intratesticular,0
firstly,technique,0
firstly,single-granular,0
firstly,optical,0
firstly,tumor,0
firstly,ternary,0
firstly,static,0
firstly,surface,0
firstly,immune,0
firstly,synthetic,0
firstly,layouts,0
firstly,splitting,0
firstly,variation,0
firstly,identifying,0
firstly,reactions,0
firstly,patterns,0
firstly,reported,0
understanding,variously,0
understanding,water-splitting,0
understanding,viable,0
understanding,wavelengths,0
understanding,wiki,0
understanding,vehicle,0
understanding,updated,0
imdb,paper,0
imdb,named,0
imdb,intuitively,0
imdb,inferred,0
imdb,variously,0
imdb,wide,0
imdb,interacts,0
imdb,mikae,0
imdb,lutea,0
imdb,input,0
imdb,low-pass,0
imdb,metal,0
imdb,water-splitting,0
imdb,nitride,0
imdb,rarely,0
imdb,pharmacology,0
imdb,published,0
imdb,meiosis,0
imdb,increasing,0
imdb,reduced,0
imdb,roofs,0
imdb,independently,0
imdb,systems,0
imdb,standards,0
imdb,noise,0
imdb,rna,0
imdb,tcga,0
imdb,pei-gcn,0
imdb,proposes,0
imdb,membranes,0
imdb,result,0
imdb,pharmacological,0
imdb,three-dimensional,0
imdb,problem,0
imdb,limited,0
imdb,recombination,0
imdb,real-world,0
imdb,thousands,0
imdb,owing,0
imdb,propose,0
imdb,roads,0
imdb,tasks,0
imdb,utilized,0
imdb,process,0
imdb,seoul,0
imdb,proteins,0
imdb,time-consuming,0
imdb,prohibitively,0
imdb,psycholinguistic,0
imdb,nitrogen-rich,0
imdb,tubes,0
imdb,liquid,0
imdb,mixed,0
imdb,self-healing,0
imdb,smoothing,0
imdb,perform,0
imdb,study,0
imdb,strategy,0
imdb,viable,0
imdb,trna,0
imdb,outperform,0
imdb,string,0
imdb,sgc,0
imdb,u-shaped,0
imdb,samples,0
imdb,research,0
imdb,pressure,0
imdb,requirement,0
imdb,numerous,0
imdb,separation,0
imdb,topologically,0
imdb,wavelengths,0
imdb,sets,0
imdb,simultaneously,0
imdb,markers,0
imdb,n-acetyltransferase,0
imdb,resulting,0
imdb,photocatalyst,0
imdb,investigations,0
imdb,trypanosoma,0
imdb,sciences,0
imdb,medica,0
imdb,plant,0
imdb,transformers,0
imdb,videos,0
imdb,years,0
imdb,language,0
imdb,theory,0
imdb,leading,0
imdb,rely,0
imdb,obu,0
imdb,material,0
imdb,relation,0
imdb,relations,0
imdb,typically,0
imdb,understanding,0
imdb,kitti,0
imdb,s-triazine,0
imdb,mscoco,0
imdb,sites,0
imdb,points,0
imdb,photoreduction,0
imdb,lstm,0
imdb,smiles,0
imdb,technologies,0
imdb,svm,0
imdb,knn,0
imdb,softmax,0
imdb,patients,0
imdb,patient,0
imdb,similarity,0
imdb,rnas,0
imdb,initiative,0
imdb,pca,0
imdb,molecules,0
imdb,molecule,0
imdb,ntu,0
imdb,matthews,0
imdb,secure,0
imdb,nlp,0
imdb,words,0
imdb,transformer,0
imdb,system,0
imdb,water,0
imdb,wiki,0
imdb,nanosized,0
imdb,surge,0
imdb,kinetics,0
imdb,skeleton,0
imdb,vehicle,0
imdb,layer,0
imdb,subgraph,0
imdb,xps,0
imdb,pose,0
imdb,skeleton-based,0
imdb,skeletongait,0
imdb,informative,0
imdb,metsulfuron,0
imdb,meaningful,0
imdb,revealed,0
imdb,probability,0
imdb,spatial,0
imdb,pubmed,0
imdb,sentiments,0
imdb,role,0
imdb,kinetoplastid,0
imdb,unconventional,0
imdb,mcc,0
imdb,optimization,0
imdb,represent,0
imdb,unifying,0
imdb,laplacian,0
imdb,updated,0
imdb,local,0
imdb,training,0
imdb,u-net,0
imdb,supervised,0
imdb,works,0
imdb,showed,0
imdb,psf,0
imdb,optimal,0
imdb,presentation,0
imdb,indonesia,0
imdb,pooling,0
imdb,intratesticular,0
imdb,key,0
imdb,prediction,0
imdb,propagation,0
imdb,time,0
imdb,learn,0
imdb,single-granular,0
imdb,optical,0
imdb,modalities,0
imdb,module,0
imdb,representations,0
imdb,introduce,0
imdb,user,0
imdb,management,0
imdb,predict,0
imdb,tumor,0
imdb,target,0
imdb,studies,0
imdb,recognition,0
imdb,multiple,0
imdb,ternary,0
imdb,trend,0
imdb,sparsity,0
imdb,static,0
imdb,surface,0
imdb,significant,0
imdb,immune,0
imdb,knowledge,0
imdb,temporal,0
imdb,number,0
imdb,validate,0
imdb,spatial-temporal,0
imdb,single,0
imdb,interaction,0
imdb,task,0
imdb,step,0
imdb,machine,0
imdb,traffic,0
imdb,synthetic,0
imdb,real,0
imdb,visual,0
imdb,layouts,0
imdb,remote,0
imdb,splitting,0
imdb,parameters,0
imdb,rgb,0
imdb,show,0
imdb,large,0
imdb,pairs,0
imdb,include,0
imdb,learns,0
imdb,photocatalytic,0
imdb,structural,0
imdb,success,0
imdb,variation,0
imdb,important,0
imdb,reactions,0
imdb,memory,0
imdb,unit,0
imdb,patterns,0
imdb,light,0
imdb,targets,0
imdb,multi-scale,0
imdb,utilization,0
imdb,structures,0
imdb,neighbors,0
imdb,part,0
imdb,progress,0
imdb,video,0
imdb,stability,0
imdb,sample,0
imdb,pollutants,0
imdb,tree,0
imdb,motion,0
imdb,types,0
imdb,protein,0
imdb,point,0
imdb,remarkable,0
kitti,variously,0
kitti,wide,0
kitti,specifically,0
kitti,mikae,0
kitti,lutea,0
kitti,low-pass,0
kitti,metal,0
kitti,water-splitting,0
kitti,nitride,0
kitti,present,0
kitti,literature,0
kitti,rarely,0
kitti,pharmacology,0
kitti,published,0
kitti,meiosis,0
kitti,reduced,0
kitti,roofs,0
kitti,systems,0
kitti,standards,0
kitti,networks,0
kitti,noise,0
kitti,rna,0
kitti,tcga,0
kitti,pei-gcn,0
kitti,proposes,0
kitti,membranes,0
kitti,models,0
kitti,result,0
kitti,pharmacological,0
kitti,problem,0
kitti,node,0
kitti,limited,0
kitti,recombination,0
kitti,real-world,0
kitti,thousands,0
kitti,owing,0
kitti,roads,0
kitti,tasks,0
kitti,utilized,0
kitti,process,0
kitti,seoul,0
kitti,proteins,0
kitti,time-consuming,0
kitti,prohibitively,0
kitti,psycholinguistic,0
kitti,nitrogen-rich,0
kitti,tubes,0
kitti,liquid,0
kitti,work,0
kitti,nodes,0
kitti,mixed,0
kitti,self-healing,0
kitti,similar,0
kitti,smoothing,0
kitti,perform,0
kitti,viable,0
kitti,trna,0
kitti,outperform,0
kitti,string,0
kitti,sgc,0
kitti,u-shaped,0
kitti,samples,0
kitti,research,0
kitti,pressure,0
kitti,numerous,0
kitti,separation,0
kitti,topologically,0
kitti,wavelengths,0
kitti,sets,0
kitti,simultaneously,0
kitti,markers,0
kitti,n-acetyltransferase,0
kitti,resulting,0
kitti,photocatalyst,0
kitti,trypanosoma,0
kitti,sciences,0
kitti,medica,0
kitti,plant,0
kitti,transformers,0
kitti,videos,0
kitti,years,0
kitti,language,0
kitti,theory,0
kitti,leading,0
kitti,rely,0
kitti,obu,0
kitti,material,0
kitti,relation,0
kitti,typically,0
kitti,understanding,0
kitti,s-triazine,0
kitti,mscoco,0
kitti,model,0
kitti,sites,0
kitti,photoreduction,0
kitti,lstm,0
kitti,smiles,0
kitti,technologies,0
kitti,svm,0
kitti,knn,0
kitti,softmax,0
kitti,patients,0
kitti,patient,0
kitti,similarity,0
kitti,rnas,0
kitti,pca,0
kitti,recently,0
kitti,molecules,0
kitti,molecule,0
kitti,ntu,0
kitti,unsupervised,0
kitti,matthews,0
kitti,secure,0
kitti,nlp,0
kitti,words,0
kitti,transformer,0
kitti,water,0
kitti,wiki,0
kitti,nanosized,0
kitti,surge,0
kitti,skeleton,0
kitti,vehicle,0
kitti,subgraph,0
kitti,xps,0
kitti,pose,0
kitti,skeleton-based,0
kitti,skeletongait,0
kitti,metsulfuron,0
kitti,meaningful,0
kitti,revealed,0
kitti,probability,0
kitti,methodology,0
kitti,pubmed,0
kitti,sentiments,0
kitti,role,0
kitti,unconventional,0
kitti,mcc,0
kitti,optimization,0
kitti,relationships,0
kitti,represent,0
kitti,unifying,0
kitti,laplacian,0
kitti,topic,0
kitti,updated,0
kitti,local,0
kitti,training,0
kitti,u-net,0
kitti,supervised,0
kitti,works,0
kitti,showed,0
kitti,psf,0
kitti,optimal,0
kitti,presentation,0
kitti,pooling,0
kitti,technique,0
kitti,prediction,0
kitti,propagation,0
kitti,time,0
kitti,learn,0
kitti,neighbor,0
kitti,single-granular,0
kitti,modalities,0
kitti,user,0
kitti,management,0
kitti,predict,0
kitti,set,0
kitti,tumor,0
kitti,target,0
kitti,studies,0
kitti,ternary,0
kitti,trend,0
kitti,sparsity,0
kitti,static,0
kitti,surface,0
kitti,significant,0
kitti,knowledge,0
kitti,temporal,0
kitti,predicting,0
kitti,number,0
kitti,validate,0
kitti,spatial-temporal,0
kitti,layers,0
kitti,step,0
kitti,machine,0
kitti,traffic,0
kitti,synthetic,0
kitti,real,0
kitti,visual,0
kitti,layouts,0
kitti,remote,0
kitti,splitting,0
kitti,parameters,0
kitti,rgb,0
kitti,large,0
kitti,previous,0
kitti,pairs,0
kitti,learns,0
kitti,photocatalytic,0
kitti,success,0
kitti,variation,0
kitti,reactions,0
kitti,memory,0
kitti,patterns,0
kitti,light,0
kitti,targets,0
kitti,utilization,0
kitti,neighbors,0
kitti,part,0
kitti,progress,0
kitti,video,0
kitti,stability,0
kitti,sample,0
kitti,pollutants,0
kitti,tree,0
kitti,types,0
kitti,protein,0
kitti,reported,0
kitti,remarkable,0
artifact,drug-drug,0
artifact,named,0
artifact,intuitively,0
artifact,inferred,0
artifact,variously,0
artifact,wide,0
artifact,specifically,0
artifact,demonstrates,0
artifact,dual,0
artifact,interacts,0
artifact,structure,0
artifact,mikae,0
artifact,eastern,0
artifact,bulbosa,0
artifact,colomatta,0
artifact,lutea,0
artifact,existing,0
artifact,ignore,0
artifact,benefit,0
artifact,connecting,0
artifact,considered,0
artifact,low-pass,0
artifact,attributes,0
artifact,metal,0
artifact,cocatalyst-free,0
artifact,water-splitting,0
artifact,nitride,0
artifact,present,0
artifact,literature,0
artifact,rarely,0
artifact,concentrated,0
artifact,pharmacology,0
artifact,published,0
artifact,curated,0
artifact,generally,0
artifact,common,0
artifact,meiosis,0
artifact,increasing,0
artifact,reduced,0
artifact,gap,0
artifact,developed,0
artifact,roofs,0
artifact,cancers,0
artifact,hyperlinks,0
artifact,independently,0
artifact,differently,0
artifact,explicitly,0
artifact,obtained,0
artifact,generated,0
artifact,continuation,0
artifact,systems,0
artifact,standards,0
artifact,noise,0
artifact,extracting,0
artifact,rna,0
artifact,tcga,0
artifact,pei-gcn,0
artifact,gqa,0
artifact,proposes,0
artifact,assist,0
artifact,critical,0
artifact,assessment,0
artifact,membranes,0
artifact,models,0
artifact,result,0
artifact,beneficial,0
artifact,pharmacological,0
artifact,efficient,0
artifact,three-dimensional,0
artifact,classification,0
artifact,problem,0
artifact,node,0
artifact,performance,0
artifact,fast,0
artifact,recombination,0
artifact,dempster-shafer,0
artifact,thousands,0
artifact,hours,0
artifact,owing,0
artifact,roads,0
artifact,tasks,0
artifact,determination,0
artifact,process,0
artifact,seoul,0
artifact,proteins,0
artifact,encoded,0
artifact,time-consuming,0
artifact,prohibitively,0
artifact,elsevier,0
artifact,psycholinguistic,0
artifact,attack,0
artifact,heterojunction,0
artifact,nitrogen-rich,0
artifact,tubes,0
artifact,chemical,0
artifact,liquid,0
artifact,work,0
artifact,graphitic,0
artifact,gcn,0
artifact,granger,0
artifact,nodes,0
artifact,established,0
artifact,mixed,0
artifact,excellent,0
artifact,capability,0
artifact,self-healing,0
artifact,dual-stimulus,0
artifact,similar,0
artifact,smoothing,0
artifact,perform,0
artifact,households,0
artifact,study,0
artifact,strategy,0
artifact,presents,0
artifact,viable,0
artifact,trna,0
artifact,outperform,0
artifact,cutting-thin,0
artifact,string,0
artifact,descriptor,0
artifact,explore,0
artifact,sgc,0
artifact,u-shaped,0
artifact,couplings,0
artifact,research,0
artifact,pressure,0
artifact,f-score,0
artifact,auc,0
artifact,graphs,0
artifact,requirement,0
artifact,numerous,0
artifact,separation,0
artifact,topologically,0
artifact,wavelengths,0
artifact,sets,0
artifact,simultaneously,0
artifact,markers,0
artifact,n-acetyltransferase,0
artifact,holes,0
artifact,resulting,0
artifact,photocatalyst,0
artifact,investigations,0
artifact,trypanosoma,0
artifact,sciences,0
artifact,medica,0
artifact,plant,0
artifact,transformers,0
artifact,harmful,0
artifact,videos,0
artifact,years,0
artifact,language,0
artifact,theory,0
artifact,leading,0
artifact,rely,0
artifact,decisions,0
artifact,heavily,0
artifact,hemisphere,0
artifact,gps,0
artifact,obu,0
artifact,material,0
artifact,heparin,0
artifact,relation,0
artifact,relations,0
artifact,typically,0
artifact,firstly,0
artifact,understanding,0
artifact,imdb,0
artifact,kitti,0
artifact,s-triazine,0
artifact,mscoco,0
artifact,model,0
artifact,cnn,0
artifact,sites,0
artifact,cloud,0
artifact,points,0
artifact,efficiency,0
artifact,improve,0
artifact,photoreduction,0
artifact,ethereum,0
artifact,lstm,0
artifact,smiles,0
artifact,bidirectional,0
artifact,catalysts,0
artifact,technologies,0
artifact,capacity,0
artifact,svm,0
artifact,knn,0
artifact,softmax,0
artifact,chloroform,0
artifact,formed,0
artifact,escherichia,0
artifact,euclidean,0
artifact,patients,0
artifact,patient,0
artifact,similarity,0
artifact,rnas,0
artifact,fourier,0
artifact,initiative,0
artifact,pca,0
artifact,decades,0
artifact,copy,0
artifact,fixation,0
artifact,molecules,0
artifact,molecule,0
artifact,ntu,0
artifact,edges,0
artifact,unsupervised,0
artifact,matthews,0
artifact,secure,0
artifact,nlp,0
artifact,words,0
artifact,transformer,0
artifact,system,0
artifact,water,0
artifact,wiki,0
artifact,datasets,0
artifact,data,0
artifact,nanosized,0
artifact,effectively,0
artifact,surge,0
artifact,data-driven,0
artifact,kinetics,0
artifact,dft,0
artifact,skeleton,0
artifact,canadian,0
artifact,framework,0
artifact,vehicle,0
artifact,guided,0
artifact,end,0
artifact,layer,0
artifact,subgraph,0
artifact,ftir,0
artifact,xps,0
artifact,pose,0
artifact,skeleton-based,0
artifact,euler,0
artifact,skeletongait,0
artifact,graph-based,0
artifact,informative,0
artifact,dependencies,0
artifact,metsulfuron,0
artifact,based,0
artifact,conduct,0
artifact,meaningful,0
artifact,revealed,0
artifact,gcaru,0
artifact,probability,0
artifact,methodology,0
artifact,spatial,0
artifact,pubmed,0
artifact,sentiments,0
artifact,electron,0
artifact,evaluation,0
artifact,role,0
artifact,kinetoplastid,0
artifact,unconventional,0
artifact,cgcnimp,0
artifact,mcc,0
artifact,auroc,0
artifact,auprc,0
artifact,optimization,0
artifact,relationships,0
artifact,representation,0
artifact,represent,0
artifact,fenton,0
artifact,generative,0
artifact,dmax,0
artifact,unifying,0
artifact,embeddings,0
artifact,laplacian,0
artifact,topic,0
artifact,updated,0
artifact,global,0
artifact,local,0
artifact,deep,0
artifact,training,0
artifact,correlations,0
artifact,u-net,0
artifact,supervised,0
artifact,error,0
artifact,works,0
artifact,generate,0
artifact,capture,0
artifact,showed,0
artifact,psf,0
artifact,optimal,0
artifact,presentation,0
artifact,indonesia,0
artifact,pooling,0
artifact,intratesticular,0
artifact,key,0
artifact,human,0
artifact,technique,0
artifact,prediction,0
artifact,factors,0
artifact,propagation,0
artifact,time,0
artifact,daily,0
artifact,learn,0
artifact,neighbor,0
artifact,evolution,0
artifact,cfz,0
artifact,single-granular,0
artifact,optical,0
artifact,focus,0
artifact,desirable,0
artifact,modalities,0
artifact,high,0
artifact,module,0
artifact,representations,0
artifact,introduce,0
artifact,neural,0
artifact,expression,0
artifact,user,0
artifact,management,0
artifact,predict,0
artifact,set,0
artifact,fully,0
artifact,tumor,0
artifact,target,0
artifact,studies,0
artifact,dense,0
artifact,recognition,0
artifact,identify,0
artifact,convolution,0
artifact,challenges,0
artifact,multiple,0
artifact,ternary,0
artifact,trend,0
artifact,sparsity,0
artifact,faces,0
artifact,recent,0
artifact,static,0
artifact,gene,0
artifact,surface,0
artifact,significant,0
artifact,immune,0
artifact,knowledge,0
artifact,identification,0
artifact,predicting,0
artifact,number,0
artifact,validate,0
artifact,gat,0
artifact,spatial-temporal,0
artifact,single,0
artifact,interaction,0
artifact,layers,0
artifact,energy,0
artifact,step,0
artifact,machine,0
artifact,traffic,0
artifact,communication,0
artifact,synthetic,0
artifact,real,0
artifact,visual,0
artifact,layouts,0
artifact,cells,0
artifact,remote,0
artifact,splitting,0
artifact,parameters,0
artifact,rgb,0
artifact,improved,0
artifact,show,0
artifact,large,0
artifact,processing,0
artifact,conditions,0
artifact,previous,0
artifact,pairs,0
artifact,employed,0
artifact,include,0
artifact,captures,0
artifact,learns,0
artifact,embedding,0
artifact,effective,0
artifact,photocatalytic,0
artifact,structural,0
artifact,cases,0
artifact,variation,0
artifact,identifying,0
artifact,important,0
artifact,reactions,0
artifact,memory,0
artifact,unit,0
artifact,gated,0
artifact,patterns,0
artifact,field,0
artifact,correction,0
artifact,constructing,0
artifact,comprehensive,0
artifact,light,0
artifact,functions,0
artifact,targets,0
artifact,multi-scale,0
artifact,utilization,0
artifact,structures,0
artifact,neighbors,0
artifact,part,0
artifact,progress,0
artifact,video,0
artifact,focuses,0
artifact,capturing,0
artifact,traditional,0
artifact,stability,0
artifact,sample,0
artifact,designed,0
artifact,pollutants,0
artifact,behaviors,0
artifact,diffusion,0
artifact,tree,0
artifact,types,0
artifact,protein,0
artifact,point,0
artifact,reported,0
artifact,remarkable,0
artifact,background,0
artifact,center,0
artifact,bind,0
artifact,band,0
convolutional,variously,0
convolutional,interacts,0
convolutional,mikae,0
convolutional,eastern,0
convolutional,lutea,0
convolutional,water-splitting,0
convolutional,meiosis,0
convolutional,pei-gcn,0
convolutional,gqa,0
convolutional,membranes,0
convolutional,prohibitively,0
convolutional,heterojunction,0
convolutional,nitrogen-rich,0
convolutional,tubes,0
convolutional,graphitic,0
convolutional,granger,0
convolutional,self-healing,0
convolutional,dual-stimulus,0
convolutional,trna,0
convolutional,cutting-thin,0
convolutional,topologically,0
convolutional,wavelengths,0
convolutional,n-acetyltransferase,0
convolutional,photocatalyst,0
convolutional,trypanosoma,0
convolutional,sciences,0
convolutional,medica,0
convolutional,kitti,0
convolutional,s-triazine,0
convolutional,photoreduction,0
convolutional,escherichia,0
convolutional,fourier,0
convolutional,fixation,0
convolutional,nanosized,0
convolutional,ftir,0
convolutional,xps,0
convolutional,euler,0
convolutional,metsulfuron,0
convolutional,kinetoplastid,0
convolutional,unconventional,0
convolutional,fenton,0
convolutional,psf,0
convolutional,indonesia,0
convolutional,intratesticular,0
convolutional,photocatalytic,0
s-triazine,variously,0
s-triazine,wide,0
s-triazine,specifically,0
s-triazine,structure,0
s-triazine,water-splitting,0
s-triazine,systems,0
s-triazine,standards,0
s-triazine,tcga,0
s-triazine,three-dimensional,0
s-triazine,thousands,0
s-triazine,tasks,0
s-triazine,utilized,0
s-triazine,seoul,0
s-triazine,time-consuming,0
s-triazine,tubes,0
s-triazine,work,0
s-triazine,self-healing,0
s-triazine,similar,0
s-triazine,smoothing,0
s-triazine,strategy,0
s-triazine,viable,0
s-triazine,trna,0
s-triazine,string,0
s-triazine,sgc,0
s-triazine,u-shaped,0
s-triazine,samples,0
s-triazine,separation,0
s-triazine,topologically,0
s-triazine,wavelengths,0
s-triazine,sets,0
s-triazine,simultaneously,0
s-triazine,trypanosoma,0
s-triazine,sciences,0
s-triazine,transformers,0
s-triazine,videos,0
s-triazine,years,0
s-triazine,theory,0
s-triazine,typically,0
s-triazine,understanding,0
s-triazine,sites,0
s-triazine,smiles,0
s-triazine,technologies,0
s-triazine,svm,0
s-triazine,softmax,0
s-triazine,similarity,0
s-triazine,unsupervised,0
s-triazine,secure,0
s-triazine,words,0
s-triazine,transformer,0
s-triazine,system,0
s-triazine,water,0
s-triazine,wiki,0
s-triazine,surge,0
s-triazine,skeleton,0
s-triazine,vehicle,0
s-triazine,subgraph,0
s-triazine,xps,0
s-triazine,skeleton-based,0
s-triazine,skeletongait,0
s-triazine,spatial,0
s-triazine,sentiments,0
s-triazine,unconventional,0
s-triazine,unifying,0
s-triazine,topic,0
s-triazine,updated,0
s-triazine,training,0
s-triazine,u-net,0
s-triazine,supervised,0
s-triazine,works,0
s-triazine,showed,0
s-triazine,technique,0
s-triazine,time,0
s-triazine,single-granular,0
s-triazine,user,0
s-triazine,set,0
s-triazine,tumor,0
s-triazine,target,0
s-triazine,studies,0
s-triazine,ternary,0
s-triazine,trend,0
s-triazine,sparsity,0
s-triazine,static,0
s-triazine,surface,0
s-triazine,significant,0
s-triazine,temporal,0
s-triazine,validate,0
s-triazine,spatial-temporal,0
s-triazine,single,0
s-triazine,task,0
s-triazine,step,0
s-triazine,traffic,0
s-triazine,synthetic,0
s-triazine,visual,0
s-triazine,splitting,0
s-triazine,show,0
s-triazine,structural,0
s-triazine,success,0
s-triazine,variation,0
s-triazine,targets,0
s-triazine,utilization,0
s-triazine,structures,0
s-triazine,video,0
s-triazine,traditional,0
s-triazine,stability,0
s-triazine,sample,0
s-triazine,tree,0
s-triazine,types,0
mscoco,named,0
mscoco,variously,0
mscoco,wide,0
mscoco,structure,0
mscoco,water-splitting,0
mscoco,nitride,0
mscoco,rarely,0
mscoco,pharmacology,0
mscoco,published,0
mscoco,reduced,0
mscoco,roofs,0
mscoco,obtained,0
mscoco,systems,0
mscoco,standards,0
mscoco,noise,0
mscoco,rna,0
mscoco,tcga,0
mscoco,pei-gcn,0
mscoco,proposes,0
mscoco,result,0
mscoco,pharmacological,0
mscoco,three-dimensional,0
mscoco,problem,0
mscoco,recombination,0
mscoco,real-world,0
mscoco,thousands,0
mscoco,owing,0
mscoco,roads,0
mscoco,tasks,0
mscoco,utilized,0
mscoco,process,0
mscoco,seoul,0
mscoco,proteins,0
mscoco,time-consuming,0
mscoco,prohibitively,0
mscoco,psycholinguistic,0
mscoco,nitrogen-rich,0
mscoco,tubes,0
mscoco,work,0
mscoco,nodes,0
mscoco,self-healing,0
mscoco,similar,0
mscoco,smoothing,0
mscoco,study,0
mscoco,strategy,0
mscoco,presents,0
mscoco,viable,0
mscoco,trna,0
mscoco,outperform,0
mscoco,string,0
mscoco,sgc,0
mscoco,u-shaped,0
mscoco,samples,0
mscoco,research,0
mscoco,pressure,0
mscoco,requirement,0
mscoco,numerous,0
mscoco,separation,0
mscoco,topologically,0
mscoco,wavelengths,0
mscoco,sets,0
mscoco,simultaneously,0
mscoco,n-acetyltransferase,0
mscoco,resulting,0
mscoco,photocatalyst,0
mscoco,trypanosoma,0
mscoco,sciences,0
mscoco,plant,0
mscoco,videos,0
mscoco,years,0
mscoco,theory,0
mscoco,rely,0
mscoco,obu,0
mscoco,typically,0
mscoco,understanding,0
mscoco,s-triazine,0
mscoco,sites,0
mscoco,points,0
mscoco,photoreduction,0
mscoco,smiles,0
mscoco,technologies,0
mscoco,svm,0
mscoco,softmax,0
mscoco,patients,0
mscoco,patient,0
mscoco,similarity,0
mscoco,rnas,0
mscoco,pca,0
mscoco,ntu,0
mscoco,unsupervised,0
mscoco,secure,0
mscoco,nlp,0
mscoco,system,0
mscoco,water,0
mscoco,wiki,0
mscoco,nanosized,0
mscoco,surge,0
mscoco,skeleton,0
mscoco,vehicle,0
mscoco,subgraph,0
mscoco,xps,0
mscoco,pose,0
mscoco,skeleton-based,0
mscoco,skeletongait,0
mscoco,revealed,0
mscoco,probability,0
mscoco,pubmed,0
mscoco,sentiments,0
mscoco,unconventional,0
mscoco,represent,0
mscoco,unifying,0
mscoco,topic,0
mscoco,updated,0
mscoco,training,0
mscoco,u-net,0
mscoco,supervised,0
mscoco,works,0
mscoco,showed,0
mscoco,psf,0
mscoco,optimal,0
mscoco,presentation,0
mscoco,pooling,0
mscoco,technique,0
mscoco,prediction,0
mscoco,propagation,0
mscoco,time,0
mscoco,neighbor,0
mscoco,single-granular,0
mscoco,optical,0
mscoco,user,0
mscoco,set,0
mscoco,tumor,0
mscoco,target,0
mscoco,studies,0
mscoco,recognition,0
mscoco,multiple,0
mscoco,ternary,0
mscoco,trend,0
mscoco,sparsity,0
mscoco,recent,0
mscoco,static,0
mscoco,surface,0
mscoco,temporal,0
mscoco,predicting,0
mscoco,number,0
mscoco,spatial-temporal,0
mscoco,single,0
mscoco,step,0
mscoco,traffic,0
mscoco,synthetic,0
mscoco,real,0
mscoco,remote,0
mscoco,splitting,0
mscoco,parameters,0
mscoco,rgb,0
mscoco,previous,0
mscoco,pairs,0
mscoco,photocatalytic,0
mscoco,structural,0
mscoco,success,0
mscoco,variation,0
mscoco,reactions,0
mscoco,unit,0
mscoco,patterns,0
mscoco,targets,0
mscoco,multi-scale,0
mscoco,utilization,0
mscoco,structures,0
mscoco,part,0
mscoco,progress,0
mscoco,video,0
mscoco,traditional,0
mscoco,stability,0
mscoco,sample,0
mscoco,pollutants,0
mscoco,tree,0
mscoco,types,0
mscoco,protein,0
mscoco,point,0
mscoco,reported,0
mscoco,remarkable,0
heterogeneous,intuitively,0
heterogeneous,inferred,0
heterogeneous,variously,0
heterogeneous,interacts,0
heterogeneous,mikae,0
heterogeneous,lutea,0
heterogeneous,low-pass,0
heterogeneous,water-splitting,0
heterogeneous,pharmacology,0
heterogeneous,meiosis,0
heterogeneous,roofs,0
heterogeneous,hyperlinks,0
heterogeneous,standards,0
heterogeneous,pei-gcn,0
heterogeneous,three-dimensional,0
heterogeneous,thousands,0
heterogeneous,hours,0
heterogeneous,roads,0
heterogeneous,seoul,0
heterogeneous,prohibitively,0
heterogeneous,psycholinguistic,0
heterogeneous,nitrogen-rich,0
heterogeneous,tubes,0
heterogeneous,liquid,0
heterogeneous,mixed,0
heterogeneous,self-healing,0
heterogeneous,smoothing,0
heterogeneous,households,0
heterogeneous,viable,0
heterogeneous,trna,0
heterogeneous,sgc,0
heterogeneous,u-shaped,0
heterogeneous,pressure,0
heterogeneous,topologically,0
heterogeneous,wavelengths,0
heterogeneous,n-acetyltransferase,0
heterogeneous,holes,0
heterogeneous,investigations,0
heterogeneous,trypanosoma,0
heterogeneous,sciences,0
heterogeneous,medica,0
heterogeneous,plant,0
heterogeneous,rely,0
heterogeneous,obu,0
heterogeneous,imdb,0
heterogeneous,kitti,0
heterogeneous,s-triazine,0
heterogeneous,mscoco,0
heterogeneous,photoreduction,0
heterogeneous,smiles,0
heterogeneous,technologies,0
heterogeneous,knn,0
heterogeneous,softmax,0
heterogeneous,molecule,0
heterogeneous,ntu,0
heterogeneous,matthews,0
heterogeneous,secure,0
heterogeneous,wiki,0
heterogeneous,nanosized,0
heterogeneous,surge,0
heterogeneous,skeleton,0
heterogeneous,xps,0
heterogeneous,pose,0
heterogeneous,skeleton-based,0
heterogeneous,skeletongait,0
heterogeneous,informative,0
heterogeneous,metsulfuron,0
heterogeneous,sentiments,0
heterogeneous,kinetoplastid,0
heterogeneous,unconventional,0
heterogeneous,mcc,0
heterogeneous,unifying,0
heterogeneous,updated,0
heterogeneous,u-net,0
heterogeneous,psf,0
heterogeneous,presentation,0
heterogeneous,indonesia,0
heterogeneous,pooling,0
heterogeneous,intratesticular,0
heterogeneous,single-granular,0
heterogeneous,tumor,0
heterogeneous,synthetic,0
heterogeneous,remote,0
heterogeneous,splitting,0
heterogeneous,rgb,0
heterogeneous,pairs,0
heterogeneous,stability,0
heterogeneous,tree,0
model,variously,0
model,water-splitting,0
model,pharmacology,0
model,pei-gcn,0
model,seoul,0
model,prohibitively,0
model,nitrogen-rich,0
model,tubes,0
model,self-healing,0
model,trna,0
model,topologically,0
model,wavelengths,0
model,n-acetyltransferase,0
model,trypanosoma,0
model,s-triazine,0
model,photoreduction,0
model,nanosized,0
model,unconventional,0
model,psf,0
model,single-granular,0
cnn,drug-drug,0
cnn,intuitively,0
cnn,variously,0
cnn,interacts,0
cnn,mikae,0
cnn,eastern,0
cnn,colomatta,0
cnn,lutea,0
cnn,connecting,0
cnn,low-pass,0
cnn,metal,0
cnn,cocatalyst-free,0
cnn,water-splitting,0
cnn,nitride,0
cnn,concentrated,0
cnn,pharmacology,0
cnn,curated,0
cnn,meiosis,0
cnn,roofs,0
cnn,hyperlinks,0
cnn,differently,0
cnn,continuation,0
cnn,standards,0
cnn,rna,0
cnn,tcga,0
cnn,pei-gcn,0
cnn,gqa,0
cnn,membranes,0
cnn,pharmacological,0
cnn,recombination,0
cnn,dempster-shafer,0
cnn,thousands,0
cnn,hours,0
cnn,seoul,0
cnn,prohibitively,0
cnn,psycholinguistic,0
cnn,heterojunction,0
cnn,nitrogen-rich,0
cnn,tubes,0
cnn,liquid,0
cnn,graphitic,0
cnn,granger,0
cnn,self-healing,0
cnn,dual-stimulus,0
cnn,households,0
cnn,viable,0
cnn,trna,0
cnn,cutting-thin,0
cnn,string,0
cnn,descriptor,0
cnn,u-shaped,0
cnn,couplings,0
cnn,separation,0
cnn,topologically,0
cnn,wavelengths,0
cnn,markers,0
cnn,n-acetyltransferase,0
cnn,holes,0
cnn,photocatalyst,0
cnn,investigations,0
cnn,trypanosoma,0
cnn,sciences,0
cnn,medica,0
cnn,plant,0
cnn,harmful,0
cnn,decisions,0
cnn,heavily,0
cnn,hemisphere,0
cnn,gps,0
cnn,obu,0
cnn,material,0
cnn,heparin,0
cnn,imdb,0
cnn,s-triazine,0
cnn,mscoco,0
cnn,photoreduction,0
cnn,ethereum,0
cnn,formed,0
cnn,escherichia,0
cnn,rnas,0
cnn,fourier,0
cnn,pca,0
cnn,decades,0
cnn,copy,0
cnn,fixation,0
cnn,molecules,0
cnn,secure,0
cnn,water,0
cnn,wiki,0
cnn,nanosized,0
cnn,surge,0
cnn,dft,0
cnn,guided,0
cnn,subgraph,0
cnn,ftir,0
cnn,xps,0
cnn,euler,0
cnn,skeletongait,0
cnn,metsulfuron,0
cnn,revealed,0
cnn,gcaru,0
cnn,sentiments,0
cnn,electron,0
cnn,kinetoplastid,0
cnn,unconventional,0
cnn,mcc,0
cnn,fenton,0
cnn,generative,0
cnn,dmax,0
cnn,unifying,0
cnn,laplacian,0
cnn,u-net,0
cnn,psf,0
cnn,indonesia,0
cnn,intratesticular,0
cnn,factors,0
cnn,evolution,0
cnn,single-granular,0
cnn,desirable,0
cnn,ternary,0
cnn,trend,0
cnn,surface,0
cnn,immune,0
cnn,energy,0
cnn,layouts,0
cnn,splitting,0
cnn,photocatalytic,0
cnn,variation,0
cnn,correction,0
cnn,light,0
cnn,pollutants,0
cnn,diffusion,0
cnn,reported,0
cnn,remarkable,0
due,variously,0
due,interacts,0
due,mikae,0
due,eastern,0
due,lutea,0
due,low-pass,0
due,water-splitting,0
due,pharmacology,0
due,meiosis,0
due,roofs,0
due,gqa,0
due,hours,0
due,seoul,0
due,prohibitively,0
due,psycholinguistic,0
due,nitrogen-rich,0
due,tubes,0
due,liquid,0
due,granger,0
due,self-healing,0
due,viable,0
due,trna,0
due,u-shaped,0
due,f-score,0
due,topologically,0
due,wavelengths,0
due,n-acetyltransferase,0
due,trypanosoma,0
due,sciences,0
due,medica,0
due,plant,0
due,hemisphere,0
due,gps,0
due,obu,0
due,heparin,0
due,kitti,0
due,s-triazine,0
due,mscoco,0
due,photoreduction,0
due,knn,0
due,pca,0
due,fixation,0
due,matthews,0
due,nlp,0
due,wiki,0
due,nanosized,0
due,euler,0
due,skeletongait,0
due,gcaru,0
due,sentiments,0
due,kinetoplastid,0
due,unconventional,0
due,mcc,0
due,fenton,0
due,unifying,0
due,laplacian,0
due,psf,0
due,indonesia,0
due,intratesticular,0
due,single-granular,0
sites,variously,0
sites,water-splitting,0
sites,standards,0
sites,tcga,0
sites,three-dimensional,0
sites,thousands,0
sites,time-consuming,0
sites,tubes,0
sites,smoothing,0
sites,viable,0
sites,trna,0
sites,string,0
sites,u-shaped,0
sites,topologically,0
sites,wavelengths,0
sites,trypanosoma,0
sites,videos,0
sites,years,0
sites,typically,0
sites,smiles,0
sites,svm,0
sites,softmax,0
sites,unsupervised,0
sites,words,0
sites,wiki,0
sites,surge,0
sites,skeleton,0
sites,vehicle,0
sites,subgraph,0
sites,skeleton-based,0
sites,skeletongait,0
sites,unconventional,0
sites,unifying,0
sites,updated,0
sites,training,0
sites,u-net,0
sites,works,0
sites,user,0
sites,ternary,0
sites,trend,0
sites,sparsity,0
sites,static,0
sites,validate,0
sites,spatial-temporal,0
sites,traffic,0
sites,synthetic,0
sites,visual,0
sites,splitting,0
sites,success,0
sites,variation,0
sites,unit,0
sites,structures,0
sites,video,0
sites,tree,0
cloud,drug-drug,0
cloud,intuitively,0
cloud,variously,0
cloud,dual,0
cloud,interacts,0
cloud,mikae,0
cloud,eastern,0
cloud,colomatta,0
cloud,lutea,0
cloud,ignore,0
cloud,connecting,0
cloud,considered,0
cloud,low-pass,0
cloud,metal,0
cloud,cocatalyst-free,0
cloud,water-splitting,0
cloud,nitride,0
cloud,literature,0
cloud,rarely,0
cloud,concentrated,0
cloud,pharmacology,0
cloud,curated,0
cloud,generally,0
cloud,meiosis,0
cloud,gap,0
cloud,roofs,0
cloud,hyperlinks,0
cloud,independently,0
cloud,differently,0
cloud,explicitly,0
cloud,continuation,0
cloud,rna,0
cloud,tcga,0
cloud,pei-gcn,0
cloud,gqa,0
cloud,critical,0
cloud,membranes,0
cloud,result,0
cloud,pharmacological,0
cloud,three-dimensional,0
cloud,recombination,0
cloud,dempster-shafer,0
cloud,thousands,0
cloud,hours,0
cloud,roads,0
cloud,determination,0
cloud,seoul,0
cloud,proteins,0
cloud,encoded,0
cloud,time-consuming,0
cloud,prohibitively,0
cloud,psycholinguistic,0
cloud,heterojunction,0
cloud,nitrogen-rich,0
cloud,tubes,0
cloud,liquid,0
cloud,graphitic,0
cloud,granger,0
cloud,mixed,0
cloud,self-healing,0
cloud,dual-stimulus,0
cloud,smoothing,0
cloud,households,0
cloud,viable,0
cloud,trna,0
cloud,outperform,0
cloud,cutting-thin,0
cloud,string,0
cloud,descriptor,0
cloud,sgc,0
cloud,u-shaped,0
cloud,couplings,0
cloud,pressure,0
cloud,f-score,0
cloud,requirement,0
cloud,numerous,0
cloud,separation,0
cloud,topologically,0
cloud,wavelengths,0
cloud,markers,0
cloud,n-acetyltransferase,0
cloud,holes,0
cloud,photocatalyst,0
cloud,investigations,0
cloud,trypanosoma,0
cloud,sciences,0
cloud,medica,0
cloud,plant,0
cloud,transformers,0
cloud,harmful,0
cloud,videos,0
cloud,language,0
cloud,heavily,0
cloud,hemisphere,0
cloud,gps,0
cloud,obu,0
cloud,material,0
cloud,heparin,0
cloud,relation,0
cloud,relations,0
cloud,imdb,0
cloud,s-triazine,0
cloud,mscoco,0
cloud,heterogeneous,0
cloud,sites,0
cloud,photoreduction,0
cloud,ethereum,0
cloud,smiles,0
cloud,svm,0
cloud,knn,0
cloud,softmax,0
cloud,formed,0
cloud,escherichia,0
cloud,patients,0
cloud,patient,0
cloud,rnas,0
cloud,fourier,0
cloud,initiative,0
cloud,pca,0
cloud,decades,0
cloud,copy,0
cloud,fixation,0
cloud,molecules,0
cloud,molecule,0
cloud,ntu,0
cloud,matthews,0
cloud,secure,0
cloud,nlp,0
cloud,words,0
cloud,transformer,0
cloud,water,0
cloud,wiki,0
cloud,nanosized,0
cloud,surge,0
cloud,data-driven,0
cloud,kinetics,0
cloud,dft,0
cloud,skeleton,0
cloud,vehicle,0
cloud,ftir,0
cloud,xps,0
cloud,skeleton-based,0
cloud,euler,0
cloud,skeletongait,0
cloud,graph-based,0
cloud,dependencies,0
cloud,metsulfuron,0
cloud,meaningful,0
cloud,revealed,0
cloud,gcaru,0
cloud,probability,0
cloud,methodology,0
cloud,pubmed,0
cloud,sentiments,0
cloud,electron,0
cloud,kinetoplastid,0
cloud,unconventional,0
cloud,mcc,0
cloud,fenton,0
cloud,dmax,0
cloud,unifying,0
cloud,laplacian,0
cloud,updated,0
cloud,u-net,0
cloud,psf,0
cloud,presentation,0
cloud,indonesia,0
cloud,intratesticular,0
cloud,technique,0
cloud,propagation,0
cloud,daily,0
cloud,evolution,0
cloud,single-granular,0
cloud,optical,0
cloud,desirable,0
cloud,modalities,0
cloud,expression,0
cloud,management,0
cloud,tumor,0
cloud,target,0
cloud,ternary,0
cloud,trend,0
cloud,sparsity,0
cloud,faces,0
cloud,gene,0
cloud,immune,0
cloud,identification,0
cloud,validate,0
cloud,spatial-temporal,0
cloud,step,0
cloud,communication,0
cloud,layouts,0
cloud,splitting,0
cloud,rgb,0
cloud,improved,0
cloud,pairs,0
cloud,include,0
cloud,learns,0
cloud,photocatalytic,0
cloud,success,0
cloud,identifying,0
cloud,reactions,0
cloud,correction,0
cloud,targets,0
cloud,utilization,0
cloud,part,0
cloud,sample,0
cloud,pollutants,0
cloud,diffusion,0
cloud,tree,0
cloud,protein,0
cloud,reported,0
points,variously,0
points,wide,0
points,water-splitting,0
points,rarely,0
points,roofs,0
points,standards,0
points,tcga,0
points,recombination,0
points,real-world,0
points,thousands,0
points,roads,0
points,utilized,0
points,seoul,0
points,proteins,0
points,time-consuming,0
points,prohibitively,0
points,psycholinguistic,0
points,tubes,0
points,self-healing,0
points,smoothing,0
points,viable,0
points,trna,0
points,string,0
points,sgc,0
points,u-shaped,0
points,pressure,0
points,separation,0
points,topologically,0
points,wavelengths,0
points,resulting,0
points,trypanosoma,0
points,sciences,0
points,transformers,0
points,videos,0
points,theory,0
points,relation,0
points,typically,0
points,understanding,0
points,s-triazine,0
points,sites,0
points,smiles,0
points,technologies,0
points,svm,0
points,rnas,0
points,recently,0
points,unsupervised,0
points,secure,0
points,water,0
points,wiki,0
points,surge,0
points,vehicle,0
points,subgraph,0
points,xps,0
points,skeletongait,0
points,revealed,0
points,probability,0
points,pubmed,0
points,sentiments,0
points,unconventional,0
points,unifying,0
points,topic,0
points,u-net,0
points,psf,0
points,presentation,0
points,technique,0
points,propagation,0
points,single-granular,0
points,user,0
points,tumor,0
points,ternary,0
points,sparsity,0
points,static,0
points,splitting,0
points,reactions,0
points,utilization,0
points,sample,0
points,pollutants,0
points,tree,0
points,protein,0
points,reported,0
points,remarkable,0
efficiency,inferred,0
efficiency,variously,0
efficiency,interacts,0
efficiency,mikae,0
efficiency,lutea,0
efficiency,low-pass,0
efficiency,water-splitting,0
efficiency,literature,0
efficiency,pharmacology,0
efficiency,meiosis,0
efficiency,hyperlinks,0
efficiency,independently,0
efficiency,standards,0
efficiency,rna,0
efficiency,tcga,0
efficiency,gqa,0
efficiency,pharmacological,0
efficiency,three-dimensional,0
efficiency,thousands,0
efficiency,hours,0
efficiency,roads,0
efficiency,seoul,0
efficiency,encoded,0
efficiency,psycholinguistic,0
efficiency,granger,0
efficiency,self-healing,0
efficiency,smoothing,0
efficiency,households,0
efficiency,trna,0
efficiency,string,0
efficiency,u-shaped,0
efficiency,numerous,0
efficiency,topologically,0
efficiency,wavelengths,0
efficiency,markers,0
efficiency,n-acetyltransferase,0
efficiency,trypanosoma,0
efficiency,sciences,0
efficiency,medica,0
efficiency,plant,0
efficiency,hemisphere,0
efficiency,gps,0
efficiency,obu,0
efficiency,heparin,0
efficiency,imdb,0
efficiency,kitti,0
efficiency,s-triazine,0
efficiency,mscoco,0
efficiency,smiles,0
efficiency,svm,0
efficiency,knn,0
efficiency,softmax,0
efficiency,patients,0
efficiency,rnas,0
efficiency,initiative,0
efficiency,pca,0
efficiency,matthews,0
efficiency,nlp,0
efficiency,wiki,0
efficiency,surge,0
efficiency,guided,0
efficiency,subgraph,0
efficiency,euler,0
efficiency,skeletongait,0
efficiency,informative,0
efficiency,metsulfuron,0
efficiency,gcaru,0
efficiency,pubmed,0
efficiency,sentiments,0
efficiency,kinetoplastid,0
efficiency,unconventional,0
efficiency,mcc,0
efficiency,unifying,0
efficiency,laplacian,0
efficiency,u-net,0
efficiency,psf,0
efficiency,presentation,0
efficiency,indonesia,0
efficiency,intratesticular,0
efficiency,single-granular,0
efficiency,immune,0
efficiency,layouts,0
improve,intuitively,0
improve,variously,0
improve,interacts,0
improve,mikae,0
improve,lutea,0
improve,water-splitting,0
improve,pharmacology,0
improve,meiosis,0
improve,roofs,0
improve,standards,0
improve,tcga,0
improve,pei-gcn,0
improve,membranes,0
improve,pharmacological,0
improve,seoul,0
improve,prohibitively,0
improve,psycholinguistic,0
improve,nitrogen-rich,0
improve,tubes,0
improve,self-healing,0
improve,viable,0
improve,trna,0
improve,u-shaped,0
improve,pressure,0
improve,topologically,0
improve,wavelengths,0
improve,n-acetyltransferase,0
improve,investigations,0
improve,trypanosoma,0
improve,sciences,0
improve,medica,0
improve,plant,0
improve,obu,0
improve,material,0
improve,s-triazine,0
improve,mscoco,0
improve,knn,0
improve,rnas,0
improve,initiative,0
improve,pca,0
improve,molecule,0
improve,matthews,0
improve,nanosized,0
improve,surge,0
improve,skeletongait,0
improve,metsulfuron,0
improve,kinetoplastid,0
improve,unconventional,0
improve,mcc,0
improve,unifying,0
improve,presentation,0
improve,indonesia,0
improve,intratesticular,0
improve,single-granular,0
improve,reactions,0
photoreduction,variously,0
photoreduction,wide,0
photoreduction,specifically,0
photoreduction,water-splitting,0
photoreduction,rarely,0
photoreduction,published,0
photoreduction,reduced,0
photoreduction,roofs,0
photoreduction,systems,0
photoreduction,standards,0
photoreduction,rna,0
photoreduction,tcga,0
photoreduction,proposes,0
photoreduction,result,0
photoreduction,three-dimensional,0
photoreduction,problem,0
photoreduction,real-world,0
photoreduction,thousands,0
photoreduction,propose,0
photoreduction,roads,0
photoreduction,tasks,0
photoreduction,utilized,0
photoreduction,seoul,0
photoreduction,proteins,0
photoreduction,time-consuming,0
photoreduction,prohibitively,0
photoreduction,psycholinguistic,0
photoreduction,tubes,0
photoreduction,self-healing,0
photoreduction,similar,0
photoreduction,smoothing,0
photoreduction,strategy,0
photoreduction,presents,0
photoreduction,viable,0
photoreduction,trna,0
photoreduction,string,0
photoreduction,sgc,0
photoreduction,u-shaped,0
photoreduction,samples,0
photoreduction,research,0
photoreduction,pressure,0
photoreduction,requirement,0
photoreduction,topologically,0
photoreduction,wavelengths,0
photoreduction,sets,0
photoreduction,resulting,0
photoreduction,trypanosoma,0
photoreduction,sciences,0
photoreduction,plant,0
photoreduction,transformers,0
photoreduction,videos,0
photoreduction,years,0
photoreduction,theory,0
photoreduction,rely,0
photoreduction,relation,0
photoreduction,relations,0
photoreduction,typically,0
photoreduction,understanding,0
photoreduction,s-triazine,0
photoreduction,sites,0
photoreduction,points,0
photoreduction,smiles,0
photoreduction,technologies,0
photoreduction,svm,0
photoreduction,softmax,0
photoreduction,similarity,0
photoreduction,rnas,0
photoreduction,recently,0
photoreduction,unsupervised,0
photoreduction,secure,0
photoreduction,words,0
photoreduction,transformer,0
photoreduction,system,0
photoreduction,wiki,0
photoreduction,surge,0
photoreduction,skeleton,0
photoreduction,vehicle,0
photoreduction,results,0
photoreduction,subgraph,0
photoreduction,xps,0
photoreduction,pose,0
photoreduction,skeleton-based,0
photoreduction,skeletongait,0
photoreduction,proposed,0
photoreduction,revealed,0
photoreduction,probability,0
photoreduction,pubmed,0
photoreduction,sentiments,0
photoreduction,role,0
photoreduction,unconventional,0
photoreduction,relationships,0
photoreduction,representation,0
photoreduction,represent,0
photoreduction,unifying,0
photoreduction,topic,0
photoreduction,updated,0
photoreduction,training,0
photoreduction,u-net,0
photoreduction,supervised,0
photoreduction,works,0
photoreduction,psf,0
photoreduction,presentation,0
photoreduction,pooling,0
photoreduction,technique,0
photoreduction,prediction,0
photoreduction,propagation,0
photoreduction,time,0
photoreduction,single-granular,0
photoreduction,representations,0
photoreduction,user,0
photoreduction,predict,0
photoreduction,set,0
photoreduction,tumor,0
photoreduction,target,0
photoreduction,studies,0
photoreduction,recognition,0
photoreduction,trend,0
photoreduction,sparsity,0
photoreduction,recent,0
photoreduction,static,0
photoreduction,surface,0
photoreduction,temporal,0
photoreduction,predicting,0
photoreduction,validate,0
photoreduction,spatial-temporal,0
photoreduction,single,0
photoreduction,task,0
photoreduction,step,0
photoreduction,traffic,0
photoreduction,synthetic,0
photoreduction,real,0
photoreduction,visual,0
photoreduction,remote,0
photoreduction,splitting,0
photoreduction,rgb,0
photoreduction,show,0
photoreduction,processing,0
photoreduction,previous,0
photoreduction,success,0
photoreduction,variation,0
photoreduction,unit,0
photoreduction,targets,0
photoreduction,utilization,0
photoreduction,progress,0
photoreduction,video,0
photoreduction,traditional,0
photoreduction,stability,0
photoreduction,sample,0
photoreduction,pollutants,0
photoreduction,tree,0
photoreduction,types,0
photoreduction,protein,0
photoreduction,point,0
photoreduction,reported,0
photoreduction,remarkable,0
ethereum,intuitively,0
ethereum,inferred,0
ethereum,variously,0
ethereum,wide,0
ethereum,interacts,0
ethereum,mikae,0
ethereum,lutea,0
ethereum,low-pass,0
ethereum,metal,0
ethereum,water-splitting,0
ethereum,nitride,0
ethereum,literature,0
ethereum,rarely,0
ethereum,pharmacology,0
ethereum,published,0
ethereum,generally,0
ethereum,meiosis,0
ethereum,increasing,0
ethereum,reduced,0
ethereum,gap,0
ethereum,roofs,0
ethereum,hyperlinks,0
ethereum,independently,0
ethereum,obtained,0
ethereum,systems,0
ethereum,standards,0
ethereum,noise,0
ethereum,extracting,0
ethereum,rna,0
ethereum,tcga,0
ethereum,pei-gcn,0
ethereum,gqa,0
ethereum,proposes,0
ethereum,membranes,0
ethereum,result,0
ethereum,pharmacological,0
ethereum,three-dimensional,0
ethereum,fast,0
ethereum,recombination,0
ethereum,thousands,0
ethereum,hours,0
ethereum,owing,0
ethereum,roads,0
ethereum,tasks,0
ethereum,seoul,0
ethereum,proteins,0
ethereum,time-consuming,0
ethereum,prohibitively,0
ethereum,psycholinguistic,0
ethereum,heterojunction,0
ethereum,nitrogen-rich,0
ethereum,tubes,0
ethereum,liquid,0
ethereum,graphitic,0
ethereum,granger,0
ethereum,mixed,0
ethereum,excellent,0
ethereum,self-healing,0
ethereum,similar,0
ethereum,smoothing,0
ethereum,perform,0
ethereum,households,0
ethereum,presents,0
ethereum,viable,0
ethereum,trna,0
ethereum,outperform,0
ethereum,string,0
ethereum,explore,0
ethereum,sgc,0
ethereum,u-shaped,0
ethereum,samples,0
ethereum,pressure,0
ethereum,f-score,0
ethereum,requirement,0
ethereum,numerous,0
ethereum,separation,0
ethereum,topologically,0
ethereum,wavelengths,0
ethereum,sets,0
ethereum,markers,0
ethereum,n-acetyltransferase,0
ethereum,holes,0
ethereum,photocatalyst,0
ethereum,investigations,0
ethereum,trypanosoma,0
ethereum,sciences,0
ethereum,medica,0
ethereum,plant,0
ethereum,transformers,0
ethereum,harmful,0
ethereum,videos,0
ethereum,language,0
ethereum,theory,0
ethereum,leading,0
ethereum,rely,0
ethereum,heavily,0
ethereum,hemisphere,0
ethereum,gps,0
ethereum,obu,0
ethereum,material,0
ethereum,heparin,0
ethereum,relation,0
ethereum,relations,0
ethereum,firstly,0
ethereum,understanding,0
ethereum,imdb,0
ethereum,kitti,0
ethereum,s-triazine,0
ethereum,mscoco,0
ethereum,heterogeneous,0
ethereum,sites,0
ethereum,points,0
ethereum,improve,0
ethereum,photoreduction,0
ethereum,lstm,0
ethereum,smiles,0
ethereum,technologies,0
ethereum,svm,0
ethereum,knn,0
ethereum,softmax,0
ethereum,formed,0
ethereum,euclidean,0
ethereum,patients,0
ethereum,patient,0
ethereum,similarity,0
ethereum,rnas,0
ethereum,fourier,0
ethereum,initiative,0
ethereum,pca,0
ethereum,recently,0
ethereum,fixation,0
ethereum,molecules,0
ethereum,molecule,0
ethereum,ntu,0
ethereum,unsupervised,0
ethereum,matthews,0
ethereum,nlp,0
ethereum,words,0
ethereum,transformer,0
ethereum,system,0
ethereum,water,0
ethereum,wiki,0
ethereum,nanosized,0
ethereum,surge,0
ethereum,kinetics,0
ethereum,skeleton,0
ethereum,framework,0
ethereum,vehicle,0
ethereum,guided,0
ethereum,layer,0
ethereum,subgraph,0
ethereum,ftir,0
ethereum,xps,0
ethereum,pose,0
ethereum,skeleton-based,0
ethereum,euler,0
ethereum,skeletongait,0
ethereum,graph-based,0
ethereum,informative,0
ethereum,metsulfuron,0
ethereum,meaningful,0
ethereum,revealed,0
ethereum,gcaru,0
ethereum,probability,0
ethereum,methodology,0
ethereum,spatial,0
ethereum,pubmed,0
ethereum,sentiments,0
ethereum,evaluation,0
ethereum,role,0
ethereum,kinetoplastid,0
ethereum,unconventional,0
ethereum,mcc,0
ethereum,optimization,0
ethereum,fenton,0
ethereum,generative,0
ethereum,unifying,0
ethereum,laplacian,0
ethereum,topic,0
ethereum,updated,0
ethereum,u-net,0
ethereum,supervised,0
ethereum,works,0
ethereum,showed,0
ethereum,psf,0
ethereum,optimal,0
ethereum,presentation,0
ethereum,indonesia,0
ethereum,pooling,0
ethereum,intratesticular,0
ethereum,human,0
ethereum,prediction,0
ethereum,factors,0
ethereum,propagation,0
ethereum,learn,0
ethereum,neighbor,0
ethereum,evolution,0
ethereum,single-granular,0
ethereum,optical,0
ethereum,modalities,0
ethereum,high,0
ethereum,introduce,0
ethereum,expression,0
ethereum,management,0
ethereum,predict,0
ethereum,fully,0
ethereum,tumor,0
ethereum,target,0
ethereum,multiple,0
ethereum,ternary,0
ethereum,trend,0
ethereum,static,0
ethereum,gene,0
ethereum,surface,0
ethereum,immune,0
ethereum,knowledge,0
ethereum,identification,0
ethereum,predicting,0
ethereum,validate,0
ethereum,gat,0
ethereum,spatial-temporal,0
ethereum,single,0
ethereum,layers,0
ethereum,task,0
ethereum,step,0
ethereum,traffic,0
ethereum,synthetic,0
ethereum,visual,0
ethereum,layouts,0
ethereum,remote,0
ethereum,splitting,0
ethereum,parameters,0
ethereum,rgb,0
ethereum,processing,0
ethereum,pairs,0
ethereum,include,0
ethereum,learns,0
ethereum,photocatalytic,0
ethereum,variation,0
ethereum,identifying,0
ethereum,important,0
ethereum,reactions,0
ethereum,memory,0
ethereum,gated,0
ethereum,field,0
ethereum,light,0
ethereum,functions,0
ethereum,targets,0
ethereum,multi-scale,0
ethereum,utilization,0
ethereum,structures,0
ethereum,neighbors,0
ethereum,part,0
ethereum,progress,0
ethereum,video,0
ethereum,stability,0
ethereum,sample,0
ethereum,pollutants,0
ethereum,tree,0
ethereum,motion,0
ethereum,protein,0
ethereum,point,0
ethereum,reported,0
ethereum,remarkable,0
lstm,variously,0
lstm,mikae,0
lstm,lutea,0
lstm,metal,0
lstm,water-splitting,0
lstm,nitride,0
lstm,pharmacology,0
lstm,meiosis,0
lstm,roofs,0
lstm,standards,0
lstm,rna,0
lstm,tcga,0
lstm,pei-gcn,0
lstm,membranes,0
lstm,pharmacological,0
lstm,three-dimensional,0
lstm,recombination,0
lstm,thousands,0
lstm,seoul,0
lstm,proteins,0
lstm,prohibitively,0
lstm,psycholinguistic,0
lstm,nitrogen-rich,0
lstm,tubes,0
lstm,self-healing,0
lstm,trna,0
lstm,string,0
lstm,sgc,0
lstm,u-shaped,0
lstm,pressure,0
lstm,requirement,0
lstm,separation,0
lstm,topologically,0
lstm,wavelengths,0
lstm,markers,0
lstm,n-acetyltransferase,0
lstm,photocatalyst,0
lstm,trypanosoma,0
lstm,sciences,0
lstm,medica,0
lstm,plant,0
lstm,transformers,0
lstm,theory,0
lstm,rely,0
lstm,obu,0
lstm,material,0
lstm,s-triazine,0
lstm,mscoco,0
lstm,photoreduction,0
lstm,technologies,0
lstm,svm,0
lstm,rnas,0
lstm,pca,0
lstm,molecules,0
lstm,molecule,0
lstm,ntu,0
lstm,matthews,0
lstm,secure,0
lstm,wiki,0
lstm,nanosized,0
lstm,surge,0
lstm,subgraph,0
lstm,xps,0
lstm,skeletongait,0
lstm,metsulfuron,0
lstm,meaningful,0
lstm,revealed,0
lstm,sentiments,0
lstm,unconventional,0
lstm,mcc,0
lstm,unifying,0
lstm,updated,0
lstm,u-net,0
lstm,supervised,0
lstm,psf,0
lstm,presentation,0
lstm,single-granular,0
lstm,optical,0
lstm,modalities,0
lstm,ternary,0
lstm,splitting,0
lstm,photocatalytic,0
lstm,reactions,0
lstm,neighbors,0
lstm,progress,0
lstm,protein,0
lstm,reported,0
smiles,variously,0
smiles,wide,0
smiles,water-splitting,0
smiles,systems,0
smiles,standards,0
smiles,tcga,0
smiles,three-dimensional,0
smiles,thousands,0
smiles,tasks,0
smiles,utilized,0
smiles,time-consuming,0
smiles,tubes,0
smiles,smoothing,0
smiles,strategy,0
smiles,viable,0
smiles,trna,0
smiles,string,0
smiles,u-shaped,0
smiles,topologically,0
smiles,wavelengths,0
smiles,trypanosoma,0
smiles,transformers,0
smiles,videos,0
smiles,years,0
smiles,typically,0
smiles,understanding,0
smiles,technologies,0
smiles,svm,0
smiles,softmax,0
smiles,unsupervised,0
smiles,words,0
smiles,transformer,0
smiles,system,0
smiles,water,0
smiles,wiki,0
smiles,surge,0
smiles,vehicle,0
smiles,subgraph,0
smiles,xps,0
smiles,unconventional,0
smiles,unifying,0
smiles,topic,0
smiles,updated,0
smiles,u-net,0
smiles,works,0
smiles,technique,0
smiles,user,0
smiles,tumor,0
smiles,studies,0
smiles,ternary,0
smiles,trend,0
smiles,sparsity,0
smiles,static,0
smiles,surface,0
smiles,temporal,0
smiles,validate,0
smiles,spatial-temporal,0
smiles,task,0
smiles,step,0
smiles,traffic,0
smiles,synthetic,0
smiles,visual,0
smiles,splitting,0
smiles,structural,0
smiles,success,0
smiles,variation,0
smiles,unit,0
smiles,utilization,0
smiles,video,0
smiles,stability,0
smiles,tree,0
smiles,types,0
bidirectional,drug-drug,0
bidirectional,intuitively,0
bidirectional,inferred,0
bidirectional,variously,0
bidirectional,wide,0
bidirectional,demonstrates,0
bidirectional,interacts,0
bidirectional,mikae,0
bidirectional,eastern,0
bidirectional,bulbosa,0
bidirectional,colomatta,0
bidirectional,lutea,0
bidirectional,connecting,0
bidirectional,metal,0
bidirectional,cocatalyst-free,0
bidirectional,water-splitting,0
bidirectional,nitride,0
bidirectional,present,0
bidirectional,literature,0
bidirectional,concentrated,0
bidirectional,pharmacology,0
bidirectional,curated,0
bidirectional,generally,0
bidirectional,meiosis,0
bidirectional,reduced,0
bidirectional,gap,0
bidirectional,roofs,0
bidirectional,cancers,0
bidirectional,hyperlinks,0
bidirectional,independently,0
bidirectional,explicitly,0
bidirectional,continuation,0
bidirectional,standards,0
bidirectional,noise,0
bidirectional,extracting,0
bidirectional,rna,0
bidirectional,tcga,0
bidirectional,pei-gcn,0
bidirectional,gqa,0
bidirectional,membranes,0
bidirectional,result,0
bidirectional,pharmacological,0
bidirectional,efficient,0
bidirectional,three-dimensional,0
bidirectional,fast,0
bidirectional,recombination,0
bidirectional,dempster-shafer,0
bidirectional,thousands,0
bidirectional,hours,0
bidirectional,owing,0
bidirectional,determination,0
bidirectional,seoul,0
bidirectional,proteins,0
bidirectional,encoded,0
bidirectional,time-consuming,0
bidirectional,prohibitively,0
bidirectional,psycholinguistic,0
bidirectional,heterojunction,0
bidirectional,nitrogen-rich,0
bidirectional,tubes,0
bidirectional,chemical,0
bidirectional,liquid,0
bidirectional,graphitic,0
bidirectional,granger,0
bidirectional,mixed,0
bidirectional,excellent,0
bidirectional,self-healing,0
bidirectional,dual-stimulus,0
bidirectional,smoothing,0
bidirectional,presents,0
bidirectional,viable,0
bidirectional,trna,0
bidirectional,outperform,0
bidirectional,cutting-thin,0
bidirectional,string,0
bidirectional,descriptor,0
bidirectional,sgc,0
bidirectional,u-shaped,0
bidirectional,samples,0
bidirectional,couplings,0
bidirectional,pressure,0
bidirectional,f-score,0
bidirectional,requirement,0
bidirectional,numerous,0
bidirectional,separation,0
bidirectional,topologically,0
bidirectional,wavelengths,0
bidirectional,markers,0
bidirectional,n-acetyltransferase,0
bidirectional,holes,0
bidirectional,resulting,0
bidirectional,photocatalyst,0
bidirectional,investigations,0
bidirectional,trypanosoma,0
bidirectional,sciences,0
bidirectional,medica,0
bidirectional,plant,0
bidirectional,harmful,0
bidirectional,videos,0
bidirectional,years,0
bidirectional,theory,0
bidirectional,leading,0
bidirectional,decisions,0
bidirectional,heavily,0
bidirectional,hemisphere,0
bidirectional,gps,0
bidirectional,obu,0
bidirectional,material,0
bidirectional,heparin,0
bidirectional,typically,0
bidirectional,understanding,0
bidirectional,imdb,0
bidirectional,kitti,0
bidirectional,s-triazine,0
bidirectional,cloud,0
bidirectional,points,0
bidirectional,photoreduction,0
bidirectional,ethereum,0
bidirectional,catalysts,0
bidirectional,svm,0
bidirectional,knn,0
bidirectional,chloroform,0
bidirectional,formed,0
bidirectional,escherichia,0
bidirectional,patients,0
bidirectional,patient,0
bidirectional,rnas,0
bidirectional,fourier,0
bidirectional,initiative,0
bidirectional,pca,0
bidirectional,decades,0
bidirectional,copy,0
bidirectional,recently,0
bidirectional,fixation,0
bidirectional,ntu,0
bidirectional,unsupervised,0
bidirectional,matthews,0
bidirectional,transformer,0
bidirectional,water,0
bidirectional,wiki,0
bidirectional,nanosized,0
bidirectional,surge,0
bidirectional,kinetics,0
bidirectional,dft,0
bidirectional,skeleton,0
bidirectional,canadian,0
bidirectional,guided,0
bidirectional,subgraph,0
bidirectional,ftir,0
bidirectional,xps,0
bidirectional,pose,0
bidirectional,skeleton-based,0
bidirectional,euler,0
bidirectional,skeletongait,0
bidirectional,informative,0
bidirectional,metsulfuron,0
bidirectional,conduct,0
bidirectional,meaningful,0
bidirectional,revealed,0
bidirectional,gcaru,0
bidirectional,probability,0
bidirectional,methodology,0
bidirectional,pubmed,0
bidirectional,sentiments,0
bidirectional,electron,0
bidirectional,kinetoplastid,0
bidirectional,unconventional,0
bidirectional,cgcnimp,0
bidirectional,mcc,0
bidirectional,fenton,0
bidirectional,unifying,0
bidirectional,embeddings,0
bidirectional,laplacian,0
bidirectional,topic,0
bidirectional,updated,0
bidirectional,u-net,0
bidirectional,supervised,0
bidirectional,error,0
bidirectional,works,0
bidirectional,psf,0
bidirectional,presentation,0
bidirectional,indonesia,0
bidirectional,pooling,0
bidirectional,intratesticular,0
bidirectional,human,0
bidirectional,daily,0
bidirectional,neighbor,0
bidirectional,cfz,0
bidirectional,single-granular,0
bidirectional,optical,0
bidirectional,desirable,0
bidirectional,modalities,0
bidirectional,tumor,0
bidirectional,dense,0
bidirectional,ternary,0
bidirectional,trend,0
bidirectional,faces,0
bidirectional,static,0
bidirectional,gene,0
bidirectional,surface,0
bidirectional,immune,0
bidirectional,number,0
bidirectional,validate,0
bidirectional,gat,0
bidirectional,spatial-temporal,0
bidirectional,layers,0
bidirectional,energy,0
bidirectional,step,0
bidirectional,communication,0
bidirectional,synthetic,0
bidirectional,real,0
bidirectional,layouts,0
bidirectional,cells,0
bidirectional,remote,0
bidirectional,splitting,0
bidirectional,parameters,0
bidirectional,rgb,0
bidirectional,conditions,0
bidirectional,previous,0
bidirectional,pairs,0
bidirectional,include,0
bidirectional,learns,0
bidirectional,photocatalytic,0
bidirectional,cases,0
bidirectional,reactions,0
bidirectional,correction,0
bidirectional,light,0
bidirectional,functions,0
bidirectional,targets,0
bidirectional,multi-scale,0
bidirectional,neighbors,0
bidirectional,part,0
bidirectional,progress,0
bidirectional,video,0
bidirectional,focuses,0
bidirectional,capturing,0
bidirectional,stability,0
bidirectional,pollutants,0
bidirectional,diffusion,0
bidirectional,motion,0
bidirectional,point,0
bidirectional,reported,0
bidirectional,remarkable,0
bidirectional,center,0
bidirectional,bind,0
catalysts,drug-drug,0
catalysts,paper,0
catalysts,named,0
catalysts,methods,0
catalysts,intuitively,0
catalysts,inferred,0
catalysts,variously,0
catalysts,specifically,0
catalysts,dual,0
catalysts,interacts,0
catalysts,mikae,0
catalysts,eastern,0
catalysts,colomatta,0
catalysts,lutea,0
catalysts,input,0
catalysts,existing,0
catalysts,ignore,0
catalysts,graph,0
catalysts,connecting,0
catalysts,low-pass,0
catalysts,cocatalyst-free,0
catalysts,water-splitting,0
catalysts,literature,0
catalysts,concentrated,0
catalysts,extract,0
catalysts,pharmacology,0
catalysts,curated,0
catalysts,common,0
catalysts,meiosis,0
catalysts,roofs,0
catalysts,hyperlinks,0
catalysts,independently,0
catalysts,differently,0
catalysts,explicitly,0
catalysts,generated,0
catalysts,continuation,0
catalysts,systems,0
catalysts,network,0
catalysts,networks,0
catalysts,noise,0
catalysts,extracting,0
catalysts,rna,0
catalysts,tcga,0
catalysts,pei-gcn,0
catalysts,gqa,0
catalysts,proposes,0
catalysts,membranes,0
catalysts,models,0
catalysts,pharmacological,0
catalysts,three-dimensional,0
catalysts,classification,0
catalysts,problem,0
catalysts,node,0
catalysts,limited,0
catalysts,fast,0
catalysts,real-world,0
catalysts,dempster-shafer,0
catalysts,thousands,0
catalysts,hours,0
catalysts,propose,0
catalysts,roads,0
catalysts,tasks,0
catalysts,determination,0
catalysts,seoul,0
catalysts,proteins,0
catalysts,encoded,0
catalysts,time-consuming,0
catalysts,prohibitively,0
catalysts,psycholinguistic,0
catalysts,granger,0
catalysts,nodes,0
catalysts,established,0
catalysts,mixed,0
catalysts,self-healing,0
catalysts,dual-stimulus,0
catalysts,similar,0
catalysts,smoothing,0
catalysts,households,0
catalysts,viable,0
catalysts,trna,0
catalysts,outperform,0
catalysts,cutting-thin,0
catalysts,string,0
catalysts,explore,0
catalysts,sgc,0
catalysts,u-shaped,0
catalysts,couplings,0
catalysts,pressure,0
catalysts,f-score,0
catalysts,graphs,0
catalysts,requirement,0
catalysts,numerous,0
catalysts,topologically,0
catalysts,wavelengths,0
catalysts,sets,0
catalysts,simultaneously,0
catalysts,markers,0
catalysts,n-acetyltransferase,0
catalysts,resulting,0
catalysts,investigations,0
catalysts,trypanosoma,0
catalysts,sciences,0
catalysts,medica,0
catalysts,plant,0
catalysts,transformers,0
catalysts,videos,0
catalysts,features,0
catalysts,language,0
catalysts,theory,0
catalysts,rely,0
catalysts,decisions,0
catalysts,heavily,0
catalysts,hemisphere,0
catalysts,gps,0
catalysts,obu,0
catalysts,gcns,0
catalysts,heparin,0
catalysts,relation,0
catalysts,relations,0
catalysts,typically,0
catalysts,understanding,0
catalysts,imdb,0
catalysts,kitti,0
catalysts,convolutional,0
catalysts,s-triazine,0
catalysts,mscoco,0
catalysts,cnn,0
catalysts,cloud,0
catalysts,points,0
catalysts,photoreduction,0
catalysts,ethereum,0
catalysts,lstm,0
catalysts,smiles,0
catalysts,svm,0
catalysts,knn,0
catalysts,softmax,0
catalysts,chloroform,0
catalysts,formed,0
catalysts,escherichia,0
catalysts,euclidean,0
catalysts,patients,0
catalysts,patient,0
catalysts,similarity,0
catalysts,rnas,0
catalysts,fourier,0
catalysts,initiative,0
catalysts,pca,0
catalysts,decades,0
catalysts,ntu,0
catalysts,edges,0
catalysts,unsupervised,0
catalysts,matthews,0
catalysts,secure,0
catalysts,nlp,0
catalysts,words,0
catalysts,transformer,0
catalysts,wiki,0
catalysts,datasets,0
catalysts,data,0
catalysts,surge,0
catalysts,data-driven,0
catalysts,kinetics,0
catalysts,skeleton,0
catalysts,framework,0
catalysts,vehicle,0
catalysts,guided,0
catalysts,learning,0
catalysts,subgraph,0
catalysts,pose,0
catalysts,skeleton-based,0
catalysts,euler,0
catalysts,skeletongait,0
catalysts,graph-based,0
catalysts,informative,0
catalysts,dependencies,0
catalysts,metsulfuron,0
catalysts,conduct,0
catalysts,meaningful,0
catalysts,gcaru,0
catalysts,probability,0
catalysts,methodology,0
catalysts,spatial,0
catalysts,pubmed,0
catalysts,sentiments,0
catalysts,evaluation,0
catalysts,kinetoplastid,0
catalysts,unconventional,0
catalysts,cgcnimp,0
catalysts,mcc,0
catalysts,relationships,0
catalysts,representation,0
catalysts,represent,0
catalysts,fenton,0
catalysts,generative,0
catalysts,dmax,0
catalysts,unifying,0
catalysts,embeddings,0
catalysts,laplacian,0
catalysts,updated,0
catalysts,global,0
catalysts,deep,0
catalysts,training,0
catalysts,correlations,0
catalysts,u-net,0
catalysts,supervised,0
catalysts,error,0
catalysts,works,0
catalysts,psf,0
catalysts,presentation,0
catalysts,indonesia,0
catalysts,pooling,0
catalysts,dataset,0
catalysts,intratesticular,0
catalysts,key,0
catalysts,human,0
catalysts,technique,0
catalysts,factors,0
catalysts,propagation,0
catalysts,daily,0
catalysts,learn,0
catalysts,neighbor,0
catalysts,cfz,0
catalysts,single-granular,0
catalysts,focus,0
catalysts,desirable,0
catalysts,modalities,0
catalysts,module,0
catalysts,representations,0
catalysts,introduce,0
catalysts,neural,0
catalysts,expression,0
catalysts,user,0
catalysts,management,0
catalysts,feature,0
catalysts,set,0
catalysts,complex,0
catalysts,tumor,0
catalysts,target,0
catalysts,dense,0
catalysts,recognition,0
catalysts,identify,0
catalysts,convolution,0
catalysts,multiple,0
catalysts,ternary,0
catalysts,trend,0
catalysts,sparsity,0
catalysts,faces,0
catalysts,static,0
catalysts,gene,0
catalysts,immune,0
catalysts,knowledge,0
catalysts,temporal,0
catalysts,identification,0
catalysts,predicting,0
catalysts,validate,0
catalysts,gat,0
catalysts,spatial-temporal,0
catalysts,single,0
catalysts,interaction,0
catalysts,task,0
catalysts,machine,0
catalysts,traffic,0
catalysts,communication,0
catalysts,synthetic,0
catalysts,visual,0
catalysts,layouts,0
catalysts,cells,0
catalysts,remote,0
catalysts,rgb,0
catalysts,processing,0
catalysts,pairs,0
catalysts,employed,0
catalysts,include,0
catalysts,learns,0
catalysts,embedding,0
catalysts,success,0
catalysts,variation,0
catalysts,identifying,0
catalysts,memory,0
catalysts,unit,0
catalysts,gated,0
catalysts,patterns,0
catalysts,correction,0
catalysts,constructing,0
catalysts,comprehensive,0
catalysts,functions,0
catalysts,multi-scale,0
catalysts,neighbors,0
catalysts,progress,0
catalysts,video,0
catalysts,focuses,0
catalysts,sample,0
catalysts,diffusion,0
catalysts,tree,0
catalysts,motion,0
catalysts,protein,0
catalysts,remarkable,0
technologies,variously,0
technologies,water-splitting,0
technologies,three-dimensional,0
technologies,time-consuming,0
technologies,tubes,0
technologies,viable,0
technologies,trna,0
technologies,u-shaped,0
technologies,topologically,0
technologies,wavelengths,0
technologies,trypanosoma,0
technologies,transformers,0
technologies,videos,0
technologies,typically,0
technologies,words,0
technologies,transformer,0
technologies,wiki,0
technologies,vehicle,0
technologies,xps,0
technologies,unconventional,0
technologies,unifying,0
technologies,updated,0
technologies,u-net,0
technologies,user,0
technologies,tumor,0
technologies,ternary,0
technologies,validate,0
technologies,visual,0
technologies,video,0
technologies,tree,0
capacity,drug-drug,0
capacity,intuitively,0
capacity,inferred,0
capacity,variously,0
capacity,demonstrates,0
capacity,interacts,0
capacity,mikae,0
capacity,eastern,0
capacity,colomatta,0
capacity,lutea,0
capacity,input,0
capacity,ignore,0
capacity,connecting,0
capacity,considered,0
capacity,low-pass,0
capacity,cocatalyst-free,0
capacity,water-splitting,0
capacity,literature,0
capacity,rarely,0
capacity,concentrated,0
capacity,pharmacology,0
capacity,curated,0
capacity,generally,0
capacity,meiosis,0
capacity,gap,0
capacity,roofs,0
capacity,hyperlinks,0
capacity,independently,0
capacity,differently,0
capacity,explicitly,0
capacity,continuation,0
capacity,systems,0
capacity,standards,0
capacity,extracting,0
capacity,rna,0
capacity,tcga,0
capacity,pei-gcn,0
capacity,gqa,0
capacity,membranes,0
capacity,pharmacological,0
capacity,three-dimensional,0
capacity,fast,0
capacity,real-world,0
capacity,dempster-shafer,0
capacity,thousands,0
capacity,hours,0
capacity,roads,0
capacity,determination,0
capacity,seoul,0
capacity,proteins,0
capacity,encoded,0
capacity,time-consuming,0
capacity,prohibitively,0
capacity,psycholinguistic,0
capacity,granger,0
capacity,established,0
capacity,self-healing,0
capacity,dual-stimulus,0
capacity,smoothing,0
capacity,households,0
capacity,presents,0
capacity,viable,0
capacity,trna,0
capacity,outperform,0
capacity,cutting-thin,0
capacity,string,0
capacity,descriptor,0
capacity,sgc,0
capacity,u-shaped,0
capacity,couplings,0
capacity,pressure,0
capacity,f-score,0
capacity,requirement,0
capacity,topologically,0
capacity,wavelengths,0
capacity,sets,0
capacity,simultaneously,0
capacity,markers,0
capacity,n-acetyltransferase,0
capacity,holes,0
capacity,resulting,0
capacity,investigations,0
capacity,trypanosoma,0
capacity,sciences,0
capacity,medica,0
capacity,transformers,0
capacity,videos,0
capacity,language,0
capacity,decisions,0
capacity,heavily,0
capacity,hemisphere,0
capacity,gps,0
capacity,obu,0
capacity,heparin,0
capacity,relation,0
capacity,relations,0
capacity,typically,0
capacity,firstly,0
capacity,imdb,0
capacity,kitti,0
capacity,s-triazine,0
capacity,mscoco,0
capacity,heterogeneous,0
capacity,cnn,0
capacity,cloud,0
capacity,points,0
capacity,photoreduction,0
capacity,ethereum,0
capacity,lstm,0
capacity,svm,0
capacity,knn,0
capacity,softmax,0
capacity,chloroform,0
capacity,formed,0
capacity,escherichia,0
capacity,patient,0
capacity,rnas,0
capacity,fourier,0
capacity,initiative,0
capacity,pca,0
capacity,decades,0
capacity,copy,0
capacity,recently,0
capacity,fixation,0
capacity,ntu,0
capacity,unsupervised,0
capacity,matthews,0
capacity,secure,0
capacity,nlp,0
capacity,words,0
capacity,transformer,0
capacity,wiki,0
capacity,surge,0
capacity,data-driven,0
capacity,vehicle,0
capacity,guided,0
capacity,subgraph,0
capacity,ftir,0
capacity,xps,0
capacity,skeleton-based,0
capacity,euler,0
capacity,skeletongait,0
capacity,metsulfuron,0
capacity,conduct,0
capacity,gcaru,0
capacity,probability,0
capacity,methodology,0
capacity,pubmed,0
capacity,sentiments,0
capacity,evaluation,0
capacity,kinetoplastid,0
capacity,unconventional,0
capacity,cgcnimp,0
capacity,mcc,0
capacity,represent,0
capacity,fenton,0
capacity,generative,0
capacity,unifying,0
capacity,updated,0
capacity,psf,0
capacity,presentation,0
capacity,indonesia,0
capacity,pooling,0
capacity,intratesticular,0
capacity,daily,0
capacity,neighbor,0
capacity,cfz,0
capacity,single-granular,0
capacity,optical,0
capacity,desirable,0
capacity,modalities,0
capacity,introduce,0
capacity,user,0
capacity,fully,0
capacity,tumor,0
capacity,dense,0
capacity,trend,0
capacity,sparsity,0
capacity,faces,0
capacity,static,0
capacity,immune,0
capacity,knowledge,0
capacity,predicting,0
capacity,gat,0
capacity,spatial-temporal,0
capacity,task,0
capacity,layouts,0
capacity,rgb,0
capacity,conditions,0
capacity,previous,0
capacity,pairs,0
capacity,captures,0
capacity,learns,0
capacity,cases,0
capacity,variation,0
capacity,identifying,0
capacity,correction,0
capacity,constructing,0
capacity,targets,0
capacity,multi-scale,0
capacity,utilization,0
capacity,part,0
capacity,progress,0
capacity,video,0
capacity,capturing,0
capacity,sample,0
capacity,tree,0
capacity,motion,0
capacity,point,0
capacity,reported,0
capacity,center,0
svm,variously,0
svm,wide,0
svm,water-splitting,0
svm,tcga,0
svm,three-dimensional,0
svm,thousands,0
svm,tubes,0
svm,viable,0
svm,trna,0
svm,u-shaped,0
svm,topologically,0
svm,wavelengths,0
svm,trypanosoma,0
svm,transformers,0
svm,videos,0
svm,typically,0
svm,technologies,0
svm,unsupervised,0
svm,words,0
svm,transformer,0
svm,water,0
svm,wiki,0
svm,vehicle,0
svm,xps,0
svm,unconventional,0
svm,unifying,0
svm,topic,0
svm,updated,0
svm,u-net,0
svm,works,0
svm,technique,0
svm,time,0
svm,user,0
svm,tumor,0
svm,target,0
svm,ternary,0
svm,trend,0
svm,temporal,0
svm,validate,0
svm,traffic,0
svm,synthetic,0
svm,variation,0
svm,unit,0
svm,utilization,0
svm,video,0
knn,named,0
knn,variously,0
knn,wide,0
knn,mikae,0
knn,lutea,0
knn,low-pass,0
knn,metal,0
knn,water-splitting,0
knn,nitride,0
knn,present,0
knn,literature,0
knn,rarely,0
knn,pharmacology,0
knn,published,0
knn,meiosis,0
knn,reduced,0
knn,roofs,0
knn,obtained,0
knn,systems,0
knn,standards,0
knn,networks,0
knn,rna,0
knn,tcga,0
knn,pei-gcn,0
knn,proposes,0
knn,membranes,0
knn,models,0
knn,result,0
knn,pharmacological,0
knn,three-dimensional,0
knn,node,0
knn,limited,0
knn,recombination,0
knn,real-world,0
knn,thousands,0
knn,owing,0
knn,roads,0
knn,utilized,0
knn,process,0
knn,seoul,0
knn,proteins,0
knn,time-consuming,0
knn,prohibitively,0
knn,psycholinguistic,0
knn,nitrogen-rich,0
knn,tubes,0
knn,liquid,0
knn,work,0
knn,nodes,0
knn,mixed,0
knn,self-healing,0
knn,similar,0
knn,smoothing,0
knn,perform,0
knn,strategy,0
knn,presents,0
knn,viable,0
knn,trna,0
knn,outperform,0
knn,string,0
knn,sgc,0
knn,u-shaped,0
knn,samples,0
knn,research,0
knn,pressure,0
knn,requirement,0
knn,numerous,0
knn,separation,0
knn,topologically,0
knn,wavelengths,0
knn,sets,0
knn,simultaneously,0
knn,markers,0
knn,n-acetyltransferase,0
knn,resulting,0
knn,photocatalyst,0
knn,trypanosoma,0
knn,sciences,0
knn,medica,0
knn,plant,0
knn,transformers,0
knn,videos,0
knn,years,0
knn,language,0
knn,theory,0
knn,leading,0
knn,rely,0
knn,obu,0
knn,material,0
knn,relation,0
knn,relations,0
knn,typically,0
knn,s-triazine,0
knn,mscoco,0
knn,sites,0
knn,points,0
knn,photoreduction,0
knn,lstm,0
knn,smiles,0
knn,technologies,0
knn,softmax,0
knn,patients,0
knn,similarity,0
knn,rnas,0
knn,pca,0
knn,molecules,0
knn,molecule,0
knn,ntu,0
knn,unsupervised,0
knn,matthews,0
knn,secure,0
knn,nlp,0
knn,words,0
knn,transformer,0
knn,system,0
knn,water,0
knn,wiki,0
knn,nanosized,0
knn,surge,0
knn,skeleton,0
knn,vehicle,0
knn,layer,0
knn,subgraph,0
knn,xps,0
knn,pose,0
knn,skeleton-based,0
knn,skeletongait,0
knn,metsulfuron,0
knn,meaningful,0
knn,revealed,0
knn,probability,0
knn,methodology,0
knn,spatial,0
knn,pubmed,0
knn,sentiments,0
knn,role,0
knn,unconventional,0
knn,mcc,0
knn,optimization,0
knn,relationships,0
knn,represent,0
knn,unifying,0
knn,laplacian,0
knn,topic,0
knn,updated,0
knn,local,0
knn,training,0
knn,u-net,0
knn,supervised,0
knn,works,0
knn,showed,0
knn,psf,0
knn,optimal,0
knn,presentation,0
knn,pooling,0
knn,technique,0
knn,prediction,0
knn,propagation,0
knn,time,0
knn,single-granular,0
knn,optical,0
knn,modalities,0
knn,user,0
knn,management,0
knn,predict,0
knn,set,0
knn,tumor,0
knn,target,0
knn,studies,0
knn,ternary,0
knn,trend,0
knn,sparsity,0
knn,recent,0
knn,surface,0
knn,significant,0
knn,knowledge,0
knn,temporal,0
knn,predicting,0
knn,number,0
knn,validate,0
knn,spatial-temporal,0
knn,step,0
knn,traffic,0
knn,synthetic,0
knn,real,0
knn,visual,0
knn,layouts,0
knn,remote,0
knn,splitting,0
knn,parameters,0
knn,rgb,0
knn,large,0
knn,processing,0
knn,previous,0
knn,pairs,0
knn,learns,0
knn,photocatalytic,0
knn,success,0
knn,variation,0
knn,reactions,0
knn,memory,0
knn,unit,0
knn,patterns,0
knn,light,0
knn,targets,0
knn,multi-scale,0
knn,utilization,0
knn,structures,0
knn,part,0
knn,progress,0
knn,video,0
knn,stability,0
knn,sample,0
knn,pollutants,0
knn,tree,0
knn,motion,0
knn,types,0
knn,protein,0
knn,point,0
knn,reported,0
knn,remarkable,0
softmax,variously,0
softmax,wide,0
softmax,water-splitting,0
softmax,standards,0
softmax,tcga,0
softmax,three-dimensional,0
softmax,thousands,0
softmax,tasks,0
softmax,utilized,0
softmax,time-consuming,0
softmax,tubes,0
softmax,strategy,0
softmax,viable,0
softmax,trna,0
softmax,string,0
softmax,u-shaped,0
softmax,topologically,0
softmax,wavelengths,0
softmax,trypanosoma,0
softmax,transformers,0
softmax,videos,0
softmax,theory,0
softmax,typically,0
softmax,understanding,0
softmax,technologies,0
softmax,unsupervised,0
softmax,words,0
softmax,transformer,0
softmax,system,0
softmax,water,0
softmax,wiki,0
softmax,surge,0
softmax,vehicle,0
softmax,subgraph,0
softmax,xps,0
softmax,unconventional,0
softmax,unifying,0
softmax,topic,0
softmax,updated,0
softmax,u-net,0
softmax,supervised,0
softmax,works,0
softmax,technique,0
softmax,user,0
softmax,tumor,0
softmax,target,0
softmax,ternary,0
softmax,trend,0
softmax,sparsity,0
softmax,static,0
softmax,surface,0
softmax,step,0
softmax,traffic,0
softmax,synthetic,0
softmax,splitting,0
softmax,variation,0
softmax,targets,0
softmax,utilization,0
softmax,structures,0
softmax,video,0
chloroform,drug-drug,0
chloroform,paper,0
chloroform,named,0
chloroform,method,0
chloroform,methods,0
chloroform,intuitively,0
chloroform,inferred,0
chloroform,variously,0
chloroform,wide,0
chloroform,specifically,0
chloroform,demonstrates,0
chloroform,dual,0
chloroform,interacts,0
chloroform,structure,0
chloroform,mikae,0
chloroform,eastern,0
chloroform,colomatta,0
chloroform,lutea,0
chloroform,input,0
chloroform,existing,0
chloroform,ignore,0
chloroform,graph,0
chloroform,connecting,0
chloroform,considered,0
chloroform,low-pass,0
chloroform,metal,0
chloroform,cocatalyst-free,0
chloroform,water-splitting,0
chloroform,nitride,0
chloroform,present,0
chloroform,literature,0
chloroform,rarely,0
chloroform,concentrated,0
chloroform,extract,0
chloroform,pharmacology,0
chloroform,published,0
chloroform,curated,0
chloroform,generally,0
chloroform,common,0
chloroform,meiosis,0
chloroform,increasing,0
chloroform,reduced,0
chloroform,gap,0
chloroform,developed,0
chloroform,roofs,0
chloroform,hyperlinks,0
chloroform,independently,0
chloroform,differently,0
chloroform,explicitly,0
chloroform,obtained,0
chloroform,generated,0
chloroform,continuation,0
chloroform,systems,0
chloroform,network,0
chloroform,standards,0
chloroform,noise,0
chloroform,extracting,0
chloroform,rna,0
chloroform,tcga,0
chloroform,pei-gcn,0
chloroform,gqa,0
chloroform,proposes,0
chloroform,critical,0
chloroform,membranes,0
chloroform,models,0
chloroform,result,0
chloroform,pharmacological,0
chloroform,efficient,0
chloroform,three-dimensional,0
chloroform,classification,0
chloroform,problem,0
chloroform,node,0
chloroform,performance,0
chloroform,limited,0
chloroform,fast,0
chloroform,recombination,0
chloroform,real-world,0
chloroform,dempster-shafer,0
chloroform,thousands,0
chloroform,hours,0
chloroform,owing,0
chloroform,propose,0
chloroform,roads,0
chloroform,tasks,0
chloroform,utilized,0
chloroform,determination,0
chloroform,process,0
chloroform,seoul,0
chloroform,proteins,0
chloroform,encoded,0
chloroform,time-consuming,0
chloroform,experimental,0
chloroform,prohibitively,0
chloroform,elsevier,0
chloroform,psycholinguistic,0
chloroform,heterojunction,0
chloroform,nitrogen-rich,0
chloroform,tubes,0
chloroform,liquid,0
chloroform,work,0
chloroform,graphitic,0
chloroform,gcn,0
chloroform,granger,0
chloroform,nodes,0
chloroform,established,0
chloroform,similar,0
chloroform,smoothing,0
chloroform,perform,0
chloroform,households,0
chloroform,study,0
chloroform,strategy,0
chloroform,presents,0
chloroform,viable,0
chloroform,trna,0
chloroform,outperform,0
chloroform,cutting-thin,0
chloroform,string,0
chloroform,descriptor,0
chloroform,explore,0
chloroform,sgc,0
chloroform,u-shaped,0
chloroform,samples,0
chloroform,couplings,0
chloroform,research,0
chloroform,pressure,0
chloroform,f-score,0
chloroform,graphs,0
chloroform,requirement,0
chloroform,numerous,0
chloroform,separation,0
chloroform,topologically,0
chloroform,wavelengths,0
chloroform,sets,0
chloroform,simultaneously,0
chloroform,markers,0
chloroform,n-acetyltransferase,0
chloroform,holes,0
chloroform,resulting,0
chloroform,photocatalyst,0
chloroform,investigations,0
chloroform,trypanosoma,0
chloroform,sciences,0
chloroform,medica,0
chloroform,plant,0
chloroform,transformers,0
chloroform,harmful,0
chloroform,videos,0
chloroform,features,0
chloroform,years,0
chloroform,language,0
chloroform,theory,0
chloroform,leading,0
chloroform,rely,0
chloroform,decisions,0
chloroform,heavily,0
chloroform,hemisphere,0
chloroform,gps,0
chloroform,obu,0
chloroform,material,0
chloroform,gcns,0
chloroform,heparin,0
chloroform,relation,0
chloroform,relations,0
chloroform,typically,0
chloroform,firstly,0
chloroform,understanding,0
chloroform,imdb,0
chloroform,kitti,0
chloroform,convolutional,0
chloroform,s-triazine,0
chloroform,mscoco,0
chloroform,heterogeneous,0
chloroform,model,0
chloroform,cnn,0
chloroform,due,0
chloroform,cloud,0
chloroform,points,0
chloroform,efficiency,0
chloroform,improve,0
chloroform,photoreduction,0
chloroform,ethereum,0
chloroform,lstm,0
chloroform,smiles,0
chloroform,technologies,0
chloroform,svm,0
chloroform,knn,0
chloroform,softmax,0
chloroform,escherichia,0
chloroform,euclidean,0
chloroform,patients,0
chloroform,patient,0
chloroform,similarity,0
chloroform,rnas,0
chloroform,fourier,0
chloroform,initiative,0
chloroform,pca,0
chloroform,decades,0
chloroform,copy,0
chloroform,recently,0
chloroform,fixation,0
chloroform,molecules,0
chloroform,molecule,0
chloroform,ntu,0
chloroform,edges,0
chloroform,unsupervised,0
chloroform,matthews,0
chloroform,secure,0
chloroform,nlp,0
chloroform,words,0
chloroform,transformer,0
chloroform,system,0
chloroform,water,0
chloroform,wiki,0
chloroform,datasets,0
chloroform,data,0
chloroform,nanosized,0
chloroform,effectively,0
chloroform,surge,0
chloroform,data-driven,0
chloroform,kinetics,0
chloroform,dft,0
chloroform,skeleton,0
chloroform,framework,0
chloroform,vehicle,0
chloroform,guided,0
chloroform,end,0
chloroform,layer,0
chloroform,results,0
chloroform,learning,0
chloroform,subgraph,0
chloroform,ftir,0
chloroform,xps,0
chloroform,pose,0
chloroform,skeleton-based,0
chloroform,euler,0
chloroform,skeletongait,0
chloroform,graph-based,0
chloroform,informative,0
chloroform,dependencies,0
chloroform,proposed,0
chloroform,metsulfuron,0
chloroform,conduct,0
chloroform,meaningful,0
chloroform,revealed,0
chloroform,gcaru,0
chloroform,probability,0
chloroform,methodology,0
chloroform,spatial,0
chloroform,pubmed,0
chloroform,sentiments,0
chloroform,electron,0
chloroform,information,0
chloroform,evaluation,0
chloroform,role,0
chloroform,kinetoplastid,0
chloroform,unconventional,0
chloroform,mcc,0
chloroform,optimization,0
chloroform,relationships,0
chloroform,representation,0
chloroform,represent,0
chloroform,fenton,0
chloroform,generative,0
chloroform,dmax,0
chloroform,unifying,0
chloroform,embeddings,0
chloroform,laplacian,0
chloroform,topic,0
chloroform,updated,0
chloroform,global,0
chloroform,local,0
chloroform,deep,0
chloroform,training,0
chloroform,correlations,0
chloroform,u-net,0
chloroform,supervised,0
chloroform,error,0
chloroform,works,0
chloroform,generate,0
chloroform,showed,0
chloroform,psf,0
chloroform,optimal,0
chloroform,presentation,0
chloroform,indonesia,0
chloroform,pooling,0
chloroform,dataset,0
chloroform,intratesticular,0
chloroform,key,0
chloroform,human,0
chloroform,technique,0
chloroform,prediction,0
chloroform,factors,0
chloroform,propagation,0
chloroform,time,0
chloroform,daily,0
chloroform,learn,0
chloroform,neighbor,0
chloroform,evolution,0
chloroform,single-granular,0
chloroform,optical,0
chloroform,focus,0
chloroform,desirable,0
chloroform,modalities,0
chloroform,high,0
chloroform,module,0
chloroform,representations,0
chloroform,introduce,0
chloroform,neural,0
chloroform,expression,0
chloroform,user,0
chloroform,management,0
chloroform,predict,0
chloroform,feature,0
chloroform,set,0
chloroform,fully,0
chloroform,complex,0
chloroform,tumor,0
chloroform,target,0
chloroform,studies,0
chloroform,dense,0
chloroform,recognition,0
chloroform,identify,0
chloroform,convolution,0
chloroform,multiple,0
chloroform,ternary,0
chloroform,trend,0
chloroform,sparsity,0
chloroform,faces,0
chloroform,recent,0
chloroform,static,0
chloroform,gene,0
chloroform,surface,0
chloroform,significant,0
chloroform,immune,0
chloroform,knowledge,0
chloroform,temporal,0
chloroform,identification,0
chloroform,predicting,0
chloroform,number,0
chloroform,validate,0
chloroform,gat,0
chloroform,spatial-temporal,0
chloroform,single,0
chloroform,interaction,0
chloroform,layers,0
chloroform,task,0
chloroform,energy,0
chloroform,step,0
chloroform,machine,0
chloroform,traffic,0
chloroform,communication,0
chloroform,synthetic,0
chloroform,real,0
chloroform,visual,0
chloroform,layouts,0
chloroform,remote,0
chloroform,splitting,0
chloroform,parameters,0
chloroform,rgb,0
chloroform,improved,0
chloroform,show,0
chloroform,large,0
chloroform,processing,0
chloroform,conditions,0
chloroform,previous,0
chloroform,pairs,0
chloroform,employed,0
chloroform,include,0
chloroform,learns,0
chloroform,embedding,0
chloroform,photocatalytic,0
chloroform,structural,0
chloroform,success,0
chloroform,variation,0
chloroform,identifying,0
chloroform,important,0
chloroform,reactions,0
chloroform,memory,0
chloroform,unit,0
chloroform,gated,0
chloroform,patterns,0
chloroform,field,0
chloroform,correction,0
chloroform,constructing,0
chloroform,comprehensive,0
chloroform,great,0
chloroform,light,0
chloroform,functions,0
chloroform,targets,0
chloroform,multi-scale,0
chloroform,utilization,0
chloroform,structures,0
chloroform,neighbors,0
chloroform,part,0
chloroform,progress,0
chloroform,video,0
chloroform,focuses,0
chloroform,traditional,0
chloroform,stability,0
chloroform,sample,0
chloroform,designed,0
chloroform,pollutants,0
chloroform,diffusion,0
chloroform,tree,0
chloroform,motion,0
chloroform,types,0
chloroform,protein,0
chloroform,point,0
chloroform,reported,0
chloroform,remarkable,0
formed,intuitively,0
formed,variously,0
formed,wide,0
formed,mikae,0
formed,lutea,0
formed,input,0
formed,ignore,0
formed,low-pass,0
formed,metal,0
formed,water-splitting,0
formed,present,0
formed,literature,0
formed,rarely,0
formed,pharmacology,0
formed,published,0
formed,meiosis,0
formed,increasing,0
formed,gap,0
formed,roofs,0
formed,hyperlinks,0
formed,independently,0
formed,standards,0
formed,noise,0
formed,tcga,0
formed,pei-gcn,0
formed,gqa,0
formed,proposes,0
formed,membranes,0
formed,pharmacological,0
formed,three-dimensional,0
formed,node,0
formed,thousands,0
formed,hours,0
formed,owing,0
formed,roads,0
formed,tasks,0
formed,utilized,0
formed,seoul,0
formed,proteins,0
formed,time-consuming,0
formed,prohibitively,0
formed,psycholinguistic,0
formed,nitrogen-rich,0
formed,tubes,0
formed,liquid,0
formed,granger,0
formed,nodes,0
formed,smoothing,0
formed,households,0
formed,viable,0
formed,trna,0
formed,string,0
formed,sgc,0
formed,u-shaped,0
formed,samples,0
formed,pressure,0
formed,requirement,0
formed,numerous,0
formed,separation,0
formed,topologically,0
formed,wavelengths,0
formed,simultaneously,0
formed,markers,0
formed,n-acetyltransferase,0
formed,holes,0
formed,investigations,0
formed,trypanosoma,0
formed,sciences,0
formed,medica,0
formed,plant,0
formed,transformers,0
formed,harmful,0
formed,videos,0
formed,years,0
formed,language,0
formed,theory,0
formed,leading,0
formed,rely,0
formed,heavily,0
formed,hemisphere,0
formed,gps,0
formed,obu,0
formed,material,0
formed,heparin,0
formed,relation,0
formed,relations,0
formed,typically,0
formed,understanding,0
formed,imdb,0
formed,kitti,0
formed,s-triazine,0
formed,mscoco,0
formed,points,0
formed,photoreduction,0
formed,smiles,0
formed,technologies,0
formed,svm,0
formed,knn,0
formed,softmax,0
formed,patients,0
formed,patient,0
formed,rnas,0
formed,fourier,0
formed,initiative,0
formed,pca,0
formed,recently,0
formed,molecules,0
formed,molecule,0
formed,ntu,0
formed,unsupervised,0
formed,matthews,0
formed,secure,0
formed,nlp,0
formed,words,0
formed,transformer,0
formed,wiki,0
formed,nanosized,0
formed,surge,0
formed,skeleton,0
formed,framework,0
formed,vehicle,0
formed,guided,0
formed,layer,0
formed,subgraph,0
formed,xps,0
formed,pose,0
formed,skeleton-based,0
formed,skeletongait,0
formed,informative,0
formed,metsulfuron,0
formed,meaningful,0
formed,gcaru,0
formed,probability,0
formed,methodology,0
formed,pubmed,0
formed,sentiments,0
formed,role,0
formed,kinetoplastid,0
formed,unconventional,0
formed,mcc,0
formed,generative,0
formed,unifying,0
formed,laplacian,0
formed,updated,0
formed,training,0
formed,u-net,0
formed,supervised,0
formed,works,0
formed,generate,0
formed,psf,0
formed,optimal,0
formed,indonesia,0
formed,pooling,0
formed,intratesticular,0
formed,key,0
formed,human,0
formed,technique,0
formed,neighbor,0
formed,single-granular,0
formed,modalities,0
formed,module,0
formed,introduce,0
formed,management,0
formed,predict,0
formed,fully,0
formed,tumor,0
formed,target,0
formed,identify,0
formed,ternary,0
formed,trend,0
formed,recent,0
formed,gene,0
formed,surface,0
formed,immune,0
formed,identification,0
formed,predicting,0
formed,number,0
formed,validate,0
formed,gat,0
formed,single,0
formed,layers,0
formed,step,0
formed,machine,0
formed,synthetic,0
formed,visual,0
formed,layouts,0
formed,remote,0
formed,splitting,0
formed,parameters,0
formed,rgb,0
formed,improved,0
formed,processing,0
formed,previous,0
formed,pairs,0
formed,include,0
formed,learns,0
formed,structural,0
formed,success,0
formed,identifying,0
formed,unit,0
formed,patterns,0
formed,great,0
formed,targets,0
formed,multi-scale,0
formed,structures,0
formed,part,0
formed,progress,0
formed,video,0
formed,stability,0
formed,sample,0
formed,pollutants,0
formed,tree,0
formed,motion,0
formed,types,0
formed,point,0
formed,reported,0
formed,remarkable,0
escherichia,paper,0
escherichia,named,0
escherichia,methods,0
escherichia,intuitively,0
escherichia,inferred,0
escherichia,variously,0
escherichia,interacts,0
escherichia,mikae,0
escherichia,lutea,0
escherichia,input,0
escherichia,existing,0
escherichia,ignore,0
escherichia,graph,0
escherichia,low-pass,0
escherichia,metal,0
escherichia,water-splitting,0
escherichia,present,0
escherichia,literature,0
escherichia,rarely,0
escherichia,extract,0
escherichia,pharmacology,0
escherichia,published,0
escherichia,generally,0
escherichia,meiosis,0
escherichia,increasing,0
escherichia,reduced,0
escherichia,gap,0
escherichia,roofs,0
escherichia,hyperlinks,0
escherichia,independently,0
escherichia,explicitly,0
escherichia,obtained,0
escherichia,generated,0
escherichia,network,0
escherichia,standards,0
escherichia,networks,0
escherichia,noise,0
escherichia,extracting,0
escherichia,rna,0
escherichia,tcga,0
escherichia,pei-gcn,0
escherichia,gqa,0
escherichia,proposes,0
escherichia,membranes,0
escherichia,models,0
escherichia,result,0
escherichia,pharmacological,0
escherichia,three-dimensional,0
escherichia,problem,0
escherichia,node,0
escherichia,limited,0
escherichia,hours,0
escherichia,owing,0
escherichia,propose,0
escherichia,roads,0
escherichia,tasks,0
escherichia,utilized,0
escherichia,seoul,0
escherichia,time-consuming,0
escherichia,experimental,0
escherichia,prohibitively,0
escherichia,psycholinguistic,0
escherichia,heterojunction,0
escherichia,nitrogen-rich,0
escherichia,tubes,0
escherichia,liquid,0
escherichia,granger,0
escherichia,nodes,0
escherichia,established,0
escherichia,mixed,0
escherichia,self-healing,0
escherichia,similar,0
escherichia,smoothing,0
escherichia,perform,0
escherichia,households,0
escherichia,presents,0
escherichia,viable,0
escherichia,outperform,0
escherichia,string,0
escherichia,explore,0
escherichia,sgc,0
escherichia,u-shaped,0
escherichia,research,0
escherichia,pressure,0
escherichia,f-score,0
escherichia,requirement,0
escherichia,numerous,0
escherichia,topologically,0
escherichia,wavelengths,0
escherichia,sets,0
escherichia,markers,0
escherichia,holes,0
escherichia,resulting,0
escherichia,investigations,0
escherichia,trypanosoma,0
escherichia,sciences,0
escherichia,medica,0
escherichia,plant,0
escherichia,transformers,0
escherichia,videos,0
escherichia,features,0
escherichia,years,0
escherichia,language,0
escherichia,theory,0
escherichia,leading,0
escherichia,rely,0
escherichia,heavily,0
escherichia,hemisphere,0
escherichia,gps,0
escherichia,obu,0
escherichia,material,0
escherichia,gcns,0
escherichia,heparin,0
escherichia,relation,0
escherichia,relations,0
escherichia,firstly,0
escherichia,understanding,0
escherichia,imdb,0
escherichia,kitti,0
escherichia,s-triazine,0
escherichia,mscoco,0
escherichia,heterogeneous,0
escherichia,model,0
escherichia,points,0
escherichia,improve,0
escherichia,photoreduction,0
escherichia,ethereum,0
escherichia,lstm,0
escherichia,smiles,0
escherichia,technologies,0
escherichia,svm,0
escherichia,knn,0
escherichia,softmax,0
escherichia,formed,0
escherichia,euclidean,0
escherichia,patients,0
escherichia,patient,0
escherichia,similarity,0
escherichia,rnas,0
escherichia,initiative,0
escherichia,pca,0
escherichia,recently,0
escherichia,fixation,0
escherichia,molecules,0
escherichia,molecule,0
escherichia,ntu,0
escherichia,unsupervised,0
escherichia,matthews,0
escherichia,secure,0
escherichia,nlp,0
escherichia,words,0
escherichia,transformer,0
escherichia,wiki,0
escherichia,nanosized,0
escherichia,surge,0
escherichia,skeleton,0
escherichia,framework,0
escherichia,vehicle,0
escherichia,guided,0
escherichia,layer,0
escherichia,learning,0
escherichia,subgraph,0
escherichia,ftir,0
escherichia,xps,0
escherichia,skeleton-based,0
escherichia,euler,0
escherichia,skeletongait,0
escherichia,graph-based,0
escherichia,informative,0
escherichia,proposed,0
escherichia,metsulfuron,0
escherichia,meaningful,0
escherichia,gcaru,0
escherichia,probability,0
escherichia,methodology,0
escherichia,spatial,0
escherichia,pubmed,0
escherichia,sentiments,0
escherichia,information,0
escherichia,evaluation,0
escherichia,kinetoplastid,0
escherichia,unconventional,0
escherichia,mcc,0
escherichia,optimization,0
escherichia,relationships,0
escherichia,representation,0
escherichia,represent,0
escherichia,fenton,0
escherichia,generative,0
escherichia,unifying,0
escherichia,laplacian,0
escherichia,topic,0
escherichia,updated,0
escherichia,global,0
escherichia,local,0
escherichia,training,0
escherichia,u-net,0
escherichia,supervised,0
escherichia,works,0
escherichia,generate,0
escherichia,psf,0
escherichia,optimal,0
escherichia,presentation,0
escherichia,indonesia,0
escherichia,pooling,0
escherichia,intratesticular,0
escherichia,key,0
escherichia,human,0
escherichia,technique,0
escherichia,prediction,0
escherichia,factors,0
escherichia,propagation,0
escherichia,time,0
escherichia,learn,0
escherichia,neighbor,0
escherichia,evolution,0
escherichia,single-granular,0
escherichia,focus,0
escherichia,modalities,0
escherichia,module,0
escherichia,representations,0
escherichia,introduce,0
escherichia,neural,0
escherichia,expression,0
escherichia,user,0
escherichia,management,0
escherichia,predict,0
escherichia,feature,0
escherichia,set,0
escherichia,fully,0
escherichia,tumor,0
escherichia,studies,0
escherichia,recognition,0
escherichia,identify,0
escherichia,multiple,0
escherichia,ternary,0
escherichia,trend,0
escherichia,sparsity,0
escherichia,faces,0
escherichia,recent,0
escherichia,static,0
escherichia,gene,0
escherichia,immune,0
escherichia,knowledge,0
escherichia,temporal,0
escherichia,identification,0
escherichia,predicting,0
escherichia,number,0
escherichia,validate,0
escherichia,gat,0
escherichia,spatial-temporal,0
escherichia,single,0
escherichia,interaction,0
escherichia,layers,0
escherichia,task,0
escherichia,step,0
escherichia,machine,0
escherichia,traffic,0
escherichia,real,0
escherichia,visual,0
escherichia,layouts,0
escherichia,remote,0
escherichia,splitting,0
escherichia,rgb,0
escherichia,large,0
escherichia,processing,0
escherichia,previous,0
escherichia,include,0
escherichia,learns,0
escherichia,success,0
escherichia,variation,0
escherichia,identifying,0
escherichia,important,0
escherichia,reactions,0
escherichia,memory,0
escherichia,unit,0
escherichia,gated,0
escherichia,patterns,0
escherichia,field,0
escherichia,great,0
escherichia,functions,0
escherichia,multi-scale,0
escherichia,utilization,0
escherichia,structures,0
escherichia,neighbors,0
escherichia,part,0
escherichia,progress,0
escherichia,video,0
escherichia,focuses,0
escherichia,traditional,0
escherichia,stability,0
escherichia,sample,0
escherichia,tree,0
escherichia,motion,0
escherichia,types,0
escherichia,point,0
escherichia,reported,0
escherichia,remarkable,0
euclidean,intuitively,0
euclidean,inferred,0
euclidean,variously,0
euclidean,interacts,0
euclidean,mikae,0
euclidean,lutea,0
euclidean,low-pass,0
euclidean,metal,0
euclidean,water-splitting,0
euclidean,nitride,0
euclidean,literature,0
euclidean,rarely,0
euclidean,pharmacology,0
euclidean,published,0
euclidean,generally,0
euclidean,meiosis,0
euclidean,reduced,0
euclidean,roofs,0
euclidean,hyperlinks,0
euclidean,independently,0
euclidean,explicitly,0
euclidean,standards,0
euclidean,noise,0
euclidean,rna,0
euclidean,tcga,0
euclidean,pei-gcn,0
euclidean,gqa,0
euclidean,membranes,0
euclidean,result,0
euclidean,pharmacological,0
euclidean,three-dimensional,0
euclidean,fast,0
euclidean,recombination,0
euclidean,thousands,0
euclidean,hours,0
euclidean,roads,0
euclidean,seoul,0
euclidean,time-consuming,0
euclidean,prohibitively,0
euclidean,psycholinguistic,0
euclidean,heterojunction,0
euclidean,nitrogen-rich,0
euclidean,tubes,0
euclidean,liquid,0
euclidean,graphitic,0
euclidean,granger,0
euclidean,mixed,0
euclidean,excellent,0
euclidean,self-healing,0
euclidean,smoothing,0
euclidean,households,0
euclidean,viable,0
euclidean,trna,0
euclidean,string,0
euclidean,sgc,0
euclidean,u-shaped,0
euclidean,pressure,0
euclidean,f-score,0
euclidean,numerous,0
euclidean,separation,0
euclidean,topologically,0
euclidean,wavelengths,0
euclidean,markers,0
euclidean,n-acetyltransferase,0
euclidean,holes,0
euclidean,photocatalyst,0
euclidean,investigations,0
euclidean,trypanosoma,0
euclidean,sciences,0
euclidean,medica,0
euclidean,plant,0
euclidean,harmful,0
euclidean,videos,0
euclidean,language,0
euclidean,theory,0
euclidean,leading,0
euclidean,heavily,0
euclidean,hemisphere,0
euclidean,gps,0
euclidean,obu,0
euclidean,material,0
euclidean,heparin,0
euclidean,understanding,0
euclidean,kitti,0
euclidean,s-triazine,0
euclidean,mscoco,0
euclidean,heterogeneous,0
euclidean,photoreduction,0
euclidean,smiles,0
euclidean,technologies,0
euclidean,svm,0
euclidean,knn,0
euclidean,formed,0
euclidean,patients,0
euclidean,patient,0
euclidean,rnas,0
euclidean,fourier,0
euclidean,initiative,0
euclidean,pca,0
euclidean,fixation,0
euclidean,molecules,0
euclidean,molecule,0
euclidean,ntu,0
euclidean,unsupervised,0
euclidean,matthews,0
euclidean,secure,0
euclidean,nlp,0
euclidean,words,0
euclidean,transformer,0
euclidean,water,0
euclidean,wiki,0
euclidean,nanosized,0
euclidean,surge,0
euclidean,kinetics,0
euclidean,skeleton,0
euclidean,guided,0
euclidean,subgraph,0
euclidean,ftir,0
euclidean,xps,0
euclidean,pose,0
euclidean,skeleton-based,0
euclidean,skeletongait,0
euclidean,informative,0
euclidean,metsulfuron,0
euclidean,revealed,0
euclidean,gcaru,0
euclidean,methodology,0
euclidean,sentiments,0
euclidean,kinetoplastid,0
euclidean,unconventional,0
euclidean,optimization,0
euclidean,fenton,0
euclidean,generative,0
euclidean,unifying,0
euclidean,laplacian,0
euclidean,updated,0
euclidean,training,0
euclidean,u-net,0
euclidean,supervised,0
euclidean,works,0
euclidean,showed,0
euclidean,psf,0
euclidean,presentation,0
euclidean,indonesia,0
euclidean,pooling,0
euclidean,intratesticular,0
euclidean,human,0
euclidean,neighbor,0
euclidean,single-granular,0
euclidean,optical,0
euclidean,modalities,0
euclidean,expression,0
euclidean,tumor,0
euclidean,target,0
euclidean,identify,0
euclidean,ternary,0
euclidean,trend,0
euclidean,sparsity,0
euclidean,static,0
euclidean,gene,0
euclidean,surface,0
euclidean,immune,0
euclidean,gat,0
euclidean,step,0
euclidean,layouts,0
euclidean,splitting,0
euclidean,rgb,0
euclidean,pairs,0
euclidean,include,0
euclidean,photocatalytic,0
euclidean,variation,0
euclidean,identifying,0
euclidean,reactions,0
euclidean,unit,0
euclidean,gated,0
euclidean,light,0
euclidean,functions,0
euclidean,targets,0
euclidean,multi-scale,0
euclidean,neighbors,0
euclidean,video,0
euclidean,focuses,0
euclidean,stability,0
euclidean,sample,0
euclidean,pollutants,0
euclidean,tree,0
euclidean,motion,0
euclidean,types,0
euclidean,point,0
euclidean,reported,0
euclidean,remarkable,0
patients,variously,0
patients,wide,0
patients,water-splitting,0
patients,pharmacology,0
patients,roofs,0
patients,standards,0
patients,pei-gcn,0
patients,three-dimensional,0
patients,recombination,0
patients,thousands,0
patients,roads,0
patients,seoul,0
patients,prohibitively,0
patients,psycholinguistic,0
patients,tubes,0
patients,self-healing,0
patients,smoothing,0
patients,viable,0
patients,trna,0
patients,string,0
patients,sgc,0
patients,u-shaped,0
patients,requirement,0
patients,separation,0
patients,topologically,0
patients,wavelengths,0
patients,photocatalyst,0
patients,trypanosoma,0
patients,sciences,0
patients,plant,0
patients,transformers,0
patients,relation,0
patients,relations,0
patients,s-triazine,0
patients,photoreduction,0
patients,smiles,0
patients,rnas,0
patients,pca,0
patients,unsupervised,0
patients,secure,0
patients,words,0
patients,transformer,0
patients,water,0
patients,wiki,0
patients,surge,0
patients,vehicle,0
patients,subgraph,0
patients,xps,0
patients,skeleton-based,0
patients,skeletongait,0
patients,pubmed,0
patients,sentiments,0
patients,unconventional,0
patients,unifying,0
patients,psf,0
patients,single-granular,0
patients,ternary,0
patients,surface,0
patients,traffic,0
patients,splitting,0
patients,rgb,0
patients,photocatalytic,0
patients,utilization,0
patients,structures,0
patients,video,0
patients,pollutants,0
patients,tree,0
patients,remarkable,0
patient,variously,0
patient,water-splitting,0
patient,rarely,0
patient,roofs,0
patient,standards,0
patient,rna,0
patient,pei-gcn,0
patient,three-dimensional,0
patient,recombination,0
patient,thousands,0
patient,roads,0
patient,seoul,0
patient,proteins,0
patient,prohibitively,0
patient,psycholinguistic,0
patient,tubes,0
patient,self-healing,0
patient,smoothing,0
patient,perform,0
patient,presents,0
patient,viable,0
patient,trna,0
patient,string,0
patient,sgc,0
patient,u-shaped,0
patient,pressure,0
patient,requirement,0
patient,separation,0
patient,topologically,0
patient,wavelengths,0
patient,sets,0
patient,photocatalyst,0
patient,trypanosoma,0
patient,sciences,0
patient,plant,0
patient,relations,0
patient,typically,0
patient,understanding,0
patient,s-triazine,0
patient,sites,0
patient,points,0
patient,photoreduction,0
patient,smiles,0
patient,svm,0
patient,softmax,0
patient,rnas,0
patient,pca,0
patient,unsupervised,0
patient,secure,0
patient,words,0
patient,transformer,0
patient,water,0
patient,wiki,0
patient,surge,0
patient,skeleton,0
patient,vehicle,0
patient,subgraph,0
patient,xps,0
patient,pose,0
patient,skeleton-based,0
patient,skeletongait,0
patient,sentiments,0
patient,unconventional,0
patient,unifying,0
patient,u-net,0
patient,supervised,0
patient,psf,0
patient,presentation,0
patient,pooling,0
patient,propagation,0
patient,single-granular,0
patient,user,0
patient,ternary,0
patient,sparsity,0
patient,static,0
patient,surface,0
patient,spatial-temporal,0
patient,traffic,0
patient,remote,0
patient,splitting,0
patient,rgb,0
patient,processing,0
patient,photocatalytic,0
patient,variation,0
patient,unit,0
patient,targets,0
patient,utilization,0
patient,structures,0
patient,stability,0
patient,pollutants,0
patient,tree,0
patient,remarkable,0
similarity,variously,0
similarity,water-splitting,0
similarity,thousands,0
similarity,tubes,0
similarity,smoothing,0
similarity,viable,0
similarity,trna,0
similarity,u-shaped,0
similarity,topologically,0
similarity,wavelengths,0
similarity,trypanosoma,0
similarity,water,0
similarity,wiki,0
similarity,surge,0
similarity,vehicle,0
similarity,xps,0
similarity,skeleton-based,0
similarity,skeletongait,0
similarity,unconventional,0
similarity,unifying,0
similarity,updated,0
similarity,single-granular,0
similarity,ternary,0
similarity,trend,0
similarity,sparsity,0
similarity,surface,0
similarity,splitting,0
annotations,drug-drug,0
annotations,intuitively,0
annotations,inferred,0
annotations,variously,0
annotations,demonstrates,0
annotations,dual,0
annotations,interacts,0
annotations,mikae,0
annotations,eastern,0
annotations,bulbosa,0
annotations,colomatta,0
annotations,lutea,0
annotations,ignore,0
annotations,benefit,0
annotations,connecting,0
annotations,considered,0
annotations,low-pass,0
annotations,metal,0
annotations,cocatalyst-free,0
annotations,water-splitting,0
annotations,nitride,0
annotations,literature,0
annotations,rarely,0
annotations,concentrated,0
annotations,pharmacology,0
annotations,generally,0
annotations,meiosis,0
annotations,increasing,0
annotations,reduced,0
annotations,gap,0
annotations,roofs,0
annotations,cancers,0
annotations,hyperlinks,0
annotations,differently,0
annotations,obtained,0
annotations,continuation,0
annotations,standards,0
annotations,extracting,0
annotations,tcga,0
annotations,pei-gcn,0
annotations,gqa,0
annotations,proposes,0
annotations,assist,0
annotations,assessment,0
annotations,membranes,0
annotations,result,0
annotations,beneficial,0
annotations,pharmacological,0
annotations,three-dimensional,0
annotations,recombination,0
annotations,dempster-shafer,0
annotations,hours,0
annotations,owing,0
annotations,roads,0
annotations,utilized,0
annotations,determination,0
annotations,seoul,0
annotations,encoded,0
annotations,prohibitively,0
annotations,psycholinguistic,0
annotations,attack,0
annotations,heterojunction,0
annotations,nitrogen-rich,0
annotations,tubes,0
annotations,chemical,0
annotations,liquid,0
annotations,graphitic,0
annotations,granger,0
annotations,nodes,0
annotations,established,0
annotations,mixed,0
annotations,excellent,0
annotations,self-healing,0
annotations,dual-stimulus,0
annotations,similar,0
annotations,smoothing,0
annotations,perform,0
annotations,households,0
annotations,apartments,0
annotations,presents,0
annotations,viable,0
annotations,trna,0
annotations,outperform,0
annotations,cutting-thin,0
annotations,string,0
annotations,descriptor,0
annotations,sgc,0
annotations,u-shaped,0
annotations,samples,0
annotations,couplings,0
annotations,pressure,0
annotations,f-score,0
annotations,graphs,0
annotations,requirement,0
annotations,separation,0
annotations,topologically,0
annotations,wavelengths,0
annotations,simultaneously,0
annotations,markers,0
annotations,n-acetyltransferase,0
annotations,holes,0
annotations,resulting,0
annotations,photocatalyst,0
annotations,investigations,0
annotations,trypanosoma,0
annotations,sciences,0
annotations,medica,0
annotations,plant,0
annotations,transformers,0
annotations,harmful,0
annotations,videos,0
annotations,theory,0
annotations,hemisphere,0
annotations,gps,0
annotations,obu,0
annotations,material,0
annotations,heparin,0
annotations,relations,0
annotations,firstly,0
annotations,imdb,0
annotations,kitti,0
annotations,artifact,0
annotations,s-triazine,0
annotations,mscoco,0
annotations,heterogeneous,0
annotations,cnn,0
annotations,sites,0
annotations,cloud,0
annotations,efficiency,0
annotations,photoreduction,0
annotations,ethereum,0
annotations,lstm,0
annotations,smiles,0
annotations,bidirectional,0
annotations,catalysts,0
annotations,technologies,0
annotations,capacity,0
annotations,svm,0
annotations,knn,0
annotations,softmax,0
annotations,chloroform,0
annotations,formed,0
annotations,escherichia,0
annotations,euclidean,0
annotations,patient,0
annotations,rnas,0
annotations,fourier,0
annotations,initiative,0
annotations,pca,0
annotations,decades,0
annotations,fixation,0
annotations,molecules,0
annotations,molecule,0
annotations,ntu,0
annotations,edges,0
annotations,matthews,0
annotations,secure,0
annotations,words,0
annotations,system,0
annotations,water,0
annotations,wiki,0
annotations,nanosized,0
annotations,effectively,0
annotations,surge,0
annotations,data-driven,0
annotations,kinetics,0
annotations,dft,0
annotations,skeleton,0
annotations,canadian,0
annotations,vehicle,0
annotations,guided,0
annotations,end,0
annotations,layer,0
annotations,subgraph,0
annotations,ftir,0
annotations,xps,0
annotations,skeleton-based,0
annotations,euler,0
annotations,skeletongait,0
annotations,informative,0
annotations,dependencies,0
annotations,metsulfuron,0
annotations,conduct,0
annotations,revealed,0
annotations,gcaru,0
annotations,probability,0
annotations,methodology,0
annotations,pubmed,0
annotations,sentiments,0
annotations,electron,0
annotations,evaluation,0
annotations,role,0
annotations,kinetoplastid,0
annotations,unconventional,0
annotations,cgcnimp,0
annotations,mcc,0
annotations,auroc,0
annotations,auprc,0
annotations,optimization,0
annotations,represent,0
annotations,fenton,0
annotations,generative,0
annotations,dmax,0
annotations,unifying,0
annotations,embeddings,0
annotations,laplacian,0
annotations,topic,0
annotations,updated,0
annotations,correlations,0
annotations,u-net,0
annotations,error,0
annotations,showed,0
annotations,psf,0
annotations,optimal,0
annotations,presentation,0
annotations,indonesia,0
annotations,pooling,0
annotations,intratesticular,0
annotations,human,0
annotations,factors,0
annotations,propagation,0
annotations,time,0
annotations,daily,0
annotations,cfz,0
annotations,single-granular,0
annotations,optical,0
annotations,modalities,0
annotations,user,0
annotations,management,0
annotations,target,0
annotations,dense,0
annotations,identify,0
annotations,ternary,0
annotations,trend,0
annotations,sparsity,0
annotations,surface,0
annotations,immune,0
annotations,identification,0
annotations,gat,0
annotations,spatial-temporal,0
annotations,layers,0
annotations,energy,0
annotations,traffic,0
annotations,communication,0
annotations,synthetic,0
annotations,real,0
annotations,layouts,0
annotations,splitting,0
annotations,parameters,0
annotations,large,0
annotations,previous,0
annotations,pairs,0
annotations,include,0
annotations,captures,0
annotations,learns,0
annotations,embedding,0
annotations,photocatalytic,0
annotations,structural,0
annotations,variation,0
annotations,reactions,0
annotations,memory,0
annotations,unit,0
annotations,gated,0
annotations,correction,0
annotations,constructing,0
annotations,light,0
annotations,targets,0
annotations,architecture,0
annotations,multi-scale,0
annotations,utilization,0
annotations,neighbors,0
annotations,progress,0
annotations,video,0
annotations,traditional,0
annotations,stability,0
annotations,sample,0
annotations,pollutants,0
annotations,diffusion,0
annotations,tree,0
annotations,motion,0
annotations,types,0
annotations,reported,0
annotations,remarkable,0
annotations,center,0
annotations,bind,0
annotations,band,0
rnas,variously,0
rnas,wide,0
rnas,water-splitting,0
rnas,roofs,0
rnas,systems,0
rnas,standards,0
rnas,tcga,0
rnas,thousands,0
rnas,roads,0
rnas,seoul,0
rnas,tubes,0
rnas,self-healing,0
rnas,smoothing,0
rnas,viable,0
rnas,trna,0
rnas,string,0
rnas,sgc,0
rnas,u-shaped,0
rnas,separation,0
rnas,topologically,0
rnas,wavelengths,0
rnas,sets,0
rnas,simultaneously,0
rnas,trypanosoma,0
rnas,sciences,0
rnas,transformers,0
rnas,videos,0
rnas,years,0
rnas,theory,0
rnas,typically,0
rnas,understanding,0
rnas,s-triazine,0
rnas,sites,0
rnas,smiles,0
rnas,technologies,0
rnas,svm,0
rnas,softmax,0
rnas,unsupervised,0
rnas,secure,0
rnas,words,0
rnas,transformer,0
rnas,system,0
rnas,water,0
rnas,wiki,0
rnas,surge,0
rnas,skeleton,0
rnas,vehicle,0
rnas,subgraph,0
rnas,xps,0
rnas,skeleton-based,0
rnas,skeletongait,0
rnas,spatial,0
rnas,sentiments,0
rnas,unconventional,0
rnas,unifying,0
rnas,topic,0
rnas,u-net,0
rnas,supervised,0
rnas,technique,0
rnas,single-granular,0
rnas,user,0
rnas,tumor,0
rnas,target,0
rnas,ternary,0
rnas,trend,0
rnas,sparsity,0
rnas,static,0
rnas,surface,0
rnas,temporal,0
rnas,validate,0
rnas,spatial-temporal,0
rnas,single,0
rnas,task,0
rnas,traffic,0
rnas,synthetic,0
rnas,visual,0
rnas,splitting,0
rnas,show,0
rnas,variation,0
rnas,unit,0
rnas,targets,0
rnas,utilization,0
rnas,video,0
rnas,stability,0
rnas,sample,0
rnas,types,0
algorithms,drug-drug,0
algorithms,intuitively,0
algorithms,variously,0
algorithms,dual,0
algorithms,anchored,0
algorithms,interacts,0
algorithms,mikae,0
algorithms,eastern,0
algorithms,bulbosa,0
algorithms,colomatta,0
algorithms,lutea,0
algorithms,benefit,0
algorithms,connecting,0
algorithms,low-pass,0
algorithms,cocatalyst-free,0
algorithms,water-splitting,0
algorithms,nitride,0
algorithms,pharmacology,0
algorithms,curated,0
algorithms,meiosis,0
algorithms,roofs,0
algorithms,hyperlinks,0
algorithms,differently,0
algorithms,explicitly,0
algorithms,continuation,0
algorithms,standards,0
algorithms,pei-gcn,0
algorithms,gqa,0
algorithms,assist,0
algorithms,membranes,0
algorithms,beneficial,0
algorithms,pharmacological,0
algorithms,recombination,0
algorithms,dempster-shafer,0
algorithms,thousands,0
algorithms,roads,0
algorithms,determination,0
algorithms,seoul,0
algorithms,proteins,0
algorithms,prohibitively,0
algorithms,psycholinguistic,0
algorithms,heterojunction,0
algorithms,nitrogen-rich,0
algorithms,tubes,0
algorithms,liquid,0
algorithms,graphitic,0
algorithms,granger,0
algorithms,self-healing,0
algorithms,dual-stimulus,0
algorithms,households,0
algorithms,apartments,0
algorithms,trna,0
algorithms,cutting-thin,0
algorithms,string,0
algorithms,descriptor,0
algorithms,sgc,0
algorithms,u-shaped,0
algorithms,couplings,0
algorithms,pressure,0
algorithms,f-score,0
algorithms,topologically,0
algorithms,wavelengths,0
algorithms,markers,0
algorithms,n-acetyltransferase,0
algorithms,holes,0
algorithms,photocatalyst,0
algorithms,trypanosoma,0
algorithms,sciences,0
algorithms,medica,0
algorithms,plant,0
algorithms,harmful,0
algorithms,hemisphere,0
algorithms,gps,0
algorithms,obu,0
algorithms,heparin,0
algorithms,relation,0
algorithms,imdb,0
algorithms,kitti,0
algorithms,artifact,0
algorithms,s-triazine,0
algorithms,mscoco,0
algorithms,sites,0
algorithms,photoreduction,0
algorithms,smiles,0
algorithms,bidirectional,0
algorithms,catalysts,0
algorithms,capacity,0
algorithms,chloroform,0
algorithms,formed,0
algorithms,escherichia,0
algorithms,annotations,0
algorithms,fourier,0
algorithms,pca,0
algorithms,decades,0
algorithms,copy,0
algorithms,fixation,0
algorithms,ntu,0
algorithms,matthews,0
algorithms,secure,0
algorithms,nlp,0
algorithms,words,0
algorithms,nanosized,0
algorithms,data-driven,0
algorithms,kinetics,0
algorithms,canadian,0
algorithms,ftir,0
algorithms,xps,0
algorithms,euler,0
algorithms,skeletongait,0
algorithms,metsulfuron,0
algorithms,revealed,0
algorithms,gcaru,0
algorithms,sentiments,0
algorithms,electron,0
algorithms,kinetoplastid,0
algorithms,unconventional,0
algorithms,cgcnimp,0
algorithms,mcc,0
algorithms,auroc,0
algorithms,auprc,0
algorithms,fenton,0
algorithms,dmax,0
algorithms,u-net,0
algorithms,psf,0
algorithms,indonesia,0
algorithms,intratesticular,0
algorithms,aminoacyl,0
algorithms,cfz,0
algorithms,desirable,0
algorithms,ternary,0
algorithms,faces,0
algorithms,layouts,0
algorithms,splitting,0
algorithms,pairs,0
algorithms,photocatalytic,0
algorithms,correction,0
algorithms,annotation,0
algorithms,tree,0
algorithms,protein,0
algorithms,center,0
algorithms,bind,0
algorithms,band,0
fourier,paper,0
fourier,named,0
fourier,intuitively,0
fourier,inferred,0
fourier,variously,0
fourier,specifically,0
fourier,interacts,0
fourier,mikae,0
fourier,lutea,0
fourier,input,0
fourier,ignore,0
fourier,low-pass,0
fourier,water-splitting,0
fourier,literature,0
fourier,rarely,0
fourier,pharmacology,0
fourier,generally,0
fourier,meiosis,0
fourier,increasing,0
fourier,gap,0
fourier,roofs,0
fourier,hyperlinks,0
fourier,independently,0
fourier,obtained,0
fourier,generated,0
fourier,systems,0
fourier,standards,0
fourier,networks,0
fourier,noise,0
fourier,rna,0
fourier,tcga,0
fourier,pei-gcn,0
fourier,gqa,0
fourier,membranes,0
fourier,result,0
fourier,pharmacological,0
fourier,three-dimensional,0
fourier,limited,0
fourier,real-world,0
fourier,thousands,0
fourier,hours,0
fourier,owing,0
fourier,propose,0
fourier,roads,0
fourier,tasks,0
fourier,utilized,0
fourier,seoul,0
fourier,proteins,0
fourier,time-consuming,0
fourier,prohibitively,0
fourier,psycholinguistic,0
fourier,heterojunction,0
fourier,nitrogen-rich,0
fourier,tubes,0
fourier,liquid,0
fourier,granger,0
fourier,nodes,0
fourier,self-healing,0
fourier,smoothing,0
fourier,perform,0
fourier,households,0
fourier,presents,0
fourier,viable,0
fourier,trna,0
fourier,outperform,0
fourier,string,0
fourier,sgc,0
fourier,u-shaped,0
fourier,pressure,0
fourier,graphs,0
fourier,requirement,0
fourier,numerous,0
fourier,topologically,0
fourier,wavelengths,0
fourier,sets,0
fourier,simultaneously,0
fourier,markers,0
fourier,n-acetyltransferase,0
fourier,holes,0
fourier,investigations,0
fourier,trypanosoma,0
fourier,sciences,0
fourier,medica,0
fourier,plant,0
fourier,transformers,0
fourier,videos,0
fourier,years,0
fourier,language,0
fourier,theory,0
fourier,leading,0
fourier,rely,0
fourier,heavily,0
fourier,hemisphere,0
fourier,gps,0
fourier,obu,0
fourier,gcns,0
fourier,heparin,0
fourier,relation,0
fourier,relations,0
fourier,typically,0
fourier,imdb,0
fourier,kitti,0
fourier,s-triazine,0
fourier,mscoco,0
fourier,sites,0
fourier,points,0
fourier,improve,0
fourier,photoreduction,0
fourier,smiles,0
fourier,technologies,0
fourier,svm,0
fourier,knn,0
fourier,softmax,0
fourier,patients,0
fourier,patient,0
fourier,similarity,0
fourier,rnas,0
fourier,initiative,0
fourier,pca,0
fourier,recently,0
fourier,molecules,0
fourier,molecule,0
fourier,ntu,0
fourier,unsupervised,0
fourier,matthews,0
fourier,secure,0
fourier,nlp,0
fourier,words,0
fourier,transformer,0
fourier,wiki,0
fourier,nanosized,0
fourier,surge,0
fourier,kinetics,0
fourier,skeleton,0
fourier,framework,0
fourier,vehicle,0
fourier,guided,0
fourier,layer,0
fourier,learning,0
fourier,subgraph,0
fourier,pose,0
fourier,skeleton-based,0
fourier,skeletongait,0
fourier,graph-based,0
fourier,informative,0
fourier,metsulfuron,0
fourier,meaningful,0
fourier,revealed,0
fourier,gcaru,0
fourier,probability,0
fourier,pubmed,0
fourier,sentiments,0
fourier,role,0
fourier,kinetoplastid,0
fourier,unconventional,0
fourier,mcc,0
fourier,relationships,0
fourier,representation,0
fourier,represent,0
fourier,generative,0
fourier,unifying,0
fourier,laplacian,0
fourier,topic,0
fourier,updated,0
fourier,global,0
fourier,local,0
fourier,training,0
fourier,u-net,0
fourier,supervised,0
fourier,works,0
fourier,generate,0
fourier,psf,0
fourier,optimal,0
fourier,presentation,0
fourier,indonesia,0
fourier,pooling,0
fourier,intratesticular,0
fourier,key,0
fourier,human,0
fourier,technique,0
fourier,propagation,0
fourier,learn,0
fourier,neighbor,0
fourier,single-granular,0
fourier,modalities,0
fourier,module,0
fourier,representations,0
fourier,introduce,0
fourier,user,0
fourier,management,0
fourier,predict,0
fourier,set,0
fourier,fully,0
fourier,tumor,0
fourier,target,0
fourier,studies,0
fourier,recognition,0
fourier,identify,0
fourier,trend,0
fourier,sparsity,0
fourier,recent,0
fourier,static,0
fourier,gene,0
fourier,significant,0
fourier,immune,0
fourier,knowledge,0
fourier,identification,0
fourier,number,0
fourier,validate,0
fourier,gat,0
fourier,spatial-temporal,0
fourier,single,0
fourier,layers,0
fourier,task,0
fourier,step,0
fourier,machine,0
fourier,traffic,0
fourier,real,0
fourier,visual,0
fourier,layouts,0
fourier,remote,0
fourier,splitting,0
fourier,rgb,0
fourier,show,0
fourier,processing,0
fourier,previous,0
fourier,pairs,0
fourier,include,0
fourier,learns,0
fourier,success,0
fourier,identifying,0
fourier,important,0
fourier,reactions,0
fourier,memory,0
fourier,unit,0
fourier,gated,0
fourier,patterns,0
fourier,functions,0
fourier,targets,0
fourier,multi-scale,0
fourier,utilization,0
fourier,structures,0
fourier,neighbors,0
fourier,part,0
fourier,progress,0
fourier,video,0
fourier,traditional,0
fourier,tree,0
fourier,motion,0
fourier,protein,0
fourier,point,0
fourier,reported,0
initiative,intuitively,0
initiative,variously,0
initiative,wide,0
initiative,interacts,0
initiative,mikae,0
initiative,lutea,0
initiative,low-pass,0
initiative,metal,0
initiative,water-splitting,0
initiative,nitride,0
initiative,rarely,0
initiative,pharmacology,0
initiative,published,0
initiative,meiosis,0
initiative,roofs,0
initiative,obtained,0
initiative,standards,0
initiative,noise,0
initiative,rna,0
initiative,tcga,0
initiative,pei-gcn,0
initiative,membranes,0
initiative,pharmacological,0
initiative,limited,0
initiative,recombination,0
initiative,thousands,0
initiative,owing,0
initiative,roads,0
initiative,seoul,0
initiative,proteins,0
initiative,time-consuming,0
initiative,prohibitively,0
initiative,psycholinguistic,0
initiative,nitrogen-rich,0
initiative,tubes,0
initiative,liquid,0
initiative,work,0
initiative,mixed,0
initiative,self-healing,0
initiative,similar,0
initiative,smoothing,0
initiative,strategy,0
initiative,presents,0
initiative,viable,0
initiative,trna,0
initiative,outperform,0
initiative,string,0
initiative,sgc,0
initiative,pressure,0
initiative,requirement,0
initiative,separation,0
initiative,topologically,0
initiative,wavelengths,0
initiative,sets,0
initiative,n-acetyltransferase,0
initiative,photocatalyst,0
initiative,investigations,0
initiative,trypanosoma,0
initiative,sciences,0
initiative,medica,0
initiative,plant,0
initiative,transformers,0
initiative,videos,0
initiative,language,0
initiative,theory,0
initiative,rely,0
initiative,obu,0
initiative,material,0
initiative,relation,0
initiative,relations,0
initiative,typically,0
initiative,understanding,0
initiative,kitti,0
initiative,s-triazine,0
initiative,mscoco,0
initiative,sites,0
initiative,points,0
initiative,photoreduction,0
initiative,lstm,0
initiative,smiles,0
initiative,technologies,0
initiative,svm,0
initiative,knn,0
initiative,softmax,0
initiative,rnas,0
initiative,molecules,0
initiative,molecule,0
initiative,ntu,0
initiative,unsupervised,0
initiative,matthews,0
initiative,secure,0
initiative,nlp,0
initiative,transformer,0
initiative,water,0
initiative,wiki,0
initiative,nanosized,0
initiative,surge,0
initiative,kinetics,0
initiative,skeleton,0
initiative,vehicle,0
initiative,subgraph,0
initiative,xps,0
initiative,pose,0
initiative,skeleton-based,0
initiative,skeletongait,0
initiative,metsulfuron,0
initiative,meaningful,0
initiative,revealed,0
initiative,probability,0
initiative,methodology,0
initiative,pubmed,0
initiative,sentiments,0
initiative,role,0
initiative,kinetoplastid,0
initiative,unconventional,0
initiative,mcc,0
initiative,unifying,0
initiative,laplacian,0
initiative,topic,0
initiative,updated,0
initiative,u-net,0
initiative,supervised,0
initiative,works,0
initiative,psf,0
initiative,presentation,0
initiative,pooling,0
initiative,intratesticular,0
initiative,key,0
initiative,technique,0
initiative,propagation,0
initiative,single-granular,0
initiative,optical,0
initiative,module,0
initiative,user,0
initiative,management,0
initiative,tumor,0
initiative,target,0
initiative,recognition,0
initiative,ternary,0
initiative,trend,0
initiative,sparsity,0
initiative,static,0
initiative,surface,0
initiative,predicting,0
initiative,spatial-temporal,0
initiative,single,0
initiative,interaction,0
initiative,step,0
initiative,traffic,0
initiative,synthetic,0
initiative,visual,0
initiative,layouts,0
initiative,remote,0
initiative,splitting,0
initiative,parameters,0
initiative,rgb,0
initiative,pairs,0
initiative,photocatalytic,0
initiative,success,0
initiative,variation,0
initiative,reactions,0
initiative,memory,0
initiative,unit,0
initiative,light,0
initiative,targets,0
initiative,utilization,0
initiative,structures,0
initiative,neighbors,0
initiative,part,0
initiative,progress,0
initiative,video,0
initiative,stability,0
initiative,pollutants,0
initiative,tree,0
initiative,motion,0
initiative,protein,0
initiative,point,0
initiative,remarkable,0
pca,variously,0
pca,wide,0
pca,specifically,0
pca,water-splitting,0
pca,rarely,0
pca,pharmacology,0
pca,published,0
pca,roofs,0
pca,systems,0
pca,standards,0
pca,rna,0
pca,tcga,0
pca,pei-gcn,0
pca,proposes,0
pca,result,0
pca,pharmacological,0
pca,three-dimensional,0
pca,recombination,0
pca,real-world,0
pca,thousands,0
pca,roads,0
pca,tasks,0
pca,utilized,0
pca,process,0
pca,seoul,0
pca,time-consuming,0
pca,prohibitively,0
pca,psycholinguistic,0
pca,tubes,0
pca,self-healing,0
pca,smoothing,0
pca,perform,0
pca,strategy,0
pca,presents,0
pca,viable,0
pca,trna,0
pca,string,0
pca,sgc,0
pca,u-shaped,0
pca,samples,0
pca,pressure,0
pca,requirement,0
pca,separation,0
pca,topologically,0
pca,wavelengths,0
pca,sets,0
pca,simultaneously,0
pca,resulting,0
pca,photocatalyst,0
pca,trypanosoma,0
pca,sciences,0
pca,plant,0
pca,transformers,0
pca,videos,0
pca,theory,0
pca,rely,0
pca,relation,0
pca,relations,0
pca,typically,0
pca,understanding,0
pca,s-triazine,0
pca,sites,0
pca,points,0
pca,photoreduction,0
pca,smiles,0
pca,technologies,0
pca,svm,0
pca,softmax,0
pca,unsupervised,0
pca,secure,0
pca,words,0
pca,transformer,0
pca,system,0
pca,water,0
pca,wiki,0
pca,surge,0
pca,skeleton,0
pca,vehicle,0
pca,subgraph,0
pca,xps,0
pca,pose,0
pca,skeleton-based,0
pca,skeletongait,0
pca,revealed,0
pca,probability,0
pca,pubmed,0
pca,sentiments,0
pca,role,0
pca,unconventional,0
pca,relationships,0
pca,representation,0
pca,represent,0
pca,unifying,0
pca,topic,0
pca,updated,0
pca,u-net,0
pca,supervised,0
pca,works,0
pca,psf,0
pca,presentation,0
pca,pooling,0
pca,technique,0
pca,propagation,0
pca,single-granular,0
pca,representations,0
pca,user,0
pca,set,0
pca,tumor,0
pca,target,0
pca,recognition,0
pca,ternary,0
pca,trend,0
pca,sparsity,0
pca,static,0
pca,surface,0
pca,significant,0
pca,temporal,0
pca,predicting,0
pca,validate,0
pca,spatial-temporal,0
pca,single,0
pca,task,0
pca,step,0
pca,traffic,0
pca,synthetic,0
pca,real,0
pca,visual,0
pca,remote,0
pca,splitting,0
pca,rgb,0
pca,show,0
pca,processing,0
pca,photocatalytic,0
pca,success,0
pca,variation,0
pca,reactions,0
pca,unit,0
pca,targets,0
pca,utilization,0
pca,progress,0
pca,video,0
pca,stability,0
pca,sample,0
pca,pollutants,0
pca,tree,0
pca,types,0
pca,protein,0
pca,point,0
pca,reported,0
pca,remarkable,0
decades,drug-drug,0
decades,named,0
decades,intuitively,0
decades,inferred,0
decades,variously,0
decades,wide,0
decades,demonstrates,0
decades,dual,0
decades,interacts,0
decades,mikae,0
decades,eastern,0
decades,lutea,0
decades,low-pass,0
decades,metal,0
decades,water-splitting,0
decades,nitride,0
decades,literature,0
decades,rarely,0
decades,pharmacology,0
decades,published,0
decades,generally,0
decades,meiosis,0
decades,reduced,0
decades,gap,0
decades,roofs,0
decades,hyperlinks,0
decades,differently,0
decades,explicitly,0
decades,generated,0
decades,standards,0
decades,tcga,0
decades,pei-gcn,0
decades,gqa,0
decades,membranes,0
decades,pharmacological,0
decades,node,0
decades,limited,0
decades,fast,0
decades,recombination,0
decades,dempster-shafer,0
decades,thousands,0
decades,hours,0
decades,owing,0
decades,roads,0
decades,determination,0
decades,seoul,0
decades,encoded,0
decades,time-consuming,0
decades,prohibitively,0
decades,elsevier,0
decades,psycholinguistic,0
decades,heterojunction,0
decades,nitrogen-rich,0
decades,tubes,0
decades,liquid,0
decades,graphitic,0
decades,granger,0
decades,mixed,0
decades,self-healing,0
decades,dual-stimulus,0
decades,smoothing,0
decades,households,0
decades,presents,0
decades,viable,0
decades,trna,0
decades,string,0
decades,descriptor,0
decades,explore,0
decades,sgc,0
decades,u-shaped,0
decades,pressure,0
decades,f-score,0
decades,requirement,0
decades,separation,0
decades,topologically,0
decades,wavelengths,0
decades,sets,0
decades,markers,0
decades,n-acetyltransferase,0
decades,investigations,0
decades,trypanosoma,0
decades,sciences,0
decades,medica,0
decades,plant,0
decades,transformers,0
decades,videos,0
decades,theory,0
decades,rely,0
decades,decisions,0
decades,heavily,0
decades,hemisphere,0
decades,gps,0
decades,obu,0
decades,heparin,0
decades,relation,0
decades,typically,0
decades,firstly,0
decades,imdb,0
decades,kitti,0
decades,s-triazine,0
decades,mscoco,0
decades,sites,0
decades,points,0
decades,photoreduction,0
decades,ethereum,0
decades,lstm,0
decades,smiles,0
decades,svm,0
decades,knn,0
decades,softmax,0
decades,formed,0
decades,euclidean,0
decades,patient,0
decades,rnas,0
decades,initiative,0
decades,pca,0
decades,fixation,0
decades,ntu,0
decades,edges,0
decades,unsupervised,0
decades,matthews,0
decades,secure,0
decades,words,0
decades,transformer,0
decades,wiki,0
decades,nanosized,0
decades,surge,0
decades,kinetics,0
decades,dft,0
decades,skeleton,0
decades,vehicle,0
decades,guided,0
decades,end,0
decades,layer,0
decades,subgraph,0
decades,xps,0
decades,pose,0
decades,skeleton-based,0
decades,euler,0
decades,skeletongait,0
decades,informative,0
decades,dependencies,0
decades,metsulfuron,0
decades,meaningful,0
decades,revealed,0
decades,gcaru,0
decades,methodology,0
decades,pubmed,0
decades,sentiments,0
decades,electron,0
decades,kinetoplastid,0
decades,unconventional,0
decades,mcc,0
decades,optimization,0
decades,representation,0
decades,represent,0
decades,fenton,0
decades,generative,0
decades,dmax,0
decades,unifying,0
decades,laplacian,0
decades,topic,0
decades,updated,0
decades,training,0
decades,u-net,0
decades,supervised,0
decades,works,0
decades,generate,0
decades,psf,0
decades,optimal,0
decades,presentation,0
decades,indonesia,0
decades,pooling,0
decades,intratesticular,0
decades,technique,0
decades,propagation,0
decades,evolution,0
decades,single-granular,0
decades,focus,0
decades,modalities,0
decades,introduce,0
decades,expression,0
decades,user,0
decades,management,0
decades,set,0
decades,tumor,0
decades,target,0
decades,ternary,0
decades,trend,0
decades,sparsity,0
decades,faces,0
decades,predicting,0
decades,spatial-temporal,0
decades,layers,0
decades,real,0
decades,visual,0
decades,layouts,0
decades,remote,0
decades,splitting,0
decades,parameters,0
decades,rgb,0
decades,pairs,0
decades,employed,0
decades,success,0
decades,variation,0
decades,memory,0
decades,unit,0
decades,gated,0
decades,great,0
decades,targets,0
decades,multi-scale,0
decades,utilization,0
decades,neighbors,0
decades,part,0
decades,progress,0
decades,video,0
decades,focuses,0
decades,traditional,0
decades,sample,0
decades,diffusion,0
decades,motion,0
decades,remarkable,0
copy,drug-drug,0
copy,named,0
copy,intuitively,0
copy,inferred,0
copy,variously,0
copy,dual,0
copy,interacts,0
copy,mikae,0
copy,eastern,0
copy,lutea,0
copy,low-pass,0
copy,metal,0
copy,water-splitting,0
copy,literature,0
copy,rarely,0
copy,extract,0
copy,pharmacology,0
copy,curated,0
copy,generally,0
copy,meiosis,0
copy,increasing,0
copy,gap,0
copy,roofs,0
copy,hyperlinks,0
copy,differently,0
copy,generated,0
copy,standards,0
copy,extracting,0
copy,pei-gcn,0
copy,gqa,0
copy,membranes,0
copy,pharmacological,0
copy,three-dimensional,0
copy,fast,0
copy,recombination,0
copy,dempster-shafer,0
copy,thousands,0
copy,hours,0
copy,roads,0
copy,tasks,0
copy,utilized,0
copy,determination,0
copy,seoul,0
copy,encoded,0
copy,time-consuming,0
copy,prohibitively,0
copy,psycholinguistic,0
copy,heterojunction,0
copy,nitrogen-rich,0
copy,tubes,0
copy,liquid,0
copy,granger,0
copy,established,0
copy,mixed,0
copy,excellent,0
copy,self-healing,0
copy,dual-stimulus,0
copy,smoothing,0
copy,households,0
copy,viable,0
copy,trna,0
copy,cutting-thin,0
copy,string,0
copy,descriptor,0
copy,sgc,0
copy,u-shaped,0
copy,couplings,0
copy,f-score,0
copy,requirement,0
copy,numerous,0
copy,separation,0
copy,topologically,0
copy,wavelengths,0
copy,sets,0
copy,simultaneously,0
copy,markers,0
copy,n-acetyltransferase,0
copy,holes,0
copy,photocatalyst,0
copy,investigations,0
copy,trypanosoma,0
copy,sciences,0
copy,medica,0
copy,plant,0
copy,harmful,0
copy,videos,0
copy,language,0
copy,theory,0
copy,rely,0
copy,heavily,0
copy,hemisphere,0
copy,gps,0
copy,obu,0
copy,heparin,0
copy,relation,0
copy,relations,0
copy,firstly,0
copy,understanding,0
copy,imdb,0
copy,kitti,0
copy,s-triazine,0
copy,mscoco,0
copy,points,0
copy,efficiency,0
copy,photoreduction,0
copy,ethereum,0
copy,lstm,0
copy,smiles,0
copy,svm,0
copy,knn,0
copy,softmax,0
copy,formed,0
copy,escherichia,0
copy,euclidean,0
copy,rnas,0
copy,fourier,0
copy,initiative,0
copy,pca,0
copy,decades,0
copy,fixation,0
copy,molecule,0
copy,ntu,0
copy,edges,0
copy,unsupervised,0
copy,matthews,0
copy,nlp,0
copy,water,0
copy,wiki,0
copy,nanosized,0
copy,surge,0
copy,data-driven,0
copy,kinetics,0
copy,dft,0
copy,vehicle,0
copy,guided,0
copy,subgraph,0
copy,pose,0
copy,skeleton-based,0
copy,euler,0
copy,skeletongait,0
copy,informative,0
copy,dependencies,0
copy,metsulfuron,0
copy,gcaru,0
copy,probability,0
copy,spatial,0
copy,pubmed,0
copy,sentiments,0
copy,kinetoplastid,0
copy,unconventional,0
copy,mcc,0
copy,optimization,0
copy,fenton,0
copy,dmax,0
copy,unifying,0
copy,laplacian,0
copy,updated,0
copy,u-net,0
copy,supervised,0
copy,error,0
copy,works,0
copy,psf,0
copy,optimal,0
copy,presentation,0
copy,indonesia,0
copy,pooling,0
copy,dataset,0
copy,intratesticular,0
copy,daily,0
copy,neighbor,0
copy,evolution,0
copy,single-granular,0
copy,optical,0
copy,desirable,0
copy,modalities,0
copy,module,0
copy,set,0
copy,ternary,0
copy,sparsity,0
copy,faces,0
copy,immune,0
copy,gat,0
copy,step,0
copy,machine,0
copy,remote,0
copy,splitting,0
copy,rgb,0
copy,improved,0
copy,processing,0
copy,pairs,0
copy,include,0
copy,embedding,0
copy,photocatalytic,0
copy,success,0
copy,reactions,0
copy,memory,0
copy,correction,0
copy,light,0
copy,functions,0
copy,targets,0
copy,multi-scale,0
copy,utilization,0
copy,neighbors,0
copy,progress,0
copy,video,0
copy,focuses,0
copy,diffusion,0
copy,motion,0
copy,remarkable,0
recently,variously,0
recently,water-splitting,0
recently,roofs,0
recently,standards,0
recently,three-dimensional,0
recently,recombination,0
recently,thousands,0
recently,roads,0
recently,seoul,0
recently,tubes,0
recently,self-healing,0
recently,viable,0
recently,trna,0
recently,string,0
recently,u-shaped,0
recently,requirement,0
recently,separation,0
recently,topologically,0
recently,wavelengths,0
recently,trypanosoma,0
recently,transformers,0
recently,s-triazine,0
recently,smiles,0
recently,svm,0
recently,wiki,0
recently,surge,0
recently,skeletongait,0
recently,unconventional,0
recently,unifying,0
recently,u-net,0
recently,single-granular,0
recently,ternary,0
recently,splitting,0
recently,variation,0
recently,targets,0
fixation,paper,0
fixation,named,0
fixation,methods,0
fixation,intuitively,0
fixation,inferred,0
fixation,variously,0
fixation,wide,0
fixation,specifically,0
fixation,interacts,0
fixation,mikae,0
fixation,lutea,0
fixation,input,0
fixation,ignore,0
fixation,graph,0
fixation,low-pass,0
fixation,metal,0
fixation,water-splitting,0
fixation,present,0
fixation,literature,0
fixation,rarely,0
fixation,pharmacology,0
fixation,meiosis,0
fixation,increasing,0
fixation,reduced,0
fixation,gap,0
fixation,roofs,0
fixation,hyperlinks,0
fixation,independently,0
fixation,generated,0
fixation,systems,0
fixation,network,0
fixation,networks,0
fixation,noise,0
fixation,rna,0
fixation,tcga,0
fixation,pei-gcn,0
fixation,gqa,0
fixation,proposes,0
fixation,membranes,0
fixation,models,0
fixation,pharmacological,0
fixation,three-dimensional,0
fixation,problem,0
fixation,node,0
fixation,limited,0
fixation,recombination,0
fixation,real-world,0
fixation,thousands,0
fixation,hours,0
fixation,owing,0
fixation,roads,0
fixation,tasks,0
fixation,utilized,0
fixation,process,0
fixation,seoul,0
fixation,proteins,0
fixation,time-consuming,0
fixation,prohibitively,0
fixation,psycholinguistic,0
fixation,heterojunction,0
fixation,nitrogen-rich,0
fixation,tubes,0
fixation,liquid,0
fixation,granger,0
fixation,nodes,0
fixation,mixed,0
fixation,self-healing,0
fixation,similar,0
fixation,smoothing,0
fixation,perform,0
fixation,households,0
fixation,study,0
fixation,viable,0
fixation,trna,0
fixation,outperform,0
fixation,string,0
fixation,sgc,0
fixation,u-shaped,0
fixation,samples,0
fixation,research,0
fixation,pressure,0
fixation,graphs,0
fixation,requirement,0
fixation,numerous,0
fixation,topologically,0
fixation,wavelengths,0
fixation,sets,0
fixation,simultaneously,0
fixation,markers,0
fixation,n-acetyltransferase,0
fixation,holes,0
fixation,resulting,0
fixation,photocatalyst,0
fixation,investigations,0
fixation,trypanosoma,0
fixation,sciences,0
fixation,medica,0
fixation,plant,0
fixation,transformers,0
fixation,harmful,0
fixation,videos,0
fixation,years,0
fixation,language,0
fixation,theory,0
fixation,leading,0
fixation,rely,0
fixation,heavily,0
fixation,hemisphere,0
fixation,gps,0
fixation,obu,0
fixation,material,0
fixation,gcns,0
fixation,heparin,0
fixation,relation,0
fixation,relations,0
fixation,typically,0
fixation,understanding,0
fixation,imdb,0
fixation,kitti,0
fixation,s-triazine,0
fixation,mscoco,0
fixation,heterogeneous,0
fixation,model,0
fixation,points,0
fixation,improve,0
fixation,photoreduction,0
fixation,lstm,0
fixation,smiles,0
fixation,technologies,0
fixation,svm,0
fixation,knn,0
fixation,softmax,0
fixation,formed,0
fixation,patients,0
fixation,patient,0
fixation,similarity,0
fixation,rnas,0
fixation,fourier,0
fixation,initiative,0
fixation,pca,0
fixation,recently,0
fixation,molecules,0
fixation,molecule,0
fixation,ntu,0
fixation,unsupervised,0
fixation,matthews,0
fixation,secure,0
fixation,nlp,0
fixation,words,0
fixation,transformer,0
fixation,system,0
fixation,wiki,0
fixation,nanosized,0
fixation,surge,0
fixation,kinetics,0
fixation,skeleton,0
fixation,vehicle,0
fixation,guided,0
fixation,layer,0
fixation,results,0
fixation,learning,0
fixation,subgraph,0
fixation,ftir,0
fixation,xps,0
fixation,pose,0
fixation,skeleton-based,0
fixation,skeletongait,0
fixation,graph-based,0
fixation,informative,0
fixation,metsulfuron,0
fixation,meaningful,0
fixation,revealed,0
fixation,gcaru,0
fixation,probability,0
fixation,methodology,0
fixation,spatial,0
fixation,pubmed,0
fixation,sentiments,0
fixation,information,0
fixation,role,0
fixation,kinetoplastid,0
fixation,unconventional,0
fixation,mcc,0
fixation,optimization,0
fixation,relationships,0
fixation,representation,0
fixation,represent,0
fixation,generative,0
fixation,unifying,0
fixation,laplacian,0
fixation,topic,0
fixation,updated,0
fixation,global,0
fixation,local,0
fixation,training,0
fixation,u-net,0
fixation,supervised,0
fixation,works,0
fixation,generate,0
fixation,showed,0
fixation,psf,0
fixation,presentation,0
fixation,indonesia,0
fixation,pooling,0
fixation,intratesticular,0
fixation,key,0
fixation,human,0
fixation,technique,0
fixation,prediction,0
fixation,propagation,0
fixation,time,0
fixation,learn,0
fixation,neighbor,0
fixation,single-granular,0
fixation,optical,0
fixation,focus,0
fixation,modalities,0
fixation,module,0
fixation,representations,0
fixation,introduce,0
fixation,neural,0
fixation,user,0
fixation,management,0
fixation,predict,0
fixation,set,0
fixation,fully,0
fixation,tumor,0
fixation,target,0
fixation,studies,0
fixation,recognition,0
fixation,identify,0
fixation,multiple,0
fixation,ternary,0
fixation,trend,0
fixation,sparsity,0
fixation,recent,0
fixation,static,0
fixation,gene,0
fixation,significant,0
fixation,immune,0
fixation,knowledge,0
fixation,temporal,0
fixation,identification,0
fixation,predicting,0
fixation,validate,0
fixation,gat,0
fixation,spatial-temporal,0
fixation,single,0
fixation,interaction,0
fixation,layers,0
fixation,task,0
fixation,step,0
fixation,machine,0
fixation,traffic,0
fixation,synthetic,0
fixation,real,0
fixation,visual,0
fixation,layouts,0
fixation,remote,0
fixation,splitting,0
fixation,parameters,0
fixation,rgb,0
fixation,improved,0
fixation,show,0
fixation,processing,0
fixation,previous,0
fixation,pairs,0
fixation,include,0
fixation,learns,0
fixation,structural,0
fixation,success,0
fixation,variation,0
fixation,identifying,0
fixation,memory,0
fixation,unit,0
fixation,gated,0
fixation,patterns,0
fixation,great,0
fixation,functions,0
fixation,targets,0
fixation,multi-scale,0
fixation,structures,0
fixation,neighbors,0
fixation,part,0
fixation,progress,0
fixation,video,0
fixation,focuses,0
fixation,traditional,0
fixation,pollutants,0
fixation,tree,0
fixation,motion,0
fixation,protein,0
fixation,point,0
fixation,reported,0
fixation,remarkable,0
molecules,named,0
molecules,variously,0
molecules,wide,0
molecules,specifically,0
molecules,water-splitting,0
molecules,rarely,0
molecules,pharmacology,0
molecules,reduced,0
molecules,roofs,0
molecules,standards,0
molecules,noise,0
molecules,tcga,0
molecules,pei-gcn,0
molecules,pharmacological,0
molecules,three-dimensional,0
molecules,real-world,0
molecules,owing,0
molecules,roads,0
molecules,seoul,0
molecules,psycholinguistic,0
molecules,nitrogen-rich,0
molecules,tubes,0
molecules,self-healing,0
molecules,smoothing,0
molecules,presents,0
molecules,trna,0
molecules,string,0
molecules,sgc,0
molecules,u-shaped,0
molecules,pressure,0
molecules,requirement,0
molecules,topologically,0
molecules,wavelengths,0
molecules,sets,0
molecules,n-acetyltransferase,0
molecules,trypanosoma,0
molecules,sciences,0
molecules,transformers,0
molecules,videos,0
molecules,obu,0
molecules,relation,0
molecules,relations,0
molecules,typically,0
molecules,s-triazine,0
molecules,mscoco,0
molecules,points,0
molecules,technologies,0
molecules,softmax,0
molecules,patient,0
molecules,pca,0
molecules,ntu,0
molecules,secure,0
molecules,nlp,0
molecules,words,0
molecules,transformer,0
molecules,wiki,0
molecules,nanosized,0
molecules,surge,0
molecules,vehicle,0
molecules,subgraph,0
molecules,xps,0
molecules,pose,0
molecules,skeleton-based,0
molecules,skeletongait,0
molecules,revealed,0
molecules,probability,0
molecules,spatial,0
molecules,pubmed,0
molecules,sentiments,0
molecules,unconventional,0
molecules,unifying,0
molecules,topic,0
molecules,updated,0
molecules,u-net,0
molecules,psf,0
molecules,presentation,0
molecules,pooling,0
molecules,neighbor,0
molecules,single-granular,0
molecules,optical,0
molecules,user,0
molecules,tumor,0
molecules,recognition,0
molecules,trend,0
molecules,sparsity,0
molecules,static,0
molecules,temporal,0
molecules,validate,0
molecules,spatial-temporal,0
molecules,traffic,0
molecules,real,0
molecules,visual,0
molecules,remote,0
molecules,splitting,0
molecules,rgb,0
molecules,processing,0
molecules,variation,0
molecules,patterns,0
molecules,multi-scale,0
molecules,neighbors,0
molecules,progress,0
molecules,video,0
molecules,sample,0
molecules,motion,0
molecules,point,0
molecules,remarkable,0
molecule,named,0
molecule,variously,0
molecule,wide,0
molecule,specifically,0
molecule,water-splitting,0
molecule,rarely,0
molecule,pharmacology,0
molecule,published,0
molecule,roofs,0
molecule,systems,0
molecule,standards,0
molecule,noise,0
molecule,tcga,0
molecule,pei-gcn,0
molecule,result,0
molecule,pharmacological,0
molecule,three-dimensional,0
molecule,problem,0
molecule,node,0
molecule,recombination,0
molecule,real-world,0
molecule,thousands,0
molecule,owing,0
molecule,propose,0
molecule,roads,0
molecule,tasks,0
molecule,utilized,0
molecule,seoul,0
molecule,time-consuming,0
molecule,prohibitively,0
molecule,psycholinguistic,0
molecule,nitrogen-rich,0
molecule,tubes,0
molecule,nodes,0
molecule,self-healing,0
molecule,smoothing,0
molecule,perform,0
molecule,presents,0
molecule,viable,0
molecule,trna,0
molecule,outperform,0
molecule,string,0
molecule,sgc,0
molecule,u-shaped,0
molecule,pressure,0
molecule,requirement,0
molecule,separation,0
molecule,topologically,0
molecule,wavelengths,0
molecule,n-acetyltransferase,0
molecule,resulting,0
molecule,trypanosoma,0
molecule,sciences,0
molecule,plant,0
molecule,transformers,0
molecule,videos,0
molecule,theory,0
molecule,obu,0
molecule,relation,0
molecule,relations,0
molecule,typically,0
molecule,understanding,0
molecule,s-triazine,0
molecule,mscoco,0
molecule,sites,0
molecule,points,0
molecule,photoreduction,0
molecule,technologies,0
molecule,svm,0
molecule,softmax,0
molecule,patient,0
molecule,similarity,0
molecule,rnas,0
molecule,pca,0
molecule,ntu,0
molecule,unsupervised,0
molecule,secure,0
molecule,nlp,0
molecule,words,0
molecule,transformer,0
molecule,system,0
molecule,wiki,0
molecule,nanosized,0
molecule,surge,0
molecule,skeleton,0
molecule,vehicle,0
molecule,subgraph,0
molecule,xps,0
molecule,pose,0
molecule,skeleton-based,0
molecule,skeletongait,0
molecule,probability,0
molecule,spatial,0
molecule,pubmed,0
molecule,sentiments,0
molecule,unconventional,0
molecule,representation,0
molecule,represent,0
molecule,unifying,0
molecule,topic,0
molecule,updated,0
molecule,u-net,0
molecule,supervised,0
molecule,works,0
molecule,psf,0
molecule,optimal,0
molecule,presentation,0
molecule,pooling,0
molecule,propagation,0
molecule,single-granular,0
molecule,user,0
molecule,tumor,0
molecule,recognition,0
molecule,ternary,0
molecule,trend,0
molecule,sparsity,0
molecule,static,0
molecule,surface,0
molecule,temporal,0
molecule,predicting,0
molecule,validate,0
molecule,spatial-temporal,0
molecule,single,0
molecule,task,0
molecule,traffic,0
molecule,real,0
molecule,visual,0
molecule,remote,0
molecule,splitting,0
molecule,rgb,0
molecule,pairs,0
molecule,structural,0
molecule,success,0
molecule,variation,0
molecule,unit,0
molecule,multi-scale,0
molecule,utilization,0
molecule,neighbors,0
molecule,part,0
molecule,progress,0
molecule,video,0
molecule,traditional,0
molecule,sample,0
molecule,pollutants,0
molecule,tree,0
molecule,motion,0
molecule,remarkable,0
ntu,variously,0
ntu,wide,0
ntu,water-splitting,0
ntu,rarely,0
ntu,pharmacology,0
ntu,published,0
ntu,reduced,0
ntu,roofs,0
ntu,obtained,0
ntu,systems,0
ntu,standards,0
ntu,rna,0
ntu,tcga,0
ntu,pei-gcn,0
ntu,proposes,0
ntu,result,0
ntu,pharmacological,0
ntu,three-dimensional,0
ntu,recombination,0
ntu,real-world,0
ntu,thousands,0
ntu,owing,0
ntu,roads,0
ntu,seoul,0
ntu,proteins,0
ntu,time-consuming,0
ntu,prohibitively,0
ntu,psycholinguistic,0
ntu,tubes,0
ntu,self-healing,0
ntu,smoothing,0
ntu,perform,0
ntu,viable,0
ntu,trna,0
ntu,outperform,0
ntu,string,0
ntu,sgc,0
ntu,u-shaped,0
ntu,pressure,0
ntu,requirement,0
ntu,numerous,0
ntu,separation,0
ntu,topologically,0
ntu,wavelengths,0
ntu,sets,0
ntu,resulting,0
ntu,photocatalyst,0
ntu,trypanosoma,0
ntu,sciences,0
ntu,plant,0
ntu,transformers,0
ntu,videos,0
ntu,theory,0
ntu,obu,0
ntu,typically,0
ntu,s-triazine,0
ntu,sites,0
ntu,photoreduction,0
ntu,smiles,0
ntu,technologies,0
ntu,svm,0
ntu,patients,0
ntu,patient,0
ntu,similarity,0
ntu,rnas,0
ntu,pca,0
ntu,recently,0
ntu,unsupervised,0
ntu,secure,0
ntu,words,0
ntu,water,0
ntu,wiki,0
ntu,surge,0
ntu,vehicle,0
ntu,subgraph,0
ntu,xps,0
ntu,pose,0
ntu,skeletongait,0
ntu,revealed,0
ntu,probability,0
ntu,pubmed,0
ntu,sentiments,0
ntu,unconventional,0
ntu,optimization,0
ntu,relationships,0
ntu,unifying,0
ntu,updated,0
ntu,u-net,0
ntu,showed,0
ntu,psf,0
ntu,presentation,0
ntu,technique,0
ntu,prediction,0
ntu,single-granular,0
ntu,optical,0
ntu,user,0
ntu,set,0
ntu,tumor,0
ntu,target,0
ntu,ternary,0
ntu,sparsity,0
ntu,static,0
ntu,surface,0
ntu,significant,0
ntu,predicting,0
ntu,single,0
ntu,task,0
ntu,step,0
ntu,traffic,0
ntu,synthetic,0
ntu,real,0
ntu,splitting,0
ntu,photocatalytic,0
ntu,structural,0
ntu,success,0
ntu,variation,0
ntu,reactions,0
ntu,patterns,0
ntu,targets,0
ntu,utilization,0
ntu,part,0
ntu,traditional,0
ntu,stability,0
ntu,sample,0
ntu,pollutants,0
ntu,tree,0
ntu,types,0
ntu,protein,0
ntu,reported,0
edges,intuitively,0
edges,inferred,0
edges,variously,0
edges,interacts,0
edges,mikae,0
edges,lutea,0
edges,low-pass,0
edges,metal,0
edges,water-splitting,0
edges,nitride,0
edges,pharmacology,0
edges,published,0
edges,generally,0
edges,meiosis,0
edges,gap,0
edges,roofs,0
edges,hyperlinks,0
edges,explicitly,0
edges,rna,0
edges,pei-gcn,0
edges,gqa,0
edges,membranes,0
edges,pharmacological,0
edges,fast,0
edges,recombination,0
edges,owing,0
edges,seoul,0
edges,encoded,0
edges,prohibitively,0
edges,psycholinguistic,0
edges,heterojunction,0
edges,nitrogen-rich,0
edges,tubes,0
edges,liquid,0
edges,graphitic,0
edges,granger,0
edges,self-healing,0
edges,households,0
edges,viable,0
edges,trna,0
edges,outperform,0
edges,sgc,0
edges,pressure,0
edges,f-score,0
edges,separation,0
edges,topologically,0
edges,wavelengths,0
edges,markers,0
edges,n-acetyltransferase,0
edges,holes,0
edges,photocatalyst,0
edges,trypanosoma,0
edges,sciences,0
edges,medica,0
edges,harmful,0
edges,hemisphere,0
edges,obu,0
edges,material,0
edges,heparin,0
edges,imdb,0
edges,kitti,0
edges,s-triazine,0
edges,mscoco,0
edges,sites,0
edges,photoreduction,0
edges,lstm,0
edges,smiles,0
edges,svm,0
edges,knn,0
edges,softmax,0
edges,formed,0
edges,escherichia,0
edges,rnas,0
edges,fourier,0
edges,pca,0
edges,fixation,0
edges,molecules,0
edges,molecule,0
edges,ntu,0
edges,water,0
edges,nanosized,0
edges,surge,0
edges,vehicle,0
edges,subgraph,0
edges,ftir,0
edges,xps,0
edges,euler,0
edges,skeletongait,0
edges,informative,0
edges,metsulfuron,0
edges,gcaru,0
edges,pubmed,0
edges,sentiments,0
edges,electron,0
edges,kinetoplastid,0
edges,unconventional,0
edges,mcc,0
edges,fenton,0
edges,unifying,0
edges,laplacian,0
edges,topic,0
edges,psf,0
edges,presentation,0
edges,indonesia,0
edges,intratesticular,0
edges,factors,0
edges,single-granular,0
edges,optical,0
edges,ternary,0
edges,trend,0
edges,faces,0
edges,energy,0
edges,synthetic,0
edges,layouts,0
edges,splitting,0
edges,include,0
edges,photocatalytic,0
edges,variation,0
edges,reactions,0
edges,gated,0
edges,light,0
edges,progress,0
edges,sample,0
edges,pollutants,0
edges,tree,0
edges,protein,0
edges,reported,0
edges,remarkable,0
unsupervised,variously,0
unsupervised,water-splitting,0
unsupervised,utilized,0
unsupervised,viable,0
unsupervised,wavelengths,0
unsupervised,words,0
unsupervised,vehicle,0
unsupervised,xps,0
unsupervised,updated,0
unsupervised,user,0
unsupervised,variation,0
matthews,variously,0
matthews,wide,0
matthews,specifically,0
matthews,structure,0
matthews,mikae,0
matthews,metal,0
matthews,water-splitting,0
matthews,nitride,0
matthews,present,0
matthews,rarely,0
matthews,pharmacology,0
matthews,published,0
matthews,meiosis,0
matthews,reduced,0
matthews,roofs,0
matthews,obtained,0
matthews,systems,0
matthews,standards,0
matthews,noise,0
matthews,rna,0
matthews,tcga,0
matthews,pei-gcn,0
matthews,proposes,0
matthews,membranes,0
matthews,result,0
matthews,pharmacological,0
matthews,three-dimensional,0
matthews,problem,0
matthews,recombination,0
matthews,real-world,0
matthews,thousands,0
matthews,owing,0
matthews,roads,0
matthews,tasks,0
matthews,utilized,0
matthews,seoul,0
matthews,proteins,0
matthews,time-consuming,0
matthews,prohibitively,0
matthews,psycholinguistic,0
matthews,nitrogen-rich,0
matthews,tubes,0
matthews,mixed,0
matthews,self-healing,0
matthews,similar,0
matthews,smoothing,0
matthews,perform,0
matthews,study,0
matthews,strategy,0
matthews,presents,0
matthews,viable,0
matthews,trna,0
matthews,outperform,0
matthews,string,0
matthews,sgc,0
matthews,u-shaped,0
matthews,samples,0
matthews,research,0
matthews,pressure,0
matthews,requirement,0
matthews,numerous,0
matthews,separation,0
matthews,topologically,0
matthews,wavelengths,0
matthews,sets,0
matthews,simultaneously,0
matthews,n-acetyltransferase,0
matthews,resulting,0
matthews,photocatalyst,0
matthews,trypanosoma,0
matthews,sciences,0
matthews,medica,0
matthews,plant,0
matthews,transformers,0
matthews,years,0
matthews,theory,0
matthews,rely,0
matthews,obu,0
matthews,relation,0
matthews,relations,0
matthews,typically,0
matthews,understanding,0
matthews,s-triazine,0
matthews,mscoco,0
matthews,sites,0
matthews,points,0
matthews,photoreduction,0
matthews,smiles,0
matthews,technologies,0
matthews,svm,0
matthews,softmax,0
matthews,patients,0
matthews,patient,0
matthews,similarity,0
matthews,rnas,0
matthews,pca,0
matthews,recently,0
matthews,molecules,0
matthews,molecule,0
matthews,ntu,0
matthews,unsupervised,0
matthews,secure,0
matthews,nlp,0
matthews,words,0
matthews,transformer,0
matthews,system,0
matthews,water,0
matthews,wiki,0
matthews,nanosized,0
matthews,surge,0
matthews,skeleton,0
matthews,vehicle,0
matthews,subgraph,0
matthews,xps,0
matthews,skeleton-based,0
matthews,skeletongait,0
matthews,metsulfuron,0
matthews,meaningful,0
matthews,probability,0
matthews,pubmed,0
matthews,sentiments,0
matthews,role,0
matthews,unconventional,0
matthews,relationships,0
matthews,representation,0
matthews,represent,0
matthews,unifying,0
matthews,topic,0
matthews,updated,0
matthews,training,0
matthews,u-net,0
matthews,supervised,0
matthews,works,0
matthews,showed,0
matthews,psf,0
matthews,optimal,0
matthews,presentation,0
matthews,technique,0
matthews,time,0
matthews,neighbor,0
matthews,single-granular,0
matthews,optical,0
matthews,modalities,0
matthews,module,0
matthews,user,0
matthews,predict,0
matthews,set,0
matthews,tumor,0
matthews,target,0
matthews,recognition,0
matthews,multiple,0
matthews,ternary,0
matthews,trend,0
matthews,sparsity,0
matthews,recent,0
matthews,static,0
matthews,surface,0
matthews,significant,0
matthews,predicting,0
matthews,number,0
matthews,single,0
matthews,task,0
matthews,traffic,0
matthews,synthetic,0
matthews,real,0
matthews,remote,0
matthews,splitting,0
matthews,parameters,0
matthews,rgb,0
matthews,show,0
matthews,processing,0
matthews,pairs,0
matthews,photocatalytic,0
matthews,structural,0
matthews,success,0
matthews,variation,0
matthews,reactions,0
matthews,memory,0
matthews,unit,0
matthews,targets,0
matthews,multi-scale,0
matthews,utilization,0
matthews,structures,0
matthews,neighbors,0
matthews,part,0
matthews,progress,0
matthews,traditional,0
matthews,stability,0
matthews,sample,0
matthews,pollutants,0
matthews,tree,0
matthews,motion,0
matthews,protein,0
matthews,point,0
matthews,reported,0
matthews,remarkable,0
secure,variously,0
secure,wide,0
secure,specifically,0
secure,structure,0
secure,water-splitting,0
secure,standards,0
secure,tcga,0
secure,three-dimensional,0
secure,thousands,0
secure,seoul,0
secure,time-consuming,0
secure,tubes,0
secure,work,0
secure,self-healing,0
secure,smoothing,0
secure,viable,0
secure,trna,0
secure,string,0
secure,sgc,0
secure,u-shaped,0
secure,separation,0
secure,topologically,0
secure,wavelengths,0
secure,sets,0
secure,trypanosoma,0
secure,videos,0
secure,theory,0
secure,understanding,0
secure,sites,0
secure,smiles,0
secure,technologies,0
secure,svm,0
secure,softmax,0
secure,similarity,0
secure,words,0
secure,transformer,0
secure,wiki,0
secure,surge,0
secure,skeleton,0
secure,subgraph,0
secure,xps,0
secure,skeleton-based,0
secure,skeletongait,0
secure,spatial,0
secure,sentiments,0
secure,unconventional,0
secure,unifying,0
secure,topic,0
secure,updated,0
secure,u-net,0
secure,supervised,0
secure,works,0
secure,showed,0
secure,single-granular,0
secure,tumor,0
secure,ternary,0
secure,trend,0
secure,sparsity,0
secure,static,0
secure,surface,0
secure,single,0
secure,task,0
secure,step,0
secure,synthetic,0
secure,visual,0
secure,splitting,0
secure,success,0
secure,variation,0
secure,targets,0
secure,utilization,0
secure,structures,0
secure,video,0
secure,stability,0
secure,tree,0
secure,types,0
nlp,variously,0
nlp,water-splitting,0
nlp,rarely,0
nlp,pharmacology,0
nlp,reduced,0
nlp,roofs,0
nlp,obtained,0
nlp,standards,0
nlp,noise,0
nlp,rna,0
nlp,tcga,0
nlp,pei-gcn,0
nlp,result,0
nlp,pharmacological,0
nlp,three-dimensional,0
nlp,recombination,0
nlp,thousands,0
nlp,roads,0
nlp,seoul,0
nlp,time-consuming,0
nlp,prohibitively,0
nlp,tubes,0
nlp,self-healing,0
nlp,smoothing,0
nlp,presents,0
nlp,viable,0
nlp,trna,0
nlp,string,0
nlp,sgc,0
nlp,u-shaped,0
nlp,samples,0
nlp,pressure,0
nlp,requirement,0
nlp,separation,0
nlp,topologically,0
nlp,wavelengths,0
nlp,simultaneously,0
nlp,resulting,0
nlp,photocatalyst,0
nlp,trypanosoma,0
nlp,sciences,0
nlp,plant,0
nlp,videos,0
nlp,rely,0
nlp,obu,0
nlp,typically,0
nlp,s-triazine,0
nlp,points,0
nlp,photoreduction,0
nlp,smiles,0
nlp,technologies,0
nlp,svm,0
nlp,softmax,0
nlp,patients,0
nlp,patient,0
nlp,rnas,0
nlp,pca,0
nlp,ntu,0
nlp,secure,0
nlp,system,0
nlp,water,0
nlp,wiki,0
nlp,surge,0
nlp,skeleton,0
nlp,vehicle,0
nlp,subgraph,0
nlp,xps,0
nlp,pose,0
nlp,skeleton-based,0
nlp,skeletongait,0
nlp,revealed,0
nlp,probability,0
nlp,pubmed,0
nlp,sentiments,0
nlp,unconventional,0
nlp,unifying,0
nlp,updated,0
nlp,psf,0
nlp,optimal,0
nlp,presentation,0
nlp,pooling,0
nlp,propagation,0
nlp,time,0
nlp,single-granular,0
nlp,optical,0
nlp,user,0
nlp,tumor,0
nlp,recognition,0
nlp,ternary,0
nlp,trend,0
nlp,sparsity,0
nlp,static,0
nlp,surface,0
nlp,temporal,0
nlp,predicting,0
nlp,spatial-temporal,0
nlp,step,0
nlp,traffic,0
nlp,synthetic,0
nlp,real,0
nlp,visual,0
nlp,remote,0
nlp,splitting,0
nlp,rgb,0
nlp,photocatalytic,0
nlp,variation,0
nlp,reactions,0
nlp,unit,0
nlp,targets,0
nlp,utilization,0
nlp,part,0
nlp,progress,0
nlp,video,0
nlp,stability,0
nlp,sample,0
nlp,pollutants,0
nlp,point,0
nlp,reported,0
words,xps,0
transformer,variously,0
transformer,wide,0
transformer,water-splitting,0
transformer,tubes,0
transformer,viable,0
transformer,trna,0
transformer,u-shaped,0
transformer,wavelengths,0
transformer,trypanosoma,0
transformer,unsupervised,0
transformer,wiki,0
transformer,xps,0
transformer,unconventional,0
transformer,unifying,0
transformer,updated,0
transformer,user,0
transformer,trend,0
transformer,variation,0
transformer,unit,0
transformer,tree,0
system,variously,0
system,water-splitting,0
system,tubes,0
system,viable,0
system,u-shaped,0
system,topologically,0
system,wavelengths,0
system,trypanosoma,0
system,transformers,0
system,words,0
system,wiki,0
system,unconventional,0
system,unifying,0
system,updated,0
system,u-net,0
water,water-splitting,0
water,wavelengths,0
water,words,0
water,wiki,0
water,works,0
wiki,years,0
wiki,words,0
wiki,xps,0
wiki,works,0
datasets,variously,0
datasets,interacts,0
datasets,mikae,0
datasets,eastern,0
datasets,lutea,0
datasets,low-pass,0
datasets,metal,0
datasets,water-splitting,0
datasets,nitride,0
datasets,pharmacology,0
datasets,meiosis,0
datasets,roofs,0
datasets,pei-gcn,0
datasets,pharmacological,0
datasets,recombination,0
datasets,hours,0
datasets,roads,0
datasets,determination,0
datasets,seoul,0
datasets,psycholinguistic,0
datasets,heterojunction,0
datasets,nitrogen-rich,0
datasets,tubes,0
datasets,liquid,0
datasets,graphitic,0
datasets,self-healing,0
datasets,dual-stimulus,0
datasets,viable,0
datasets,trna,0
datasets,topologically,0
datasets,wavelengths,0
datasets,markers,0
datasets,n-acetyltransferase,0
datasets,holes,0
datasets,photocatalyst,0
datasets,trypanosoma,0
datasets,sciences,0
datasets,medica,0
datasets,hemisphere,0
datasets,obu,0
datasets,material,0
datasets,heparin,0
datasets,s-triazine,0
datasets,photoreduction,0
datasets,ethereum,0
datasets,smiles,0
datasets,knn,0
datasets,escherichia,0
datasets,fourier,0
datasets,pca,0
datasets,fixation,0
datasets,matthews,0
datasets,nanosized,0
datasets,dft,0
datasets,ftir,0
datasets,xps,0
datasets,metsulfuron,0
datasets,kinetoplastid,0
datasets,unconventional,0
datasets,mcc,0
datasets,fenton,0
datasets,dmax,0
datasets,unifying,0
datasets,psf,0
datasets,indonesia,0
datasets,intratesticular,0
datasets,splitting,0
datasets,photocatalytic,0
datasets,pollutants,0
data,variously,0
data,mikae,0
data,eastern,0
data,lutea,0
data,water-splitting,0
data,pharmacology,0
data,meiosis,0
data,roofs,0
data,hyperlinks,0
data,pei-gcn,0
data,gqa,0
data,membranes,0
data,recombination,0
data,prohibitively,0
data,psycholinguistic,0
data,heterojunction,0
data,nitrogen-rich,0
data,tubes,0
data,self-healing,0
data,dual-stimulus,0
data,trna,0
data,topologically,0
data,wavelengths,0
data,n-acetyltransferase,0
data,photocatalyst,0
data,trypanosoma,0
data,medica,0
data,hemisphere,0
data,heparin,0
data,s-triazine,0
data,mscoco,0
data,photoreduction,0
data,escherichia,0
data,rnas,0
data,fixation,0
data,wiki,0
data,nanosized,0
data,metsulfuron,0
data,kinetoplastid,0
data,unconventional,0
data,fenton,0
data,dmax,0
data,psf,0
data,indonesia,0
data,intratesticular,0
data,single-granular,0
data,splitting,0
data,photocatalytic,0
nanosized,paper,0
nanosized,variously,0
nanosized,wide,0
nanosized,specifically,0
nanosized,structure,0
nanosized,water-splitting,0
nanosized,present,0
nanosized,rarely,0
nanosized,pharmacology,0
nanosized,published,0
nanosized,reduced,0
nanosized,roofs,0
nanosized,obtained,0
nanosized,systems,0
nanosized,network,0
nanosized,standards,0
nanosized,networks,0
nanosized,noise,0
nanosized,rna,0
nanosized,tcga,0
nanosized,pei-gcn,0
nanosized,proposes,0
nanosized,pharmacological,0
nanosized,three-dimensional,0
nanosized,problem,0
nanosized,node,0
nanosized,performance,0
nanosized,recombination,0
nanosized,real-world,0
nanosized,thousands,0
nanosized,owing,0
nanosized,propose,0
nanosized,roads,0
nanosized,tasks,0
nanosized,utilized,0
nanosized,process,0
nanosized,seoul,0
nanosized,proteins,0
nanosized,time-consuming,0
nanosized,prohibitively,0
nanosized,psycholinguistic,0
nanosized,nodes,0
nanosized,self-healing,0
nanosized,similar,0
nanosized,smoothing,0
nanosized,perform,0
nanosized,study,0
nanosized,presents,0
nanosized,viable,0
nanosized,trna,0
nanosized,outperform,0
nanosized,string,0
nanosized,sgc,0
nanosized,u-shaped,0
nanosized,samples,0
nanosized,research,0
nanosized,pressure,0
nanosized,requirement,0
nanosized,numerous,0
nanosized,topologically,0
nanosized,wavelengths,0
nanosized,sets,0
nanosized,simultaneously,0
nanosized,resulting,0
nanosized,photocatalyst,0
nanosized,trypanosoma,0
nanosized,sciences,0
nanosized,plant,0
nanosized,transformers,0
nanosized,videos,0
nanosized,years,0
nanosized,theory,0
nanosized,rely,0
nanosized,obu,0
nanosized,relation,0
nanosized,relations,0
nanosized,typically,0
nanosized,understanding,0
nanosized,s-triazine,0
nanosized,sites,0
nanosized,points,0
nanosized,photoreduction,0
nanosized,smiles,0
nanosized,technologies,0
nanosized,svm,0
nanosized,softmax,0
nanosized,patients,0
nanosized,patient,0
nanosized,similarity,0
nanosized,rnas,0
nanosized,pca,0
nanosized,recently,0
nanosized,ntu,0
nanosized,unsupervised,0
nanosized,secure,0
nanosized,nlp,0
nanosized,words,0
nanosized,transformer,0
nanosized,system,0
nanosized,wiki,0
nanosized,surge,0
nanosized,skeleton,0
nanosized,vehicle,0
nanosized,results,0
nanosized,subgraph,0
nanosized,xps,0
nanosized,pose,0
nanosized,skeleton-based,0
nanosized,skeletongait,0
nanosized,proposed,0
nanosized,revealed,0
nanosized,probability,0
nanosized,spatial,0
nanosized,pubmed,0
nanosized,sentiments,0
nanosized,role,0
nanosized,unconventional,0
nanosized,optimization,0
nanosized,relationships,0
nanosized,representation,0
nanosized,represent,0
nanosized,unifying,0
nanosized,topic,0
nanosized,updated,0
nanosized,training,0
nanosized,u-net,0
nanosized,supervised,0
nanosized,works,0
nanosized,showed,0
nanosized,psf,0
nanosized,optimal,0
nanosized,presentation,0
nanosized,pooling,0
nanosized,technique,0
nanosized,prediction,0
nanosized,propagation,0
nanosized,time,0
nanosized,neighbor,0
nanosized,single-granular,0
nanosized,optical,0
nanosized,representations,0
nanosized,neural,0
nanosized,user,0
nanosized,predict,0
nanosized,set,0
nanosized,tumor,0
nanosized,target,0
nanosized,studies,0
nanosized,recognition,0
nanosized,ternary,0
nanosized,trend,0
nanosized,sparsity,0
nanosized,recent,0
nanosized,static,0
nanosized,surface,0
nanosized,significant,0
nanosized,temporal,0
nanosized,predicting,0
nanosized,number,0
nanosized,validate,0
nanosized,spatial-temporal,0
nanosized,single,0
nanosized,task,0
nanosized,step,0
nanosized,traffic,0
nanosized,synthetic,0
nanosized,real,0
nanosized,visual,0
nanosized,remote,0
nanosized,parameters,0
nanosized,rgb,0
nanosized,show,0
nanosized,processing,0
nanosized,previous,0
nanosized,pairs,0
nanosized,structural,0
nanosized,success,0
nanosized,variation,0
nanosized,reactions,0
nanosized,unit,0
nanosized,patterns,0
nanosized,targets,0
nanosized,utilization,0
nanosized,structures,0
nanosized,neighbors,0
nanosized,part,0
nanosized,progress,0
nanosized,video,0
nanosized,traditional,0
nanosized,stability,0
nanosized,sample,0
nanosized,pollutants,0
nanosized,tree,0
nanosized,types,0
nanosized,protein,0
nanosized,point,0
nanosized,reported,0
nanosized,remarkable,0
effectively,inferred,0
effectively,variously,0
effectively,interacts,0
effectively,mikae,0
effectively,lutea,0
effectively,low-pass,0
effectively,water-splitting,0
effectively,pharmacology,0
effectively,meiosis,0
effectively,roofs,0
effectively,hyperlinks,0
effectively,rna,0
effectively,pei-gcn,0
effectively,gqa,0
effectively,membranes,0
effectively,thousands,0
effectively,hours,0
effectively,seoul,0
effectively,encoded,0
effectively,prohibitively,0
effectively,psycholinguistic,0
effectively,nitrogen-rich,0
effectively,tubes,0
effectively,granger,0
effectively,self-healing,0
effectively,households,0
effectively,viable,0
effectively,trna,0
effectively,string,0
effectively,sgc,0
effectively,topologically,0
effectively,wavelengths,0
effectively,n-acetyltransferase,0
effectively,investigations,0
effectively,trypanosoma,0
effectively,sciences,0
effectively,medica,0
effectively,heparin,0
effectively,imdb,0
effectively,kitti,0
effectively,s-triazine,0
effectively,mscoco,0
effectively,photoreduction,0
effectively,ethereum,0
effectively,smiles,0
effectively,fixation,0
effectively,molecules,0
effectively,matthews,0
effectively,secure,0
effectively,wiki,0
effectively,nanosized,0
effectively,euler,0
effectively,skeletongait,0
effectively,informative,0
effectively,metsulfuron,0
effectively,pubmed,0
effectively,kinetoplastid,0
effectively,unconventional,0
effectively,mcc,0
effectively,fenton,0
effectively,unifying,0
effectively,laplacian,0
effectively,psf,0
effectively,presentation,0
effectively,indonesia,0
effectively,intratesticular,0
effectively,single-granular,0
effectively,immune,0
effectively,splitting,0
effectively,reactions,0
surge,variously,0
surge,water-splitting,0
surge,tcga,0
surge,three-dimensional,0
surge,thousands,0
surge,utilized,0
surge,time-consuming,0
surge,tubes,0
surge,viable,0
surge,trna,0
surge,u-shaped,0
surge,topologically,0
surge,wavelengths,0
surge,trypanosoma,0
surge,transformers,0
surge,videos,0
surge,theory,0
surge,typically,0
surge,technologies,0
surge,svm,0
surge,words,0
surge,transformer,0
surge,system,0
surge,water,0
surge,wiki,0
surge,vehicle,0
surge,xps,0
surge,unconventional,0
surge,topic,0
surge,training,0
surge,u-net,0
surge,works,0
surge,technique,0
surge,time,0
surge,user,0
surge,tumor,0
surge,target,0
surge,ternary,0
surge,trend,0
surge,synthetic,0
surge,variation,0
surge,unit,0
surge,targets,0
surge,utilization,0
surge,video,0
surge,traditional,0
surge,tree,0
surge,types,0
data-driven,drug-drug,0
data-driven,named,0
data-driven,intuitively,0
data-driven,inferred,0
data-driven,variously,0
data-driven,demonstrates,0
data-driven,interacts,0
data-driven,mikae,0
data-driven,eastern,0
data-driven,lutea,0
data-driven,ignore,0
data-driven,low-pass,0
data-driven,metal,0
data-driven,water-splitting,0
data-driven,nitride,0
data-driven,present,0
data-driven,literature,0
data-driven,pharmacology,0
data-driven,published,0
data-driven,generally,0
data-driven,meiosis,0
data-driven,reduced,0
data-driven,gap,0
data-driven,roofs,0
data-driven,hyperlinks,0
data-driven,independently,0
data-driven,differently,0
data-driven,explicitly,0
data-driven,standards,0
data-driven,noise,0
data-driven,rna,0
data-driven,tcga,0
data-driven,pei-gcn,0
data-driven,gqa,0
data-driven,membranes,0
data-driven,result,0
data-driven,pharmacological,0
data-driven,three-dimensional,0
data-driven,recombination,0
data-driven,dempster-shafer,0
data-driven,thousands,0
data-driven,hours,0
data-driven,owing,0
data-driven,roads,0
data-driven,determination,0
data-driven,seoul,0
data-driven,proteins,0
data-driven,encoded,0
data-driven,prohibitively,0
data-driven,elsevier,0
data-driven,psycholinguistic,0
data-driven,heterojunction,0
data-driven,nitrogen-rich,0
data-driven,tubes,0
data-driven,liquid,0
data-driven,graphitic,0
data-driven,granger,0
data-driven,mixed,0
data-driven,excellent,0
data-driven,self-healing,0
data-driven,dual-stimulus,0
data-driven,smoothing,0
data-driven,perform,0
data-driven,households,0
data-driven,viable,0
data-driven,trna,0
data-driven,outperform,0
data-driven,string,0
data-driven,descriptor,0
data-driven,sgc,0
data-driven,u-shaped,0
data-driven,samples,0
data-driven,pressure,0
data-driven,f-score,0
data-driven,numerous,0
data-driven,separation,0
data-driven,topologically,0
data-driven,wavelengths,0
data-driven,sets,0
data-driven,markers,0
data-driven,n-acetyltransferase,0
data-driven,holes,0
data-driven,resulting,0
data-driven,photocatalyst,0
data-driven,investigations,0
data-driven,trypanosoma,0
data-driven,sciences,0
data-driven,medica,0
data-driven,plant,0
data-driven,transformers,0
data-driven,harmful,0
data-driven,videos,0
data-driven,language,0
data-driven,theory,0
data-driven,leading,0
data-driven,rely,0
data-driven,decisions,0
data-driven,heavily,0
data-driven,hemisphere,0
data-driven,gps,0
data-driven,obu,0
data-driven,material,0
data-driven,heparin,0
data-driven,relation,0
data-driven,typically,0
data-driven,understanding,0
data-driven,imdb,0
data-driven,kitti,0
data-driven,s-triazine,0
data-driven,mscoco,0
data-driven,sites,0
data-driven,photoreduction,0
data-driven,ethereum,0
data-driven,technologies,0
data-driven,svm,0
data-driven,knn,0
data-driven,softmax,0
data-driven,formed,0
data-driven,escherichia,0
data-driven,euclidean,0
data-driven,patient,0
data-driven,similarity,0
data-driven,rnas,0
data-driven,fourier,0
data-driven,initiative,0
data-driven,pca,0
data-driven,decades,0
data-driven,recently,0
data-driven,fixation,0
data-driven,molecule,0
data-driven,ntu,0
data-driven,matthews,0
data-driven,nlp,0
data-driven,words,0
data-driven,wiki,0
data-driven,nanosized,0
data-driven,kinetics,0
data-driven,dft,0
data-driven,skeleton,0
data-driven,vehicle,0
data-driven,guided,0
data-driven,subgraph,0
data-driven,ftir,0
data-driven,xps,0
data-driven,pose,0
data-driven,skeleton-based,0
data-driven,euler,0
data-driven,skeletongait,0
data-driven,informative,0
data-driven,metsulfuron,0
data-driven,meaningful,0
data-driven,revealed,0
data-driven,gcaru,0
data-driven,probability,0
data-driven,methodology,0
data-driven,pubmed,0
data-driven,sentiments,0
data-driven,electron,0
data-driven,kinetoplastid,0
data-driven,unconventional,0
data-driven,mcc,0
data-driven,fenton,0
data-driven,dmax,0
data-driven,unifying,0
data-driven,laplacian,0
data-driven,topic,0
data-driven,updated,0
data-driven,u-net,0
data-driven,works,0
data-driven,psf,0
data-driven,optimal,0
data-driven,presentation,0
data-driven,indonesia,0
data-driven,intratesticular,0
data-driven,key,0
data-driven,neighbor,0
data-driven,single-granular,0
data-driven,optical,0
data-driven,desirable,0
data-driven,expression,0
data-driven,user,0
data-driven,set,0
data-driven,tumor,0
data-driven,dense,0
data-driven,ternary,0
data-driven,trend,0
data-driven,sparsity,0
data-driven,faces,0
data-driven,static,0
data-driven,gene,0
data-driven,surface,0
data-driven,immune,0
data-driven,gat,0
data-driven,interaction,0
data-driven,layers,0
data-driven,energy,0
data-driven,step,0
data-driven,synthetic,0
data-driven,real,0
data-driven,visual,0
data-driven,layouts,0
data-driven,remote,0
data-driven,splitting,0
data-driven,rgb,0
data-driven,previous,0
data-driven,pairs,0
data-driven,include,0
data-driven,learns,0
data-driven,photocatalytic,0
data-driven,success,0
data-driven,variation,0
data-driven,identifying,0
data-driven,reactions,0
data-driven,light,0
data-driven,functions,0
data-driven,targets,0
data-driven,multi-scale,0
data-driven,utilization,0
data-driven,progress,0
data-driven,video,0
data-driven,focuses,0
data-driven,sample,0
data-driven,pollutants,0
data-driven,diffusion,0
data-driven,tree,0
data-driven,motion,0
data-driven,protein,0
data-driven,reported,0
data-driven,remarkable,0
kinetics,named,0
kinetics,variously,0
kinetics,specifically,0
kinetics,mikae,0
kinetics,lutea,0
kinetics,low-pass,0
kinetics,water-splitting,0
kinetics,literature,0
kinetics,rarely,0
kinetics,pharmacology,0
kinetics,meiosis,0
kinetics,roofs,0
kinetics,noise,0
kinetics,tcga,0
kinetics,pei-gcn,0
kinetics,proposes,0
kinetics,membranes,0
kinetics,three-dimensional,0
kinetics,thousands,0
kinetics,owing,0
kinetics,roads,0
kinetics,utilized,0
kinetics,seoul,0
kinetics,proteins,0
kinetics,time-consuming,0
kinetics,prohibitively,0
kinetics,psycholinguistic,0
kinetics,nitrogen-rich,0
kinetics,tubes,0
kinetics,liquid,0
kinetics,mixed,0
kinetics,self-healing,0
kinetics,smoothing,0
kinetics,strategy,0
kinetics,viable,0
kinetics,trna,0
kinetics,outperform,0
kinetics,string,0
kinetics,sgc,0
kinetics,u-shaped,0
kinetics,pressure,0
kinetics,numerous,0
kinetics,topologically,0
kinetics,wavelengths,0
kinetics,markers,0
kinetics,n-acetyltransferase,0
kinetics,trypanosoma,0
kinetics,sciences,0
kinetics,medica,0
kinetics,plant,0
kinetics,transformers,0
kinetics,language,0
kinetics,obu,0
kinetics,typically,0
kinetics,understanding,0
kinetics,kitti,0
kinetics,s-triazine,0
kinetics,mscoco,0
kinetics,photoreduction,0
kinetics,smiles,0
kinetics,technologies,0
kinetics,svm,0
kinetics,knn,0
kinetics,patients,0
kinetics,patient,0
kinetics,similarity,0
kinetics,rnas,0
kinetics,pca,0
kinetics,molecule,0
kinetics,unsupervised,0
kinetics,matthews,0
kinetics,secure,0
kinetics,nlp,0
kinetics,words,0
kinetics,wiki,0
kinetics,nanosized,0
kinetics,surge,0
kinetics,vehicle,0
kinetics,subgraph,0
kinetics,skeletongait,0
kinetics,metsulfuron,0
kinetics,meaningful,0
kinetics,probability,0
kinetics,methodology,0
kinetics,pubmed,0
kinetics,sentiments,0
kinetics,kinetoplastid,0
kinetics,unconventional,0
kinetics,mcc,0
kinetics,optimization,0
kinetics,relationships,0
kinetics,represent,0
kinetics,unifying,0
kinetics,laplacian,0
kinetics,updated,0
kinetics,u-net,0
kinetics,supervised,0
kinetics,works,0
kinetics,psf,0
kinetics,presentation,0
kinetics,prediction,0
kinetics,neighbor,0
kinetics,single-granular,0
kinetics,modalities,0
kinetics,representations,0
kinetics,user,0
kinetics,management,0
kinetics,tumor,0
kinetics,target,0
kinetics,ternary,0
kinetics,trend,0
kinetics,sparsity,0
kinetics,static,0
kinetics,predicting,0
kinetics,number,0
kinetics,task,0
kinetics,step,0
kinetics,traffic,0
kinetics,synthetic,0
kinetics,layouts,0
kinetics,remote,0
kinetics,splitting,0
kinetics,processing,0
kinetics,learns,0
kinetics,variation,0
kinetics,reactions,0
kinetics,memory,0
kinetics,patterns,0
kinetics,targets,0
kinetics,neighbors,0
kinetics,part,0
kinetics,progress,0
kinetics,sample,0
kinetics,tree,0
kinetics,types,0
kinetics,reported,0
dft,drug-drug,0
dft,paper,0
dft,named,0
dft,methods,0
dft,intuitively,0
dft,inferred,0
dft,variously,0
dft,wide,0
dft,interacts,0
dft,mikae,0
dft,eastern,0
dft,lutea,0
dft,input,0
dft,existing,0
dft,ignore,0
dft,low-pass,0
dft,water-splitting,0
dft,literature,0
dft,extract,0
dft,pharmacology,0
dft,generally,0
dft,meiosis,0
dft,increasing,0
dft,reduced,0
dft,roofs,0
dft,hyperlinks,0
dft,independently,0
dft,differently,0
dft,explicitly,0
dft,generated,0
dft,standards,0
dft,networks,0
dft,noise,0
dft,extracting,0
dft,rna,0
dft,tcga,0
dft,pei-gcn,0
dft,gqa,0
dft,proposes,0
dft,membranes,0
dft,models,0
dft,result,0
dft,pharmacological,0
dft,three-dimensional,0
dft,problem,0
dft,node,0
dft,limited,0
dft,real-world,0
dft,thousands,0
dft,hours,0
dft,owing,0
dft,propose,0
dft,roads,0
dft,tasks,0
dft,seoul,0
dft,proteins,0
dft,encoded,0
dft,time-consuming,0
dft,prohibitively,0
dft,elsevier,0
dft,psycholinguistic,0
dft,nitrogen-rich,0
dft,tubes,0
dft,liquid,0
dft,granger,0
dft,nodes,0
dft,established,0
dft,mixed,0
dft,self-healing,0
dft,dual-stimulus,0
dft,similar,0
dft,smoothing,0
dft,perform,0
dft,households,0
dft,strategy,0
dft,presents,0
dft,viable,0
dft,trna,0
dft,outperform,0
dft,string,0
dft,explore,0
dft,sgc,0
dft,u-shaped,0
dft,samples,0
dft,research,0
dft,pressure,0
dft,f-score,0
dft,graphs,0
dft,requirement,0
dft,topologically,0
dft,wavelengths,0
dft,simultaneously,0
dft,markers,0
dft,n-acetyltransferase,0
dft,resulting,0
dft,investigations,0
dft,trypanosoma,0
dft,sciences,0
dft,medica,0
dft,plant,0
dft,transformers,0
dft,harmful,0
dft,videos,0
dft,features,0
dft,years,0
dft,language,0
dft,leading,0
dft,rely,0
dft,heavily,0
dft,hemisphere,0
dft,gps,0
dft,obu,0
dft,material,0
dft,heparin,0
dft,relation,0
dft,relations,0
dft,typically,0
dft,firstly,0
dft,understanding,0
dft,imdb,0
dft,kitti,0
dft,s-triazine,0
dft,mscoco,0
dft,heterogeneous,0
dft,model,0
dft,points,0
dft,efficiency,0
dft,improve,0
dft,photoreduction,0
dft,ethereum,0
dft,lstm,0
dft,smiles,0
dft,technologies,0
dft,knn,0
dft,softmax,0
dft,formed,0
dft,escherichia,0
dft,euclidean,0
dft,patients,0
dft,patient,0
dft,similarity,0
dft,rnas,0
dft,fourier,0
dft,initiative,0
dft,pca,0
dft,recently,0
dft,fixation,0
dft,molecules,0
dft,ntu,0
dft,edges,0
dft,unsupervised,0
dft,matthews,0
dft,secure,0
dft,nlp,0
dft,words,0
dft,transformer,0
dft,system,0
dft,wiki,0
dft,nanosized,0
dft,surge,0
dft,kinetics,0
dft,skeleton,0
dft,vehicle,0
dft,guided,0
dft,end,0
dft,layer,0
dft,subgraph,0
dft,ftir,0
dft,xps,0
dft,pose,0
dft,skeleton-based,0
dft,euler,0
dft,skeletongait,0
dft,graph-based,0
dft,informative,0
dft,metsulfuron,0
dft,meaningful,0
dft,revealed,0
dft,gcaru,0
dft,probability,0
dft,pubmed,0
dft,sentiments,0
dft,evaluation,0
dft,kinetoplastid,0
dft,unconventional,0
dft,mcc,0
dft,optimization,0
dft,relationships,0
dft,representation,0
dft,represent,0
dft,fenton,0
dft,generative,0
dft,dmax,0
dft,unifying,0
dft,embeddings,0
dft,laplacian,0
dft,topic,0
dft,updated,0
dft,global,0
dft,u-net,0
dft,supervised,0
dft,works,0
dft,generate,0
dft,psf,0
dft,optimal,0
dft,presentation,0
dft,indonesia,0
dft,pooling,0
dft,intratesticular,0
dft,key,0
dft,human,0
dft,technique,0
dft,factors,0
dft,propagation,0
dft,time,0
dft,single-granular,0
dft,optical,0
dft,focus,0
dft,modalities,0
dft,module,0
dft,representations,0
dft,neural,0
dft,expression,0
dft,user,0
dft,management,0
dft,set,0
dft,tumor,0
dft,target,0
dft,recognition,0
dft,identify,0
dft,multiple,0
dft,ternary,0
dft,trend,0
dft,sparsity,0
dft,faces,0
dft,recent,0
dft,static,0
dft,gene,0
dft,significant,0
dft,immune,0
dft,knowledge,0
dft,temporal,0
dft,identification,0
dft,predicting,0
dft,validate,0
dft,gat,0
dft,spatial-temporal,0
dft,single,0
dft,traffic,0
dft,synthetic,0
dft,real,0
dft,visual,0
dft,layouts,0
dft,remote,0
dft,splitting,0
dft,parameters,0
dft,rgb,0
dft,show,0
dft,processing,0
dft,pairs,0
dft,employed,0
dft,include,0
dft,learns,0
dft,embedding,0
dft,success,0
dft,variation,0
dft,identifying,0
dft,important,0
dft,reactions,0
dft,memory,0
dft,unit,0
dft,gated,0
dft,patterns,0
dft,targets,0
dft,multi-scale,0
dft,utilization,0
dft,neighbors,0
dft,part,0
dft,progress,0
dft,video,0
dft,focuses,0
dft,traditional,0
dft,pollutants,0
dft,diffusion,0
dft,tree,0
dft,motion,0
dft,protein,0
dft,remarkable,0
skeleton,variously,0
skeleton,water-splitting,0
skeleton,standards,0
skeleton,tcga,0
skeleton,three-dimensional,0
skeleton,thousands,0
skeleton,tubes,0
skeleton,smoothing,0
skeleton,viable,0
skeleton,trna,0
skeleton,string,0
skeleton,topologically,0
skeleton,wavelengths,0
skeleton,trypanosoma,0
skeleton,theory,0
skeleton,smiles,0
skeleton,svm,0
skeleton,unsupervised,0
skeleton,words,0
skeleton,wiki,0
skeleton,surge,0
skeleton,vehicle,0
skeleton,xps,0
skeleton,unconventional,0
skeleton,unifying,0
skeleton,updated,0
skeleton,tumor,0
skeleton,sparsity,0
skeleton,surface,0
skeleton,synthetic,0
skeleton,splitting,0
canadian,drug-drug,0
canadian,paper,0
canadian,named,0
canadian,intuitively,0
canadian,inferred,0
canadian,variously,0
canadian,wide,0
canadian,dual,0
canadian,interacts,0
canadian,mikae,0
canadian,eastern,0
canadian,colomatta,0
canadian,lutea,0
canadian,existing,0
canadian,ignore,0
canadian,connecting,0
canadian,considered,0
canadian,low-pass,0
canadian,metal,0
canadian,cocatalyst-free,0
canadian,water-splitting,0
canadian,nitride,0
canadian,present,0
canadian,literature,0
canadian,rarely,0
canadian,concentrated,0
canadian,extract,0
canadian,pharmacology,0
canadian,published,0
canadian,curated,0
canadian,generally,0
canadian,common,0
canadian,meiosis,0
canadian,increasing,0
canadian,reduced,0
canadian,gap,0
canadian,developed,0
canadian,roofs,0
canadian,cancers,0
canadian,hyperlinks,0
canadian,independently,0
canadian,differently,0
canadian,explicitly,0
canadian,obtained,0
canadian,generated,0
canadian,continuation,0
canadian,network,0
canadian,standards,0
canadian,noise,0
canadian,extracting,0
canadian,rna,0
canadian,tcga,0
canadian,pei-gcn,0
canadian,gqa,0
canadian,proposes,0
canadian,critical,0
canadian,membranes,0
canadian,result,0
canadian,pharmacological,0
canadian,three-dimensional,0
canadian,classification,0
canadian,performance,0
canadian,limited,0
canadian,fast,0
canadian,recombination,0
canadian,real-world,0
canadian,dempster-shafer,0
canadian,thousands,0
canadian,hours,0
canadian,owing,0
canadian,roads,0
canadian,utilized,0
canadian,determination,0
canadian,seoul,0
canadian,proteins,0
canadian,encoded,0
canadian,time-consuming,0
canadian,prohibitively,0
canadian,elsevier,0
canadian,psycholinguistic,0
canadian,heterojunction,0
canadian,nitrogen-rich,0
canadian,tubes,0
canadian,chemical,0
canadian,liquid,0
canadian,graphitic,0
canadian,granger,0
canadian,nodes,0
canadian,established,0
canadian,mixed,0
canadian,excellent,0
canadian,capability,0
canadian,self-healing,0
canadian,dual-stimulus,0
canadian,similar,0
canadian,smoothing,0
canadian,perform,0
canadian,households,0
canadian,strategy,0
canadian,presents,0
canadian,viable,0
canadian,trna,0
canadian,outperform,0
canadian,cutting-thin,0
canadian,string,0
canadian,descriptor,0
canadian,sgc,0
canadian,u-shaped,0
canadian,samples,0
canadian,couplings,0
canadian,research,0
canadian,pressure,0
canadian,f-score,0
canadian,graphs,0
canadian,requirement,0
canadian,numerous,0
canadian,separation,0
canadian,topologically,0
canadian,wavelengths,0
canadian,sets,0
canadian,simultaneously,0
canadian,markers,0
canadian,n-acetyltransferase,0
canadian,holes,0
canadian,resulting,0
canadian,photocatalyst,0
canadian,investigations,0
canadian,trypanosoma,0
canadian,sciences,0
canadian,medica,0
canadian,plant,0
canadian,transformers,0
canadian,harmful,0
canadian,videos,0
canadian,years,0
canadian,language,0
canadian,theory,0
canadian,leading,0
canadian,rely,0
canadian,decisions,0
canadian,heavily,0
canadian,hemisphere,0
canadian,gps,0
canadian,obu,0
canadian,material,0
canadian,gcns,0
canadian,heparin,0
canadian,relation,0
canadian,relations,0
canadian,typically,0
canadian,firstly,0
canadian,understanding,0
canadian,imdb,0
canadian,kitti,0
canadian,s-triazine,0
canadian,mscoco,0
canadian,heterogeneous,0
canadian,cnn,0
canadian,sites,0
canadian,cloud,0
canadian,points,0
canadian,photoreduction,0
canadian,ethereum,0
canadian,lstm,0
canadian,smiles,0
canadian,catalysts,0
canadian,technologies,0
canadian,capacity,0
canadian,svm,0
canadian,knn,0
canadian,softmax,0
canadian,chloroform,0
canadian,formed,0
canadian,escherichia,0
canadian,euclidean,0
canadian,patients,0
canadian,patient,0
canadian,similarity,0
canadian,rnas,0
canadian,fourier,0
canadian,initiative,0
canadian,pca,0
canadian,decades,0
canadian,copy,0
canadian,recently,0
canadian,fixation,0
canadian,molecules,0
canadian,molecule,0
canadian,edges,0
canadian,unsupervised,0
canadian,matthews,0
canadian,secure,0
canadian,nlp,0
canadian,words,0
canadian,transformer,0
canadian,water,0
canadian,wiki,0
canadian,nanosized,0
canadian,effectively,0
canadian,surge,0
canadian,data-driven,0
canadian,kinetics,0
canadian,dft,0
canadian,skeleton,0
canadian,framework,0
canadian,vehicle,0
canadian,guided,0
canadian,end,0
canadian,layer,0
canadian,subgraph,0
canadian,ftir,0
canadian,xps,0
canadian,pose,0
canadian,skeleton-based,0
canadian,euler,0
canadian,skeletongait,0
canadian,graph-based,0
canadian,informative,0
canadian,dependencies,0
canadian,proposed,0
canadian,metsulfuron,0
canadian,conduct,0
canadian,meaningful,0
canadian,revealed,0
canadian,gcaru,0
canadian,probability,0
canadian,pubmed,0
canadian,sentiments,0
canadian,electron,0
canadian,evaluation,0
canadian,role,0
canadian,kinetoplastid,0
canadian,unconventional,0
canadian,cgcnimp,0
canadian,mcc,0
canadian,relationships,0
canadian,represent,0
canadian,fenton,0
canadian,generative,0
canadian,dmax,0
canadian,unifying,0
canadian,embeddings,0
canadian,laplacian,0
canadian,updated,0
canadian,global,0
canadian,local,0
canadian,training,0
canadian,correlations,0
canadian,u-net,0
canadian,supervised,0
canadian,error,0
canadian,generate,0
canadian,showed,0
canadian,psf,0
canadian,optimal,0
canadian,presentation,0
canadian,indonesia,0
canadian,pooling,0
canadian,intratesticular,0
canadian,key,0
canadian,human,0
canadian,technique,0
canadian,factors,0
canadian,propagation,0
canadian,daily,0
canadian,learn,0
canadian,neighbor,0
canadian,evolution,0
canadian,cfz,0
canadian,single-granular,0
canadian,optical,0
canadian,desirable,0
canadian,modalities,0
canadian,high,0
canadian,module,0
canadian,representations,0
canadian,introduce,0
canadian,neural,0
canadian,expression,0
canadian,user,0
canadian,predict,0
canadian,feature,0
canadian,set,0
canadian,fully,0
canadian,tumor,0
canadian,target,0
canadian,dense,0
canadian,identify,0
canadian,convolution,0
canadian,ternary,0
canadian,trend,0
canadian,sparsity,0
canadian,recent,0
canadian,static,0
canadian,gene,0
canadian,surface,0
canadian,immune,0
canadian,knowledge,0
canadian,identification,0
canadian,predicting,0
canadian,number,0
canadian,gat,0
canadian,spatial-temporal,0
canadian,interaction,0
canadian,layers,0
canadian,challenging,0
canadian,step,0
canadian,machine,0
canadian,traffic,0
canadian,communication,0
canadian,synthetic,0
canadian,real,0
canadian,visual,0
canadian,layouts,0
canadian,cells,0
canadian,remote,0
canadian,splitting,0
canadian,parameters,0
canadian,rgb,0
canadian,improved,0
canadian,large,0
canadian,processing,0
canadian,conditions,0
canadian,pairs,0
canadian,employed,0
canadian,include,0
canadian,captures,0
canadian,learns,0
canadian,embedding,0
canadian,effective,0
canadian,photocatalytic,0
canadian,structural,0
canadian,success,0
canadian,cases,0
canadian,variation,0
canadian,identifying,0
canadian,important,0
canadian,reactions,0
canadian,memory,0
canadian,unit,0
canadian,gated,0
canadian,correction,0
canadian,constructing,0
canadian,comprehensive,0
canadian,great,0
canadian,light,0
canadian,functions,0
canadian,targets,0
canadian,multi-scale,0
canadian,structures,0
canadian,neighbors,0
canadian,part,0
canadian,progress,0
canadian,video,0
canadian,focuses,0
canadian,capturing,0
canadian,sample,0
canadian,designed,0
canadian,pollutants,0
canadian,diffusion,0
canadian,tree,0
canadian,motion,0
canadian,protein,0
canadian,point,0
canadian,reported,0
canadian,remarkable,0
canadian,center,0
framework,variously,0
framework,mikae,0
framework,lutea,0
framework,low-pass,0
framework,water-splitting,0
framework,rarely,0
framework,pharmacology,0
framework,meiosis,0
framework,hyperlinks,0
framework,standards,0
framework,rna,0
framework,tcga,0
framework,pei-gcn,0
framework,membranes,0
framework,prohibitively,0
framework,psycholinguistic,0
framework,nitrogen-rich,0
framework,tubes,0
framework,liquid,0
framework,graphitic,0
framework,granger,0
framework,self-healing,0
framework,viable,0
framework,trna,0
framework,string,0
framework,topologically,0
framework,wavelengths,0
framework,n-acetyltransferase,0
framework,photocatalyst,0
framework,trypanosoma,0
framework,sciences,0
framework,medica,0
framework,hemisphere,0
framework,obu,0
framework,material,0
framework,heparin,0
framework,imdb,0
framework,kitti,0
framework,s-triazine,0
framework,mscoco,0
framework,photoreduction,0
framework,smiles,0
framework,knn,0
framework,pca,0
framework,matthews,0
framework,nanosized,0
framework,ftir,0
framework,skeletongait,0
framework,metsulfuron,0
framework,gcaru,0
framework,kinetoplastid,0
framework,unconventional,0
framework,mcc,0
framework,u-net,0
framework,psf,0
framework,presentation,0
framework,indonesia,0
framework,intratesticular,0
framework,ternary,0
framework,splitting,0
framework,reactions,0
vehicle,water-splitting,0
vehicle,viable,0
vehicle,wavelengths,0
vehicle,years,0
vehicle,words,0
vehicle,water,0
vehicle,wiki,0
vehicle,xps,0
vehicle,visual,0
guided,named,0
guided,intuitively,0
guided,inferred,0
guided,variously,0
guided,wide,0
guided,interacts,0
guided,mikae,0
guided,lutea,0
guided,low-pass,0
guided,metal,0
guided,water-splitting,0
guided,nitride,0
guided,literature,0
guided,rarely,0
guided,pharmacology,0
guided,meiosis,0
guided,reduced,0
guided,roofs,0
guided,hyperlinks,0
guided,obtained,0
guided,standards,0
guided,rna,0
guided,tcga,0
guided,pei-gcn,0
guided,membranes,0
guided,result,0
guided,pharmacological,0
guided,three-dimensional,0
guided,recombination,0
guided,thousands,0
guided,hours,0
guided,owing,0
guided,roads,0
guided,seoul,0
guided,proteins,0
guided,time-consuming,0
guided,prohibitively,0
guided,psycholinguistic,0
guided,heterojunction,0
guided,nitrogen-rich,0
guided,tubes,0
guided,liquid,0
guided,mixed,0
guided,self-healing,0
guided,smoothing,0
guided,households,0
guided,presents,0
guided,viable,0
guided,trna,0
guided,string,0
guided,sgc,0
guided,u-shaped,0
guided,pressure,0
guided,topologically,0
guided,wavelengths,0
guided,markers,0
guided,n-acetyltransferase,0
guided,holes,0
guided,resulting,0
guided,photocatalyst,0
guided,investigations,0
guided,trypanosoma,0
guided,sciences,0
guided,medica,0
guided,plant,0
guided,transformers,0
guided,harmful,0
guided,videos,0
guided,years,0
guided,heavily,0
guided,hemisphere,0
guided,obu,0
guided,material,0
guided,heparin,0
guided,typically,0
guided,imdb,0
guided,kitti,0
guided,s-triazine,0
guided,mscoco,0
guided,heterogeneous,0
guided,sites,0
guided,points,0
guided,photoreduction,0
guided,lstm,0
guided,smiles,0
guided,technologies,0
guided,svm,0
guided,knn,0
guided,softmax,0
guided,patients,0
guided,patient,0
guided,rnas,0
guided,initiative,0
guided,pca,0
guided,molecules,0
guided,molecule,0
guided,ntu,0
guided,matthews,0
guided,secure,0
guided,transformer,0
guided,water,0
guided,wiki,0
guided,nanosized,0
guided,surge,0
guided,kinetics,0
guided,skeleton,0
guided,vehicle,0
guided,subgraph,0
guided,xps,0
guided,pose,0
guided,skeleton-based,0
guided,skeletongait,0
guided,metsulfuron,0
guided,revealed,0
guided,methodology,0
guided,pubmed,0
guided,sentiments,0
guided,role,0
guided,kinetoplastid,0
guided,unconventional,0
guided,mcc,0
guided,represent,0
guided,unifying,0
guided,laplacian,0
guided,topic,0
guided,updated,0
guided,u-net,0
guided,psf,0
guided,presentation,0
guided,indonesia,0
guided,pooling,0
guided,intratesticular,0
guided,key,0
guided,human,0
guided,technique,0
guided,single-granular,0
guided,optical,0
guided,set,0
guided,tumor,0
guided,recognition,0
guided,multiple,0
guided,ternary,0
guided,trend,0
guided,sparsity,0
guided,static,0
guided,surface,0
guided,immune,0
guided,identification,0
guided,predicting,0
guided,spatial-temporal,0
guided,machine,0
guided,synthetic,0
guided,layouts,0
guided,remote,0
guided,splitting,0
guided,parameters,0
guided,rgb,0
guided,improved,0
guided,large,0
guided,include,0
guided,learns,0
guided,photocatalytic,0
guided,success,0
guided,variation,0
guided,identifying,0
guided,important,0
guided,reactions,0
guided,memory,0
guided,unit,0
guided,light,0
guided,targets,0
guided,multi-scale,0
guided,utilization,0
guided,structures,0
guided,neighbors,0
guided,part,0
guided,progress,0
guided,video,0
guided,traditional,0
guided,sample,0
guided,pollutants,0
guided,motion,0
guided,protein,0
guided,reported,0
end,variously,0
end,interacts,0
end,mikae,0
end,lutea,0
end,low-pass,0
end,metal,0
end,water-splitting,0
end,literature,0
end,rarely,0
end,pharmacology,0
end,published,0
end,meiosis,0
end,roofs,0
end,hyperlinks,0
end,explicitly,0
end,rna,0
end,tcga,0
end,pei-gcn,0
end,gqa,0
end,proposes,0
end,membranes,0
end,pharmacological,0
end,three-dimensional,0
end,fast,0
end,recombination,0
end,thousands,0
end,hours,0
end,owing,0
end,roads,0
end,seoul,0
end,prohibitively,0
end,psycholinguistic,0
end,heterojunction,0
end,nitrogen-rich,0
end,tubes,0
end,liquid,0
end,granger,0
end,established,0
end,self-healing,0
end,similar,0
end,smoothing,0
end,households,0
end,trna,0
end,outperform,0
end,string,0
end,sgc,0
end,f-score,0
end,requirement,0
end,topologically,0
end,wavelengths,0
end,markers,0
end,n-acetyltransferase,0
end,holes,0
end,investigations,0
end,trypanosoma,0
end,sciences,0
end,medica,0
end,plant,0
end,transformers,0
end,harmful,0
end,theory,0
end,leading,0
end,heavily,0
end,hemisphere,0
end,obu,0
end,heparin,0
end,typically,0
end,imdb,0
end,kitti,0
end,s-triazine,0
end,mscoco,0
end,photoreduction,0
end,ethereum,0
end,technologies,0
end,svm,0
end,knn,0
end,softmax,0
end,formed,0
end,escherichia,0
end,euclidean,0
end,patient,0
end,rnas,0
end,fourier,0
end,initiative,0
end,pca,0
end,molecules,0
end,molecule,0
end,ntu,0
end,secure,0
end,nlp,0
end,words,0
end,water,0
end,wiki,0
end,nanosized,0
end,surge,0
end,kinetics,0
end,skeleton,0
end,vehicle,0
end,ftir,0
end,xps,0
end,euler,0
end,skeletongait,0
end,informative,0
end,metsulfuron,0
end,meaningful,0
end,gcaru,0
end,pubmed,0
end,sentiments,0
end,kinetoplastid,0
end,unconventional,0
end,mcc,0
end,fenton,0
end,unifying,0
end,laplacian,0
end,topic,0
end,updated,0
end,supervised,0
end,psf,0
end,presentation,0
end,indonesia,0
end,intratesticular,0
end,key,0
end,single-granular,0
end,set,0
end,tumor,0
end,ternary,0
end,faces,0
end,static,0
end,gat,0
end,step,0
end,layouts,0
end,splitting,0
end,pairs,0
end,include,0
end,variation,0
end,identifying,0
end,unit,0
end,gated,0
end,functions,0
end,targets,0
end,part,0
end,pollutants,0
end,tree,0
layer,variously,0
layer,mikae,0
layer,lutea,0
layer,low-pass,0
layer,metal,0
layer,water-splitting,0
layer,pharmacology,0
layer,meiosis,0
layer,roofs,0
layer,standards,0
layer,rna,0
layer,pharmacological,0
layer,recombination,0
layer,thousands,0
layer,seoul,0
layer,prohibitively,0
layer,psycholinguistic,0
layer,nitrogen-rich,0
layer,tubes,0
layer,liquid,0
layer,self-healing,0
layer,smoothing,0
layer,viable,0
layer,trna,0
layer,string,0
layer,u-shaped,0
layer,topologically,0
layer,wavelengths,0
layer,markers,0
layer,n-acetyltransferase,0
layer,trypanosoma,0
layer,sciences,0
layer,medica,0
layer,plant,0
layer,theory,0
layer,obu,0
layer,s-triazine,0
layer,mscoco,0
layer,sites,0
layer,photoreduction,0
layer,svm,0
layer,pca,0
layer,matthews,0
layer,secure,0
layer,water,0
layer,wiki,0
layer,nanosized,0
layer,surge,0
layer,subgraph,0
layer,xps,0
layer,skeletongait,0
layer,metsulfuron,0
layer,probability,0
layer,sentiments,0
layer,unconventional,0
layer,mcc,0
layer,unifying,0
layer,psf,0
layer,presentation,0
layer,single-granular,0
layer,ternary,0
layer,layouts,0
layer,splitting,0
layer,utilization,0
layer,part,0
layer,reported,0
results,variously,0
results,roofs,0
results,tubes,0
results,self-healing,0
results,trna,0
results,unconventional,0
learning,variously,0
learning,mikae,0
learning,lutea,0
learning,water-splitting,0
learning,nitride,0
learning,pharmacology,0
learning,meiosis,0
learning,pei-gcn,0
learning,membranes,0
learning,seoul,0
learning,nitrogen-rich,0
learning,tubes,0
learning,self-healing,0
learning,trna,0
learning,topologically,0
learning,wavelengths,0
learning,n-acetyltransferase,0
learning,photocatalyst,0
learning,trypanosoma,0
learning,medica,0
learning,plant,0
learning,s-triazine,0
learning,photoreduction,0
learning,nanosized,0
learning,xps,0
learning,skeletongait,0
learning,metsulfuron,0
learning,unconventional,0
learning,psf,0
learning,ternary,0
learning,splitting,0
learning,photocatalytic,0
subgraph,variously,0
subgraph,wide,0
subgraph,water-splitting,0
subgraph,systems,0
subgraph,tcga,0
subgraph,three-dimensional,0
subgraph,thousands,0
subgraph,utilized,0
subgraph,time-consuming,0
subgraph,tubes,0
subgraph,viable,0
subgraph,trna,0
subgraph,u-shaped,0
subgraph,topologically,0
subgraph,wavelengths,0
subgraph,trypanosoma,0
subgraph,transformers,0
subgraph,years,0
subgraph,theory,0
subgraph,understanding,0
subgraph,technologies,0
subgraph,svm,0
subgraph,unsupervised,0
subgraph,transformer,0
subgraph,system,0
subgraph,water,0
subgraph,wiki,0
subgraph,surge,0
subgraph,vehicle,0
subgraph,xps,0
subgraph,unconventional,0
subgraph,unifying,0
subgraph,topic,0
subgraph,updated,0
subgraph,training,0
subgraph,u-net,0
subgraph,supervised,0
subgraph,works,0
subgraph,user,0
subgraph,tumor,0
subgraph,target,0
subgraph,ternary,0
subgraph,trend,0
subgraph,surface,0
subgraph,synthetic,0
subgraph,success,0
subgraph,variation,0
subgraph,targets,0
subgraph,utilization,0
subgraph,tree,0
ftir,paper,0
ftir,named,0
ftir,intuitively,0
ftir,inferred,0
ftir,variously,0
ftir,wide,0
ftir,specifically,0
ftir,interacts,0
ftir,mikae,0
ftir,lutea,0
ftir,input,0
ftir,ignore,0
ftir,graph,0
ftir,low-pass,0
ftir,water-splitting,0
ftir,literature,0
ftir,rarely,0
ftir,pharmacology,0
ftir,generally,0
ftir,meiosis,0
ftir,increasing,0
ftir,gap,0
ftir,roofs,0
ftir,hyperlinks,0
ftir,independently,0
ftir,generated,0
ftir,systems,0
ftir,network,0
ftir,standards,0
ftir,networks,0
ftir,noise,0
ftir,rna,0
ftir,tcga,0
ftir,pei-gcn,0
ftir,gqa,0
ftir,proposes,0
ftir,models,0
ftir,result,0
ftir,pharmacological,0
ftir,three-dimensional,0
ftir,problem,0
ftir,node,0
ftir,limited,0
ftir,real-world,0
ftir,thousands,0
ftir,hours,0
ftir,owing,0
ftir,propose,0
ftir,roads,0
ftir,tasks,0
ftir,seoul,0
ftir,proteins,0
ftir,time-consuming,0
ftir,prohibitively,0
ftir,psycholinguistic,0
ftir,nitrogen-rich,0
ftir,tubes,0
ftir,liquid,0
ftir,granger,0
ftir,nodes,0
ftir,mixed,0
ftir,self-healing,0
ftir,similar,0
ftir,smoothing,0
ftir,perform,0
ftir,households,0
ftir,viable,0
ftir,trna,0
ftir,outperform,0
ftir,string,0
ftir,sgc,0
ftir,u-shaped,0
ftir,pressure,0
ftir,graphs,0
ftir,requirement,0
ftir,numerous,0
ftir,topologically,0
ftir,wavelengths,0
ftir,sets,0
ftir,markers,0
ftir,n-acetyltransferase,0
ftir,holes,0
ftir,resulting,0
ftir,investigations,0
ftir,trypanosoma,0
ftir,sciences,0
ftir,medica,0
ftir,plant,0
ftir,transformers,0
ftir,harmful,0
ftir,videos,0
ftir,years,0
ftir,language,0
ftir,theory,0
ftir,leading,0
ftir,rely,0
ftir,heavily,0
ftir,hemisphere,0
ftir,gps,0
ftir,obu,0
ftir,gcns,0
ftir,heparin,0
ftir,relation,0
ftir,relations,0
ftir,typically,0
ftir,imdb,0
ftir,kitti,0
ftir,s-triazine,0
ftir,mscoco,0
ftir,sites,0
ftir,points,0
ftir,improve,0
ftir,photoreduction,0
ftir,lstm,0
ftir,smiles,0
ftir,technologies,0
ftir,svm,0
ftir,knn,0
ftir,softmax,0
ftir,patients,0
ftir,patient,0
ftir,similarity,0
ftir,rnas,0
ftir,initiative,0
ftir,pca,0
ftir,molecules,0
ftir,molecule,0
ftir,ntu,0
ftir,unsupervised,0
ftir,matthews,0
ftir,secure,0
ftir,nlp,0
ftir,words,0
ftir,transformer,0
ftir,system,0
ftir,wiki,0
ftir,nanosized,0
ftir,surge,0
ftir,kinetics,0
ftir,skeleton,0
ftir,vehicle,0
ftir,guided,0
ftir,learning,0
ftir,subgraph,0
ftir,pose,0
ftir,skeleton-based,0
ftir,skeletongait,0
ftir,graph-based,0
ftir,informative,0
ftir,proposed,0
ftir,metsulfuron,0
ftir,meaningful,0
ftir,gcaru,0
ftir,probability,0
ftir,spatial,0
ftir,pubmed,0
ftir,sentiments,0
ftir,information,0
ftir,role,0
ftir,kinetoplastid,0
ftir,unconventional,0
ftir,mcc,0
ftir,optimization,0
ftir,relationships,0
ftir,representation,0
ftir,represent,0
ftir,generative,0
ftir,unifying,0
ftir,laplacian,0
ftir,topic,0
ftir,updated,0
ftir,global,0
ftir,local,0
ftir,training,0
ftir,u-net,0
ftir,supervised,0
ftir,works,0
ftir,generate,0
ftir,psf,0
ftir,optimal,0
ftir,presentation,0
ftir,indonesia,0
ftir,pooling,0
ftir,intratesticular,0
ftir,key,0
ftir,human,0
ftir,technique,0
ftir,prediction,0
ftir,propagation,0
ftir,time,0
ftir,learn,0
ftir,neighbor,0
ftir,single-granular,0
ftir,modalities,0
ftir,module,0
ftir,representations,0
ftir,introduce,0
ftir,neural,0
ftir,user,0
ftir,management,0
ftir,predict,0
ftir,set,0
ftir,fully,0
ftir,tumor,0
ftir,target,0
ftir,recognition,0
ftir,identify,0
ftir,multiple,0
ftir,trend,0
ftir,sparsity,0
ftir,static,0
ftir,gene,0
ftir,immune,0
ftir,knowledge,0
ftir,temporal,0
ftir,identification,0
ftir,predicting,0
ftir,number,0
ftir,validate,0
ftir,gat,0
ftir,spatial-temporal,0
ftir,single,0
ftir,layers,0
ftir,task,0
ftir,step,0
ftir,machine,0
ftir,traffic,0
ftir,synthetic,0
ftir,real,0
ftir,visual,0
ftir,layouts,0
ftir,remote,0
ftir,splitting,0
ftir,rgb,0
ftir,show,0
ftir,large,0
ftir,processing,0
ftir,previous,0
ftir,pairs,0
ftir,include,0
ftir,learns,0
ftir,structural,0
ftir,success,0
ftir,identifying,0
ftir,memory,0
ftir,unit,0
ftir,gated,0
ftir,patterns,0
ftir,functions,0
ftir,targets,0
ftir,multi-scale,0
ftir,utilization,0
ftir,structures,0
ftir,neighbors,0
ftir,part,0
ftir,progress,0
ftir,video,0
ftir,tree,0
ftir,motion,0
ftir,types,0
ftir,protein,0
ftir,point,0
ftir,reported,0
ftir,remarkable,0
pose,variously,0
pose,water-splitting,0
pose,roofs,0
pose,standards,0
pose,rna,0
pose,tcga,0
pose,thousands,0
pose,roads,0
pose,seoul,0
pose,proteins,0
pose,time-consuming,0
pose,prohibitively,0
pose,psycholinguistic,0
pose,tubes,0
pose,self-healing,0
pose,smoothing,0
pose,viable,0
pose,trna,0
pose,string,0
pose,sgc,0
pose,pressure,0
pose,requirement,0
pose,topologically,0
pose,wavelengths,0
pose,resulting,0
pose,trypanosoma,0
pose,sciences,0
pose,theory,0
pose,s-triazine,0
pose,smiles,0
pose,technologies,0
pose,svm,0
pose,softmax,0
pose,rnas,0
pose,secure,0
pose,words,0
pose,wiki,0
pose,surge,0
pose,vehicle,0
pose,subgraph,0
pose,xps,0
pose,skeletongait,0
pose,probability,0
pose,pubmed,0
pose,sentiments,0
pose,unconventional,0
pose,unifying,0
pose,updated,0
pose,psf,0
pose,presentation,0
pose,single-granular,0
pose,user,0
pose,tumor,0
pose,ternary,0
pose,trend,0
pose,sparsity,0
pose,traffic,0
pose,synthetic,0
pose,splitting,0
pose,variation,0
pose,reactions,0
pose,targets,0
pose,reported,0
skeleton-based,variously,0
skeleton-based,water-splitting,0
skeleton-based,standards,0
skeleton-based,tcga,0
skeleton-based,three-dimensional,0
skeleton-based,thousands,0
skeleton-based,time-consuming,0
skeleton-based,tubes,0
skeleton-based,smoothing,0
skeleton-based,viable,0
skeleton-based,trna,0
skeleton-based,string,0
skeleton-based,topologically,0
skeleton-based,wavelengths,0
skeleton-based,trypanosoma,0
skeleton-based,transformers,0
skeleton-based,theory,0
skeleton-based,smiles,0
skeleton-based,technologies,0
skeleton-based,svm,0
skeleton-based,words,0
skeleton-based,system,0
skeleton-based,water,0
skeleton-based,wiki,0
skeleton-based,surge,0
skeleton-based,vehicle,0
skeleton-based,xps,0
skeleton-based,skeletongait,0
skeleton-based,unconventional,0
skeleton-based,unifying,0
skeleton-based,updated,0
skeleton-based,user,0
skeleton-based,tumor,0
skeleton-based,target,0
skeleton-based,sparsity,0
skeleton-based,static,0
skeleton-based,surface,0
skeleton-based,visual,0
skeleton-based,variation,0
skeleton-based,targets,0
skeleton-based,stability,0
algorithm,drug-drug,0
algorithm,variously,0
algorithm,dual,0
algorithm,anchored,0
algorithm,interacts,0
algorithm,mikae,0
algorithm,eastern,0
algorithm,bulbosa,0
algorithm,colomatta,0
algorithm,lutea,0
algorithm,benefit,0
algorithm,connecting,0
algorithm,low-pass,0
algorithm,cocatalyst-free,0
algorithm,water-splitting,0
algorithm,nitride,0
algorithm,concentrated,0
algorithm,pharmacology,0
algorithm,curated,0
algorithm,meiosis,0
algorithm,roofs,0
algorithm,hyperlinks,0
algorithm,differently,0
algorithm,explicitly,0
algorithm,continuation,0
algorithm,standards,0
algorithm,tcga,0
algorithm,pei-gcn,0
algorithm,gqa,0
algorithm,membranes,0
algorithm,pharmacological,0
algorithm,recombination,0
algorithm,dempster-shafer,0
algorithm,determination,0
algorithm,seoul,0
algorithm,prohibitively,0
algorithm,psycholinguistic,0
algorithm,heterojunction,0
algorithm,nitrogen-rich,0
algorithm,tubes,0
algorithm,liquid,0
algorithm,graphitic,0
algorithm,granger,0
algorithm,self-healing,0
algorithm,dual-stimulus,0
algorithm,households,0
algorithm,apartments,0
algorithm,viable,0
algorithm,trna,0
algorithm,cutting-thin,0
algorithm,string,0
algorithm,sgc,0
algorithm,u-shaped,0
algorithm,couplings,0
algorithm,topologically,0
algorithm,wavelengths,0
algorithm,markers,0
algorithm,n-acetyltransferase,0
algorithm,holes,0
algorithm,photocatalyst,0
algorithm,trypanosoma,0
algorithm,sciences,0
algorithm,medica,0
algorithm,plant,0
algorithm,harmful,0
algorithm,hemisphere,0
algorithm,gps,0
algorithm,obu,0
algorithm,heparin,0
algorithm,imdb,0
algorithm,artifact,0
algorithm,s-triazine,0
algorithm,photoreduction,0
algorithm,ethereum,0
algorithm,smiles,0
algorithm,catalysts,0
algorithm,capacity,0
algorithm,softmax,0
algorithm,chloroform,0
algorithm,formed,0
algorithm,escherichia,0
algorithm,fourier,0
algorithm,initiative,0
algorithm,pca,0
algorithm,decades,0
algorithm,fixation,0
algorithm,molecule,0
algorithm,ntu,0
algorithm,secure,0
algorithm,water,0
algorithm,nanosized,0
algorithm,surge,0
algorithm,data-driven,0
algorithm,kinetics,0
algorithm,canadian,0
algorithm,ftir,0
algorithm,xps,0
algorithm,euler,0
algorithm,skeletongait,0
algorithm,metsulfuron,0
algorithm,revealed,0
algorithm,gcaru,0
algorithm,sentiments,0
algorithm,electron,0
algorithm,kinetoplastid,0
algorithm,unconventional,0
algorithm,cgcnimp,0
algorithm,mcc,0
algorithm,auprc,0
algorithm,fenton,0
algorithm,dmax,0
algorithm,unifying,0
algorithm,u-net,0
algorithm,presentation,0
algorithm,indonesia,0
algorithm,intratesticular,0
algorithm,aminoacyl,0
algorithm,cfz,0
algorithm,optical,0
algorithm,desirable,0
algorithm,tumor,0
algorithm,ternary,0
algorithm,layouts,0
algorithm,splitting,0
algorithm,rgb,0
algorithm,photocatalytic,0
algorithm,reactions,0
algorithm,correction,0
algorithm,pollutants,0
algorithm,diffusion,0
algorithm,tree,0
algorithm,center,0
algorithm,band,0
euler,paper,0
euler,named,0
euler,method,0
euler,intuitively,0
euler,inferred,0
euler,variously,0
euler,wide,0
euler,interacts,0
euler,mikae,0
euler,lutea,0
euler,input,0
euler,existing,0
euler,ignore,0
euler,low-pass,0
euler,metal,0
euler,water-splitting,0
euler,nitride,0
euler,literature,0
euler,rarely,0
euler,extract,0
euler,pharmacology,0
euler,published,0
euler,generally,0
euler,meiosis,0
euler,increasing,0
euler,reduced,0
euler,roofs,0
euler,hyperlinks,0
euler,independently,0
euler,explicitly,0
euler,obtained,0
euler,generated,0
euler,systems,0
euler,standards,0
euler,networks,0
euler,noise,0
euler,extracting,0
euler,rna,0
euler,tcga,0
euler,pei-gcn,0
euler,gqa,0
euler,proposes,0
euler,membranes,0
euler,models,0
euler,result,0
euler,pharmacological,0
euler,three-dimensional,0
euler,problem,0
euler,limited,0
euler,fast,0
euler,recombination,0
euler,real-world,0
euler,thousands,0
euler,hours,0
euler,owing,0
euler,propose,0
euler,roads,0
euler,tasks,0
euler,utilized,0
euler,process,0
euler,seoul,0
euler,proteins,0
euler,time-consuming,0
euler,prohibitively,0
euler,psycholinguistic,0
euler,heterojunction,0
euler,nitrogen-rich,0
euler,tubes,0
euler,liquid,0
euler,work,0
euler,graphitic,0
euler,gcn,0
euler,granger,0
euler,nodes,0
euler,mixed,0
euler,excellent,0
euler,self-healing,0
euler,smoothing,0
euler,perform,0
euler,households,0
euler,study,0
euler,strategy,0
euler,presents,0
euler,viable,0
euler,trna,0
euler,outperform,0
euler,string,0
euler,sgc,0
euler,u-shaped,0
euler,samples,0
euler,research,0
euler,pressure,0
euler,f-score,0
euler,graphs,0
euler,requirement,0
euler,numerous,0
euler,separation,0
euler,topologically,0
euler,wavelengths,0
euler,sets,0
euler,simultaneously,0
euler,markers,0
euler,n-acetyltransferase,0
euler,holes,0
euler,resulting,0
euler,photocatalyst,0
euler,investigations,0
euler,trypanosoma,0
euler,sciences,0
euler,medica,0
euler,plant,0
euler,transformers,0
euler,harmful,0
euler,videos,0
euler,features,0
euler,years,0
euler,language,0
euler,theory,0
euler,leading,0
euler,rely,0
euler,heavily,0
euler,hemisphere,0
euler,gps,0
euler,obu,0
euler,material,0
euler,gcns,0
euler,heparin,0
euler,relation,0
euler,relations,0
euler,typically,0
euler,firstly,0
euler,understanding,0
euler,kitti,0
euler,s-triazine,0
euler,mscoco,0
euler,heterogeneous,0
euler,model,0
euler,sites,0
euler,points,0
euler,improve,0
euler,photoreduction,0
euler,lstm,0
euler,smiles,0
euler,technologies,0
euler,svm,0
euler,knn,0
euler,softmax,0
euler,formed,0
euler,patients,0
euler,patient,0
euler,similarity,0
euler,rnas,0
euler,fourier,0
euler,initiative,0
euler,pca,0
euler,recently,0
euler,fixation,0
euler,molecules,0
euler,molecule,0
euler,ntu,0
euler,unsupervised,0
euler,matthews,0
euler,secure,0
euler,nlp,0
euler,words,0
euler,transformer,0
euler,system,0
euler,water,0
euler,wiki,0
euler,nanosized,0
euler,surge,0
euler,kinetics,0
euler,skeleton,0
euler,framework,0
euler,vehicle,0
euler,guided,0
euler,layer,0
euler,subgraph,0
euler,ftir,0
euler,xps,0
euler,pose,0
euler,skeleton-based,0
euler,skeletongait,0
euler,graph-based,0
euler,informative,0
euler,proposed,0
euler,metsulfuron,0
euler,meaningful,0
euler,revealed,0
euler,gcaru,0
euler,probability,0
euler,methodology,0
euler,spatial,0
euler,pubmed,0
euler,sentiments,0
euler,evaluation,0
euler,role,0
euler,kinetoplastid,0
euler,unconventional,0
euler,mcc,0
euler,optimization,0
euler,relationships,0
euler,represent,0
euler,fenton,0
euler,generative,0
euler,unifying,0
euler,laplacian,0
euler,updated,0
euler,global,0
euler,local,0
euler,training,0
euler,u-net,0
euler,supervised,0
euler,works,0
euler,generate,0
euler,showed,0
euler,psf,0
euler,optimal,0
euler,presentation,0
euler,indonesia,0
euler,pooling,0
euler,intratesticular,0
euler,key,0
euler,human,0
euler,technique,0
euler,prediction,0
euler,factors,0
euler,propagation,0
euler,time,0
euler,learn,0
euler,neighbor,0
euler,evolution,0
euler,single-granular,0
euler,optical,0
euler,focus,0
euler,modalities,0
euler,high,0
euler,module,0
euler,representations,0
euler,introduce,0
euler,neural,0
euler,expression,0
euler,user,0
euler,management,0
euler,predict,0
euler,feature,0
euler,set,0
euler,fully,0
euler,tumor,0
euler,target,0
euler,studies,0
euler,recognition,0
euler,identify,0
euler,multiple,0
euler,ternary,0
euler,trend,0
euler,sparsity,0
euler,faces,0
euler,recent,0
euler,static,0
euler,gene,0
euler,surface,0
euler,significant,0
euler,immune,0
euler,knowledge,0
euler,temporal,0
euler,identification,0
euler,predicting,0
euler,number,0
euler,validate,0
euler,gat,0
euler,spatial-temporal,0
euler,single,0
euler,interaction,0
euler,layers,0
euler,task,0
euler,step,0
euler,machine,0
euler,traffic,0
euler,synthetic,0
euler,real,0
euler,visual,0
euler,layouts,0
euler,remote,0
euler,splitting,0
euler,parameters,0
euler,rgb,0
euler,improved,0
euler,show,0
euler,large,0
euler,processing,0
euler,previous,0
euler,pairs,0
euler,include,0
euler,learns,0
euler,photocatalytic,0
euler,structural,0
euler,success,0
euler,variation,0
euler,identifying,0
euler,important,0
euler,reactions,0
euler,memory,0
euler,unit,0
euler,gated,0
euler,patterns,0
euler,field,0
euler,great,0
euler,light,0
euler,functions,0
euler,targets,0
euler,multi-scale,0
euler,utilization,0
euler,structures,0
euler,neighbors,0
euler,part,0
euler,progress,0
euler,video,0
euler,focuses,0
euler,stability,0
euler,sample,0
euler,pollutants,0
euler,tree,0
euler,motion,0
euler,types,0
euler,protein,0
euler,point,0
euler,reported,0
euler,remarkable,0
skeletongait,variously,0
skeletongait,wide,0
skeletongait,specifically,0
skeletongait,structure,0
skeletongait,water-splitting,0
skeletongait,systems,0
skeletongait,standards,0
skeletongait,tcga,0
skeletongait,three-dimensional,0
skeletongait,thousands,0
skeletongait,tasks,0
skeletongait,utilized,0
skeletongait,time-consuming,0
skeletongait,tubes,0
skeletongait,work,0
skeletongait,smoothing,0
skeletongait,study,0
skeletongait,strategy,0
skeletongait,viable,0
skeletongait,trna,0
skeletongait,string,0
skeletongait,u-shaped,0
skeletongait,topologically,0
skeletongait,wavelengths,0
skeletongait,trypanosoma,0
skeletongait,transformers,0
skeletongait,videos,0
skeletongait,years,0
skeletongait,theory,0
skeletongait,typically,0
skeletongait,understanding,0
skeletongait,smiles,0
skeletongait,technologies,0
skeletongait,svm,0
skeletongait,softmax,0
skeletongait,unsupervised,0
skeletongait,words,0
skeletongait,transformer,0
skeletongait,water,0
skeletongait,wiki,0
skeletongait,surge,0
skeletongait,vehicle,0
skeletongait,subgraph,0
skeletongait,xps,0
skeletongait,spatial,0
skeletongait,unconventional,0
skeletongait,unifying,0
skeletongait,topic,0
skeletongait,updated,0
skeletongait,training,0
skeletongait,u-net,0
skeletongait,supervised,0
skeletongait,works,0
skeletongait,technique,0
skeletongait,time,0
skeletongait,user,0
skeletongait,tumor,0
skeletongait,target,0
skeletongait,studies,0
skeletongait,ternary,0
skeletongait,trend,0
skeletongait,sparsity,0
skeletongait,static,0
skeletongait,surface,0
skeletongait,temporal,0
skeletongait,validate,0
skeletongait,spatial-temporal,0
skeletongait,task,0
skeletongait,step,0
skeletongait,traffic,0
skeletongait,synthetic,0
skeletongait,visual,0
skeletongait,splitting,0
skeletongait,structural,0
skeletongait,success,0
skeletongait,variation,0
skeletongait,unit,0
skeletongait,targets,0
skeletongait,utilization,0
skeletongait,structures,0
skeletongait,video,0
skeletongait,traditional,0
skeletongait,stability,0
skeletongait,tree,0
graph-based,intuitively,0
graph-based,inferred,0
graph-based,variously,0
graph-based,interacts,0
graph-based,mikae,0
graph-based,lutea,0
graph-based,low-pass,0
graph-based,metal,0
graph-based,water-splitting,0
graph-based,nitride,0
graph-based,pharmacology,0
graph-based,meiosis,0
graph-based,roofs,0
graph-based,hyperlinks,0
graph-based,independently,0
graph-based,standards,0
graph-based,tcga,0
graph-based,pei-gcn,0
graph-based,membranes,0
graph-based,pharmacological,0
graph-based,recombination,0
graph-based,thousands,0
graph-based,hours,0
graph-based,roads,0
graph-based,seoul,0
graph-based,psycholinguistic,0
graph-based,heterojunction,0
graph-based,nitrogen-rich,0
graph-based,tubes,0
graph-based,liquid,0
graph-based,graphitic,0
graph-based,self-healing,0
graph-based,households,0
graph-based,viable,0
graph-based,trna,0
graph-based,string,0
graph-based,sgc,0
graph-based,u-shaped,0
graph-based,separation,0
graph-based,topologically,0
graph-based,wavelengths,0
graph-based,markers,0
graph-based,n-acetyltransferase,0
graph-based,holes,0
graph-based,photocatalyst,0
graph-based,investigations,0
graph-based,trypanosoma,0
graph-based,sciences,0
graph-based,medica,0
graph-based,plant,0
graph-based,harmful,0
graph-based,hemisphere,0
graph-based,obu,0
graph-based,material,0
graph-based,heparin,0
graph-based,imdb,0
graph-based,s-triazine,0
graph-based,mscoco,0
graph-based,photoreduction,0
graph-based,smiles,0
graph-based,technologies,0
graph-based,svm,0
graph-based,knn,0
graph-based,pca,0
graph-based,molecule,0
graph-based,matthews,0
graph-based,wiki,0
graph-based,nanosized,0
graph-based,surge,0
graph-based,subgraph,0
graph-based,xps,0
graph-based,skeletongait,0
graph-based,metsulfuron,0
graph-based,revealed,0
graph-based,probability,0
graph-based,pubmed,0
graph-based,kinetoplastid,0
graph-based,unconventional,0
graph-based,mcc,0
graph-based,unifying,0
graph-based,psf,0
graph-based,indonesia,0
graph-based,intratesticular,0
graph-based,single-granular,0
graph-based,tumor,0
graph-based,surface,0
graph-based,immune,0
graph-based,splitting,0
graph-based,include,0
graph-based,photocatalytic,0
graph-based,reactions,0
graph-based,pollutants,0
informative,variously,0
informative,interacts,0
informative,mikae,0
informative,lutea,0
informative,low-pass,0
informative,metal,0
informative,water-splitting,0
informative,nitride,0
informative,rarely,0
informative,pharmacology,0
informative,published,0
informative,meiosis,0
informative,reduced,0
informative,roofs,0
informative,standards,0
informative,rna,0
informative,tcga,0
informative,pei-gcn,0
informative,membranes,0
informative,result,0
informative,pharmacological,0
informative,three-dimensional,0
informative,problem,0
informative,recombination,0
informative,thousands,0
informative,roads,0
informative,seoul,0
informative,prohibitively,0
informative,psycholinguistic,0
informative,nitrogen-rich,0
informative,tubes,0
informative,liquid,0
informative,mixed,0
informative,self-healing,0
informative,similar,0
informative,smoothing,0
informative,presents,0
informative,viable,0
informative,trna,0
informative,string,0
informative,sgc,0
informative,u-shaped,0
informative,pressure,0
informative,requirement,0
informative,numerous,0
informative,separation,0
informative,topologically,0
informative,wavelengths,0
informative,sets,0
informative,markers,0
informative,n-acetyltransferase,0
informative,resulting,0
informative,photocatalyst,0
informative,investigations,0
informative,trypanosoma,0
informative,sciences,0
informative,medica,0
informative,plant,0
informative,rely,0
informative,obu,0
informative,material,0
informative,typically,0
informative,kitti,0
informative,s-triazine,0
informative,mscoco,0
informative,sites,0
informative,points,0
informative,photoreduction,0
informative,smiles,0
informative,svm,0
informative,knn,0
informative,softmax,0
informative,rnas,0
informative,initiative,0
informative,pca,0
informative,molecules,0
informative,molecule,0
informative,matthews,0
informative,secure,0
informative,nlp,0
informative,words,0
informative,system,0
informative,water,0
informative,wiki,0
informative,nanosized,0
informative,surge,0
informative,kinetics,0
informative,vehicle,0
informative,subgraph,0
informative,xps,0
informative,skeletongait,0
informative,metsulfuron,0
informative,meaningful,0
informative,probability,0
informative,methodology,0
informative,pubmed,0
informative,sentiments,0
informative,role,0
informative,kinetoplastid,0
informative,unconventional,0
informative,mcc,0
informative,optimization,0
informative,represent,0
informative,unifying,0
informative,laplacian,0
informative,updated,0
informative,u-net,0
informative,showed,0
informative,psf,0
informative,optimal,0
informative,presentation,0
informative,intratesticular,0
informative,key,0
informative,single-granular,0
informative,optical,0
informative,modalities,0
informative,management,0
informative,tumor,0
informative,ternary,0
informative,trend,0
informative,static,0
informative,surface,0
informative,validate,0
informative,single,0
informative,step,0
informative,visual,0
informative,layouts,0
informative,remote,0
informative,splitting,0
informative,photocatalytic,0
informative,structural,0
informative,variation,0
informative,reactions,0
informative,memory,0
informative,unit,0
informative,light,0
informative,targets,0
informative,multi-scale,0
informative,utilization,0
informative,video,0
informative,sample,0
informative,pollutants,0
informative,tree,0
informative,motion,0
informative,protein,0
dependencies,drug-drug,0
dependencies,intuitively,0
dependencies,inferred,0
dependencies,variously,0
dependencies,interacts,0
dependencies,mikae,0
dependencies,eastern,0
dependencies,lutea,0
dependencies,low-pass,0
dependencies,metal,0
dependencies,water-splitting,0
dependencies,nitride,0
dependencies,pharmacology,0
dependencies,meiosis,0
dependencies,roofs,0
dependencies,standards,0
dependencies,rna,0
dependencies,tcga,0
dependencies,pei-gcn,0
dependencies,gqa,0
dependencies,membranes,0
dependencies,pharmacological,0
dependencies,recombination,0
dependencies,thousands,0
dependencies,determination,0
dependencies,proteins,0
dependencies,prohibitively,0
dependencies,psycholinguistic,0
dependencies,heterojunction,0
dependencies,nitrogen-rich,0
dependencies,tubes,0
dependencies,liquid,0
dependencies,graphitic,0
dependencies,self-healing,0
dependencies,dual-stimulus,0
dependencies,smoothing,0
dependencies,households,0
dependencies,trna,0
dependencies,string,0
dependencies,descriptor,0
dependencies,sgc,0
dependencies,pressure,0
dependencies,f-score,0
dependencies,separation,0
dependencies,topologically,0
dependencies,wavelengths,0
dependencies,markers,0
dependencies,n-acetyltransferase,0
dependencies,holes,0
dependencies,photocatalyst,0
dependencies,investigations,0
dependencies,trypanosoma,0
dependencies,sciences,0
dependencies,medica,0
dependencies,plant,0
dependencies,harmful,0
dependencies,hemisphere,0
dependencies,material,0
dependencies,heparin,0
dependencies,imdb,0
dependencies,s-triazine,0
dependencies,mscoco,0
dependencies,sites,0
dependencies,photoreduction,0
dependencies,ethereum,0
dependencies,smiles,0
dependencies,technologies,0
dependencies,svm,0
dependencies,knn,0
dependencies,escherichia,0
dependencies,rnas,0
dependencies,fourier,0
dependencies,initiative,0
dependencies,pca,0
dependencies,fixation,0
dependencies,molecules,0
dependencies,molecule,0
dependencies,matthews,0
dependencies,secure,0
dependencies,nlp,0
dependencies,wiki,0
dependencies,nanosized,0
dependencies,surge,0
dependencies,dft,0
dependencies,end,0
dependencies,subgraph,0
dependencies,ftir,0
dependencies,xps,0
dependencies,euler,0
dependencies,skeletongait,0
dependencies,metsulfuron,0
dependencies,revealed,0
dependencies,methodology,0
dependencies,pubmed,0
dependencies,sentiments,0
dependencies,electron,0
dependencies,kinetoplastid,0
dependencies,unconventional,0
dependencies,mcc,0
dependencies,optimization,0
dependencies,fenton,0
dependencies,dmax,0
dependencies,unifying,0
dependencies,updated,0
dependencies,psf,0
dependencies,presentation,0
dependencies,indonesia,0
dependencies,intratesticular,0
dependencies,single-granular,0
dependencies,desirable,0
dependencies,ternary,0
dependencies,immune,0
dependencies,energy,0
dependencies,layouts,0
dependencies,splitting,0
dependencies,photocatalytic,0
dependencies,reactions,0
dependencies,light,0
dependencies,targets,0
dependencies,pollutants,0
dependencies,diffusion,0
dependencies,protein,0
dependencies,reported,0
proposed,variously,0
proposed,water-splitting,0
proposed,roofs,0
proposed,seoul,0
proposed,tubes,0
proposed,self-healing,0
proposed,trna,0
proposed,string,0
proposed,topologically,0
proposed,wavelengths,0
proposed,trypanosoma,0
proposed,s-triazine,0
proposed,xps,0
proposed,skeletongait,0
proposed,unconventional,0
proposed,unifying,0
proposed,psf,0
proposed,single-granular,0
metsulfuron,paper,0
metsulfuron,named,0
metsulfuron,variously,0
metsulfuron,wide,0
metsulfuron,specifically,0
metsulfuron,mikae,0
metsulfuron,water-splitting,0
metsulfuron,present,0
metsulfuron,rarely,0
metsulfuron,pharmacology,0
metsulfuron,published,0
metsulfuron,reduced,0
metsulfuron,roofs,0
metsulfuron,obtained,0
metsulfuron,systems,0
metsulfuron,network,0
metsulfuron,standards,0
metsulfuron,networks,0
metsulfuron,noise,0
metsulfuron,rna,0
metsulfuron,tcga,0
metsulfuron,pei-gcn,0
metsulfuron,proposes,0
metsulfuron,models,0
metsulfuron,result,0
metsulfuron,pharmacological,0
metsulfuron,three-dimensional,0
metsulfuron,problem,0
metsulfuron,node,0
metsulfuron,recombination,0
metsulfuron,real-world,0
metsulfuron,thousands,0
metsulfuron,owing,0
metsulfuron,propose,0
metsulfuron,roads,0
metsulfuron,tasks,0
metsulfuron,utilized,0
metsulfuron,seoul,0
metsulfuron,proteins,0
metsulfuron,time-consuming,0
metsulfuron,prohibitively,0
metsulfuron,psycholinguistic,0
metsulfuron,nitrogen-rich,0
metsulfuron,tubes,0
metsulfuron,work,0
metsulfuron,nodes,0
metsulfuron,mixed,0
metsulfuron,self-healing,0
metsulfuron,similar,0
metsulfuron,smoothing,0
metsulfuron,perform,0
metsulfuron,strategy,0
metsulfuron,presents,0
metsulfuron,viable,0
metsulfuron,trna,0
metsulfuron,outperform,0
metsulfuron,string,0
metsulfuron,sgc,0
metsulfuron,u-shaped,0
metsulfuron,samples,0
metsulfuron,research,0
metsulfuron,pressure,0
metsulfuron,requirement,0
metsulfuron,numerous,0
metsulfuron,topologically,0
metsulfuron,wavelengths,0
metsulfuron,sets,0
metsulfuron,simultaneously,0
metsulfuron,n-acetyltransferase,0
metsulfuron,resulting,0
metsulfuron,photocatalyst,0
metsulfuron,trypanosoma,0
metsulfuron,sciences,0
metsulfuron,plant,0
metsulfuron,transformers,0
metsulfuron,videos,0
metsulfuron,years,0
metsulfuron,theory,0
metsulfuron,rely,0
metsulfuron,obu,0
metsulfuron,relation,0
metsulfuron,relations,0
metsulfuron,typically,0
metsulfuron,understanding,0
metsulfuron,s-triazine,0
metsulfuron,mscoco,0
metsulfuron,model,0
metsulfuron,sites,0
metsulfuron,points,0
metsulfuron,photoreduction,0
metsulfuron,smiles,0
metsulfuron,technologies,0
metsulfuron,svm,0
metsulfuron,softmax,0
metsulfuron,patients,0
metsulfuron,patient,0
metsulfuron,similarity,0
metsulfuron,rnas,0
metsulfuron,pca,0
metsulfuron,recently,0
metsulfuron,molecules,0
metsulfuron,molecule,0
metsulfuron,ntu,0
metsulfuron,unsupervised,0
metsulfuron,secure,0
metsulfuron,nlp,0
metsulfuron,words,0
metsulfuron,transformer,0
metsulfuron,system,0
metsulfuron,water,0
metsulfuron,wiki,0
metsulfuron,nanosized,0
metsulfuron,surge,0
metsulfuron,skeleton,0
metsulfuron,vehicle,0
metsulfuron,results,0
metsulfuron,subgraph,0
metsulfuron,xps,0
metsulfuron,pose,0
metsulfuron,skeleton-based,0
metsulfuron,skeletongait,0
metsulfuron,proposed,0
metsulfuron,revealed,0
metsulfuron,probability,0
metsulfuron,spatial,0
metsulfuron,pubmed,0
metsulfuron,sentiments,0
metsulfuron,role,0
metsulfuron,unconventional,0
metsulfuron,optimization,0
metsulfuron,relationships,0
metsulfuron,representation,0
metsulfuron,represent,0
metsulfuron,unifying,0
metsulfuron,topic,0
metsulfuron,updated,0
metsulfuron,training,0
metsulfuron,u-net,0
metsulfuron,supervised,0
metsulfuron,works,0
metsulfuron,showed,0
metsulfuron,psf,0
metsulfuron,optimal,0
metsulfuron,presentation,0
metsulfuron,pooling,0
metsulfuron,technique,0
metsulfuron,prediction,0
metsulfuron,propagation,0
metsulfuron,time,0
metsulfuron,neighbor,0
metsulfuron,single-granular,0
metsulfuron,optical,0
metsulfuron,modalities,0
metsulfuron,module,0
metsulfuron,representations,0
metsulfuron,neural,0
metsulfuron,user,0
metsulfuron,predict,0
metsulfuron,set,0
metsulfuron,tumor,0
metsulfuron,target,0
metsulfuron,studies,0
metsulfuron,recognition,0
metsulfuron,multiple,0
metsulfuron,ternary,0
metsulfuron,trend,0
metsulfuron,sparsity,0
metsulfuron,recent,0
metsulfuron,static,0
metsulfuron,surface,0
metsulfuron,significant,0
metsulfuron,temporal,0
metsulfuron,predicting,0
metsulfuron,number,0
metsulfuron,validate,0
metsulfuron,spatial-temporal,0
metsulfuron,single,0
metsulfuron,task,0
metsulfuron,step,0
metsulfuron,traffic,0
metsulfuron,synthetic,0
metsulfuron,real,0
metsulfuron,visual,0
metsulfuron,remote,0
metsulfuron,splitting,0
metsulfuron,parameters,0
metsulfuron,rgb,0
metsulfuron,show,0
metsulfuron,processing,0
metsulfuron,previous,0
metsulfuron,pairs,0
metsulfuron,success,0
metsulfuron,variation,0
metsulfuron,reactions,0
metsulfuron,unit,0
metsulfuron,patterns,0
metsulfuron,targets,0
metsulfuron,multi-scale,0
metsulfuron,utilization,0
metsulfuron,structures,0
metsulfuron,neighbors,0
metsulfuron,part,0
metsulfuron,progress,0
metsulfuron,video,0
metsulfuron,traditional,0
metsulfuron,stability,0
metsulfuron,sample,0
metsulfuron,tree,0
metsulfuron,motion,0
metsulfuron,types,0
metsulfuron,protein,0
metsulfuron,point,0
metsulfuron,remarkable,0
based,variously,0
based,interacts,0
based,mikae,0
based,eastern,0
based,bulbosa,0
based,colomatta,0
based,lutea,0
based,cocatalyst-free,0
based,water-splitting,0
based,meiosis,0
based,roofs,0
based,hyperlinks,0
based,pei-gcn,0
based,membranes,0
based,prohibitively,0
based,psycholinguistic,0
based,granger,0
based,self-healing,0
based,dual-stimulus,0
based,trna,0
based,cutting-thin,0
based,couplings,0
based,topologically,0
based,wavelengths,0
based,n-acetyltransferase,0
based,trypanosoma,0
based,medica,0
based,obu,0
based,heparin,0
based,imdb,0
based,s-triazine,0
based,photoreduction,0
based,chloroform,0
based,fixation,0
based,euler,0
based,skeletongait,0
based,metsulfuron,0
based,gcaru,0
based,kinetoplastid,0
based,unconventional,0
based,cgcnimp,0
based,fenton,0
based,indonesia,0
based,intratesticular,0
based,cfz,0
conduct,drug-drug,0
conduct,intuitively,0
conduct,inferred,0
conduct,variously,0
conduct,interacts,0
conduct,mikae,0
conduct,eastern,0
conduct,lutea,0
conduct,connecting,0
conduct,low-pass,0
conduct,metal,0
conduct,water-splitting,0
conduct,nitride,0
conduct,pharmacology,0
conduct,curated,0
conduct,meiosis,0
conduct,roofs,0
conduct,hyperlinks,0
conduct,continuation,0
conduct,standards,0
conduct,rna,0
conduct,tcga,0
conduct,pei-gcn,0
conduct,gqa,0
conduct,membranes,0
conduct,pharmacological,0
conduct,fast,0
conduct,recombination,0
conduct,dempster-shafer,0
conduct,thousands,0
conduct,hours,0
conduct,roads,0
conduct,determination,0
conduct,seoul,0
conduct,proteins,0
conduct,prohibitively,0
conduct,psycholinguistic,0
conduct,heterojunction,0
conduct,nitrogen-rich,0
conduct,tubes,0
conduct,liquid,0
conduct,graphitic,0
conduct,self-healing,0
conduct,dual-stimulus,0
conduct,smoothing,0
conduct,households,0
conduct,viable,0
conduct,trna,0
conduct,cutting-thin,0
conduct,string,0
conduct,sgc,0
conduct,u-shaped,0
conduct,couplings,0
conduct,pressure,0
conduct,f-score,0
conduct,requirement,0
conduct,separation,0
conduct,topologically,0
conduct,wavelengths,0
conduct,markers,0
conduct,n-acetyltransferase,0
conduct,holes,0
conduct,photocatalyst,0
conduct,trypanosoma,0
conduct,sciences,0
conduct,medica,0
conduct,plant,0
conduct,transformers,0
conduct,harmful,0
conduct,videos,0
conduct,theory,0
conduct,decisions,0
conduct,hemisphere,0
conduct,gps,0
conduct,obu,0
conduct,material,0
conduct,heparin,0
conduct,kitti,0
conduct,s-triazine,0
conduct,mscoco,0
conduct,sites,0
conduct,photoreduction,0
conduct,smiles,0
conduct,technologies,0
conduct,knn,0
conduct,escherichia,0
conduct,patient,0
conduct,rnas,0
conduct,fourier,0
conduct,pca,0
conduct,fixation,0
conduct,molecules,0
conduct,matthews,0
conduct,secure,0
conduct,transformer,0
conduct,water,0
conduct,wiki,0
conduct,nanosized,0
conduct,kinetics,0
conduct,dft,0
conduct,subgraph,0
conduct,ftir,0
conduct,xps,0
conduct,skeletongait,0
conduct,metsulfuron,0
conduct,gcaru,0
conduct,sentiments,0
conduct,electron,0
conduct,kinetoplastid,0
conduct,unconventional,0
conduct,mcc,0
conduct,fenton,0
conduct,dmax,0
conduct,unifying,0
conduct,updated,0
conduct,u-net,0
conduct,psf,0
conduct,presentation,0
conduct,indonesia,0
conduct,intratesticular,0
conduct,technique,0
conduct,single-granular,0
conduct,optical,0
conduct,desirable,0
conduct,modalities,0
conduct,tumor,0
conduct,ternary,0
conduct,trend,0
conduct,faces,0
conduct,immune,0
conduct,energy,0
conduct,step,0
conduct,layouts,0
conduct,splitting,0
conduct,processing,0
conduct,pairs,0
conduct,photocatalytic,0
conduct,reactions,0
conduct,field,0
conduct,correction,0
conduct,light,0
conduct,targets,0
conduct,pollutants,0
conduct,diffusion,0
meaningful,named,0
meaningful,variously,0
meaningful,wide,0
meaningful,mikae,0
meaningful,metal,0
meaningful,water-splitting,0
meaningful,rarely,0
meaningful,pharmacology,0
meaningful,meiosis,0
meaningful,reduced,0
meaningful,roofs,0
meaningful,standards,0
meaningful,rna,0
meaningful,tcga,0
meaningful,pei-gcn,0
meaningful,membranes,0
meaningful,result,0
meaningful,pharmacological,0
meaningful,three-dimensional,0
meaningful,thousands,0
meaningful,roads,0
meaningful,utilized,0
meaningful,seoul,0
meaningful,proteins,0
meaningful,prohibitively,0
meaningful,psycholinguistic,0
meaningful,nitrogen-rich,0
meaningful,tubes,0
meaningful,mixed,0
meaningful,self-healing,0
meaningful,similar,0
meaningful,smoothing,0
meaningful,viable,0
meaningful,trna,0
meaningful,string,0
meaningful,sgc,0
meaningful,u-shaped,0
meaningful,pressure,0
meaningful,numerous,0
meaningful,separation,0
meaningful,topologically,0
meaningful,wavelengths,0
meaningful,n-acetyltransferase,0
meaningful,photocatalyst,0
meaningful,trypanosoma,0
meaningful,sciences,0
meaningful,medica,0
meaningful,plant,0
meaningful,videos,0
meaningful,theory,0
meaningful,rely,0
meaningful,obu,0
meaningful,understanding,0
meaningful,s-triazine,0
meaningful,mscoco,0
meaningful,points,0
meaningful,photoreduction,0
meaningful,smiles,0
meaningful,technologies,0
meaningful,svm,0
meaningful,softmax,0
meaningful,rnas,0
meaningful,pca,0
meaningful,recently,0
meaningful,molecules,0
meaningful,molecule,0
meaningful,secure,0
meaningful,nlp,0
meaningful,words,0
meaningful,system,0
meaningful,water,0
meaningful,wiki,0
meaningful,nanosized,0
meaningful,surge,0
meaningful,vehicle,0
meaningful,subgraph,0
meaningful,xps,0
meaningful,pose,0
meaningful,skeletongait,0
meaningful,metsulfuron,0
meaningful,revealed,0
meaningful,methodology,0
meaningful,pubmed,0
meaningful,sentiments,0
meaningful,unconventional,0
meaningful,unifying,0
meaningful,updated,0
meaningful,u-net,0
meaningful,works,0
meaningful,showed,0
meaningful,psf,0
meaningful,presentation,0
meaningful,pooling,0
meaningful,technique,0
meaningful,neighbor,0
meaningful,single-granular,0
meaningful,optical,0
meaningful,user,0
meaningful,predict,0
meaningful,ternary,0
meaningful,sparsity,0
meaningful,validate,0
meaningful,step,0
meaningful,traffic,0
meaningful,synthetic,0
meaningful,visual,0
meaningful,splitting,0
meaningful,parameters,0
meaningful,variation,0
meaningful,reactions,0
meaningful,memory,0
meaningful,targets,0
meaningful,neighbors,0
meaningful,part,0
meaningful,progress,0
meaningful,video,0
meaningful,pollutants,0
meaningful,motion,0
meaningful,protein,0
meaningful,point,0
revealed,variously,0
revealed,water-splitting,0
revealed,roofs,0
revealed,standards,0
revealed,tcga,0
revealed,three-dimensional,0
revealed,roads,0
revealed,seoul,0
revealed,time-consuming,0
revealed,tubes,0
revealed,self-healing,0
revealed,smoothing,0
revealed,trna,0
revealed,string,0
revealed,sgc,0
revealed,u-shaped,0
revealed,topologically,0
revealed,wavelengths,0
revealed,sets,0
revealed,trypanosoma,0
revealed,sciences,0
revealed,transformers,0
revealed,videos,0
revealed,theory,0
revealed,typically,0
revealed,s-triazine,0
revealed,smiles,0
revealed,softmax,0
revealed,rnas,0
revealed,unsupervised,0
revealed,words,0
revealed,transformer,0
revealed,wiki,0
revealed,surge,0
revealed,subgraph,0
revealed,skeleton-based,0
revealed,skeletongait,0
revealed,sentiments,0
revealed,unconventional,0
revealed,unifying,0
revealed,topic,0
revealed,updated,0
revealed,u-net,0
revealed,supervised,0
revealed,technique,0
revealed,single-granular,0
revealed,trend,0
revealed,sparsity,0
revealed,static,0
revealed,spatial-temporal,0
revealed,traffic,0
revealed,rgb,0
revealed,success,0
revealed,targets,0
revealed,utilization,0
revealed,video,0
revealed,tree,0
gcaru,named,0
gcaru,method,0
gcaru,intuitively,0
gcaru,inferred,0
gcaru,variously,0
gcaru,wide,0
gcaru,specifically,0
gcaru,interacts,0
gcaru,structure,0
gcaru,mikae,0
gcaru,lutea,0
gcaru,input,0
gcaru,ignore,0
gcaru,low-pass,0
gcaru,metal,0
gcaru,water-splitting,0
gcaru,nitride,0
gcaru,present,0
gcaru,literature,0
gcaru,rarely,0
gcaru,pharmacology,0
gcaru,published,0
gcaru,generally,0
gcaru,meiosis,0
gcaru,increasing,0
gcaru,reduced,0
gcaru,roofs,0
gcaru,hyperlinks,0
gcaru,independently,0
gcaru,obtained,0
gcaru,generated,0
gcaru,systems,0
gcaru,standards,0
gcaru,noise,0
gcaru,rna,0
gcaru,tcga,0
gcaru,pei-gcn,0
gcaru,gqa,0
gcaru,proposes,0
gcaru,membranes,0
gcaru,pharmacological,0
gcaru,three-dimensional,0
gcaru,problem,0
gcaru,node,0
gcaru,recombination,0
gcaru,real-world,0
gcaru,thousands,0
gcaru,hours,0
gcaru,owing,0
gcaru,propose,0
gcaru,roads,0
gcaru,tasks,0
gcaru,utilized,0
gcaru,process,0
gcaru,seoul,0
gcaru,proteins,0
gcaru,time-consuming,0
gcaru,prohibitively,0
gcaru,psycholinguistic,0
gcaru,heterojunction,0
gcaru,nitrogen-rich,0
gcaru,tubes,0
gcaru,liquid,0
gcaru,work,0
gcaru,graphitic,0
gcaru,gcn,0
gcaru,granger,0
gcaru,mixed,0
gcaru,self-healing,0
gcaru,similar,0
gcaru,smoothing,0
gcaru,perform,0
gcaru,households,0
gcaru,study,0
gcaru,strategy,0
gcaru,presents,0
gcaru,viable,0
gcaru,trna,0
gcaru,outperform,0
gcaru,string,0
gcaru,sgc,0
gcaru,u-shaped,0
gcaru,samples,0
gcaru,pressure,0
gcaru,graphs,0
gcaru,requirement,0
gcaru,numerous,0
gcaru,separation,0
gcaru,topologically,0
gcaru,wavelengths,0
gcaru,sets,0
gcaru,simultaneously,0
gcaru,markers,0
gcaru,n-acetyltransferase,0
gcaru,holes,0
gcaru,resulting,0
gcaru,photocatalyst,0
gcaru,investigations,0
gcaru,trypanosoma,0
gcaru,sciences,0
gcaru,medica,0
gcaru,plant,0
gcaru,transformers,0
gcaru,harmful,0
gcaru,videos,0
gcaru,language,0
gcaru,theory,0
gcaru,leading,0
gcaru,rely,0
gcaru,heavily,0
gcaru,hemisphere,0
gcaru,gps,0
gcaru,obu,0
gcaru,material,0
gcaru,heparin,0
gcaru,relation,0
gcaru,relations,0
gcaru,typically,0
gcaru,understanding,0
gcaru,imdb,0
gcaru,kitti,0
gcaru,s-triazine,0
gcaru,mscoco,0
gcaru,sites,0
gcaru,points,0
gcaru,improve,0
gcaru,photoreduction,0
gcaru,lstm,0
gcaru,smiles,0
gcaru,technologies,0
gcaru,svm,0
gcaru,knn,0
gcaru,softmax,0
gcaru,patients,0
gcaru,patient,0
gcaru,similarity,0
gcaru,rnas,0
gcaru,initiative,0
gcaru,pca,0
gcaru,recently,0
gcaru,molecules,0
gcaru,molecule,0
gcaru,ntu,0
gcaru,unsupervised,0
gcaru,matthews,0
gcaru,secure,0
gcaru,nlp,0
gcaru,words,0
gcaru,transformer,0
gcaru,system,0
gcaru,water,0
gcaru,wiki,0
gcaru,nanosized,0
gcaru,surge,0
gcaru,kinetics,0
gcaru,skeleton,0
gcaru,vehicle,0
gcaru,guided,0
gcaru,layer,0
gcaru,subgraph,0
gcaru,xps,0
gcaru,pose,0
gcaru,skeleton-based,0
gcaru,skeletongait,0
gcaru,graph-based,0
gcaru,informative,0
gcaru,proposed,0
gcaru,metsulfuron,0
gcaru,meaningful,0
gcaru,revealed,0
gcaru,probability,0
gcaru,methodology,0
gcaru,pubmed,0
gcaru,sentiments,0
gcaru,role,0
gcaru,kinetoplastid,0
gcaru,unconventional,0
gcaru,mcc,0
gcaru,optimization,0
gcaru,representation,0
gcaru,represent,0
gcaru,generative,0
gcaru,unifying,0
gcaru,laplacian,0
gcaru,topic,0
gcaru,updated,0
gcaru,global,0
gcaru,local,0
gcaru,training,0
gcaru,u-net,0
gcaru,supervised,0
gcaru,works,0
gcaru,generate,0
gcaru,showed,0
gcaru,psf,0
gcaru,optimal,0
gcaru,presentation,0
gcaru,indonesia,0
gcaru,pooling,0
gcaru,intratesticular,0
gcaru,key,0
gcaru,human,0
gcaru,technique,0
gcaru,propagation,0
gcaru,time,0
gcaru,learn,0
gcaru,neighbor,0
gcaru,single-granular,0
gcaru,optical,0
gcaru,modalities,0
gcaru,high,0
gcaru,representations,0
gcaru,introduce,0
gcaru,neural,0
gcaru,user,0
gcaru,management,0
gcaru,predict,0
gcaru,set,0
gcaru,tumor,0
gcaru,target,0
gcaru,studies,0
gcaru,recognition,0
gcaru,identify,0
gcaru,multiple,0
gcaru,ternary,0
gcaru,trend,0
gcaru,sparsity,0
gcaru,static,0
gcaru,gene,0
gcaru,surface,0
gcaru,significant,0
gcaru,immune,0
gcaru,knowledge,0
gcaru,identification,0
gcaru,predicting,0
gcaru,number,0
gcaru,spatial-temporal,0
gcaru,single,0
gcaru,interaction,0
gcaru,layers,0
gcaru,task,0
gcaru,step,0
gcaru,machine,0
gcaru,synthetic,0
gcaru,real,0
gcaru,visual,0
gcaru,layouts,0
gcaru,remote,0
gcaru,splitting,0
gcaru,parameters,0
gcaru,rgb,0
gcaru,improved,0
gcaru,large,0
gcaru,processing,0
gcaru,previous,0
gcaru,pairs,0
gcaru,include,0
gcaru,learns,0
gcaru,photocatalytic,0
gcaru,structural,0
gcaru,success,0
gcaru,variation,0
gcaru,identifying,0
gcaru,important,0
gcaru,reactions,0
gcaru,patterns,0
gcaru,great,0
gcaru,light,0
gcaru,targets,0
gcaru,multi-scale,0
gcaru,utilization,0
gcaru,neighbors,0
gcaru,part,0
gcaru,progress,0
gcaru,video,0
gcaru,traditional,0
gcaru,stability,0
gcaru,sample,0
gcaru,pollutants,0
gcaru,tree,0
gcaru,motion,0
gcaru,types,0
gcaru,protein,0
gcaru,point,0
gcaru,reported,0
gcaru,remarkable,0
probability,variously,0
probability,wide,0
probability,water-splitting,0
probability,rarely,0
probability,published,0
probability,roofs,0
probability,rna,0
probability,tcga,0
probability,proposes,0
probability,recombination,0
probability,roads,0
probability,utilized,0
probability,seoul,0
probability,proteins,0
probability,time-consuming,0
probability,prohibitively,0
probability,psycholinguistic,0
probability,tubes,0
probability,self-healing,0
probability,smoothing,0
probability,viable,0
probability,trna,0
probability,string,0
probability,sgc,0
probability,requirement,0
probability,separation,0
probability,topologically,0
probability,wavelengths,0
probability,sets,0
probability,trypanosoma,0
probability,sciences,0
probability,transformers,0
probability,years,0
probability,typically,0
probability,s-triazine,0
probability,sites,0
probability,smiles,0
probability,svm,0
probability,softmax,0
probability,rnas,0
probability,secure,0
probability,words,0
probability,transformer,0
probability,water,0
probability,wiki,0
probability,surge,0
probability,skeleton,0
probability,subgraph,0
probability,xps,0
probability,skeleton-based,0
probability,skeletongait,0
probability,pubmed,0
probability,sentiments,0
probability,unconventional,0
probability,representation,0
probability,unifying,0
probability,topic,0
probability,updated,0
probability,supervised,0
probability,psf,0
probability,single-granular,0
probability,tumor,0
probability,ternary,0
probability,trend,0
probability,surface,0
probability,validate,0
probability,spatial-temporal,0
probability,step,0
probability,synthetic,0
probability,splitting,0
probability,rgb,0
probability,structural,0
probability,success,0
probability,variation,0
probability,reactions,0
probability,unit,0
probability,targets,0
probability,utilization,0
probability,progress,0
probability,stability,0
probability,sample,0
probability,tree,0
probability,reported,0
methodology,variously,0
methodology,wide,0
methodology,mikae,0
methodology,water-splitting,0
methodology,rarely,0
methodology,pharmacology,0
methodology,reduced,0
methodology,roofs,0
methodology,standards,0
methodology,tcga,0
methodology,pei-gcn,0
methodology,pharmacological,0
methodology,three-dimensional,0
methodology,roads,0
methodology,seoul,0
methodology,time-consuming,0
methodology,prohibitively,0
methodology,psycholinguistic,0
methodology,nitrogen-rich,0
methodology,tubes,0
methodology,mixed,0
methodology,self-healing,0
methodology,viable,0
methodology,trna,0
methodology,outperform,0
methodology,string,0
methodology,sgc,0
methodology,u-shaped,0
methodology,requirement,0
methodology,numerous,0
methodology,separation,0
methodology,topologically,0
methodology,wavelengths,0
methodology,sets,0
methodology,n-acetyltransferase,0
methodology,trypanosoma,0
methodology,sciences,0
methodology,plant,0
methodology,transformers,0
methodology,years,0
methodology,rely,0
methodology,obu,0
methodology,relation,0
methodology,typically,0
methodology,s-triazine,0
methodology,mscoco,0
methodology,sites,0
methodology,photoreduction,0
methodology,smiles,0
methodology,softmax,0
methodology,patients,0
methodology,patient,0
methodology,rnas,0
methodology,pca,0
methodology,ntu,0
methodology,secure,0
methodology,nlp,0
methodology,transformer,0
methodology,wiki,0
methodology,nanosized,0
methodology,surge,0
methodology,skeleton,0
methodology,vehicle,0
methodology,subgraph,0
methodology,skeleton-based,0
methodology,skeletongait,0
methodology,metsulfuron,0
methodology,probability,0
methodology,pubmed,0
methodology,unconventional,0
methodology,unifying,0
methodology,topic,0
methodology,updated,0
methodology,u-net,0
methodology,psf,0
methodology,presentation,0
methodology,single-granular,0
methodology,modalities,0
methodology,module,0
methodology,user,0
methodology,tumor,0
methodology,sparsity,0
methodology,static,0
methodology,remote,0
methodology,splitting,0
methodology,rgb,0
methodology,reactions,0
methodology,unit,0
methodology,multi-scale,0
methodology,progress,0
methodology,tree,0
methodology,motion,0
methodology,protein,0
methodology,point,0
spatial,variously,0
spatial,water-splitting,0
spatial,tcga,0
spatial,thousands,0
spatial,tubes,0
spatial,trna,0
spatial,string,0
spatial,u-shaped,0
spatial,topologically,0
spatial,wavelengths,0
spatial,trypanosoma,0
spatial,wiki,0
spatial,unconventional,0
spatial,unifying,0
pubmed,variously,0
pubmed,wide,0
pubmed,specifically,0
pubmed,water-splitting,0
pubmed,rarely,0
pubmed,reduced,0
pubmed,roofs,0
pubmed,systems,0
pubmed,standards,0
pubmed,rna,0
pubmed,tcga,0
pubmed,result,0
pubmed,three-dimensional,0
pubmed,recombination,0
pubmed,thousands,0
pubmed,roads,0
pubmed,utilized,0
pubmed,seoul,0
pubmed,time-consuming,0
pubmed,tubes,0
pubmed,self-healing,0
pubmed,smoothing,0
pubmed,viable,0
pubmed,trna,0
pubmed,string,0
pubmed,sgc,0
pubmed,u-shaped,0
pubmed,requirement,0
pubmed,separation,0
pubmed,topologically,0
pubmed,wavelengths,0
pubmed,sets,0
pubmed,resulting,0
pubmed,trypanosoma,0
pubmed,sciences,0
pubmed,transformers,0
pubmed,theory,0
pubmed,rely,0
pubmed,relations,0
pubmed,typically,0
pubmed,understanding,0
pubmed,s-triazine,0
pubmed,sites,0
pubmed,smiles,0
pubmed,technologies,0
pubmed,svm,0
pubmed,softmax,0
pubmed,rnas,0
pubmed,recently,0
pubmed,secure,0
pubmed,words,0
pubmed,transformer,0
pubmed,system,0
pubmed,water,0
pubmed,wiki,0
pubmed,surge,0
pubmed,skeleton,0
pubmed,vehicle,0
pubmed,subgraph,0
pubmed,xps,0
pubmed,skeleton-based,0
pubmed,skeletongait,0
pubmed,revealed,0
pubmed,spatial,0
pubmed,sentiments,0
pubmed,unconventional,0
pubmed,relationships,0
pubmed,represent,0
pubmed,unifying,0
pubmed,topic,0
pubmed,updated,0
pubmed,training,0
pubmed,u-net,0
pubmed,supervised,0
pubmed,showed,0
pubmed,technique,0
pubmed,single-granular,0
pubmed,user,0
pubmed,tumor,0
pubmed,recognition,0
pubmed,ternary,0
pubmed,trend,0
pubmed,sparsity,0
pubmed,recent,0
pubmed,static,0
pubmed,surface,0
pubmed,validate,0
pubmed,spatial-temporal,0
pubmed,single,0
pubmed,traffic,0
pubmed,synthetic,0
pubmed,real,0
pubmed,remote,0
pubmed,splitting,0
pubmed,rgb,0
pubmed,structural,0
pubmed,variation,0
pubmed,reactions,0
pubmed,unit,0
pubmed,targets,0
pubmed,utilization,0
pubmed,stability,0
pubmed,tree,0
pubmed,types,0
pubmed,reported,0
sentiments,variously,0
sentiments,wide,0
sentiments,water-splitting,0
sentiments,standards,0
sentiments,tcga,0
sentiments,three-dimensional,0
sentiments,thousands,0
sentiments,tasks,0
sentiments,utilized,0
sentiments,seoul,0
sentiments,time-consuming,0
sentiments,tubes,0
sentiments,similar,0
sentiments,smoothing,0
sentiments,viable,0
sentiments,trna,0
sentiments,string,0
sentiments,sgc,0
sentiments,u-shaped,0
sentiments,separation,0
sentiments,topologically,0
sentiments,wavelengths,0
sentiments,sets,0
sentiments,trypanosoma,0
sentiments,transformers,0
sentiments,videos,0
sentiments,years,0
sentiments,theory,0
sentiments,typically,0
sentiments,sites,0
sentiments,smiles,0
sentiments,technologies,0
sentiments,svm,0
sentiments,softmax,0
sentiments,similarity,0
sentiments,unsupervised,0
sentiments,transformer,0
sentiments,system,0
sentiments,water,0
sentiments,wiki,0
sentiments,surge,0
sentiments,skeleton,0
sentiments,vehicle,0
sentiments,subgraph,0
sentiments,xps,0
sentiments,skeleton-based,0
sentiments,skeletongait,0
sentiments,spatial,0
sentiments,unconventional,0
sentiments,unifying,0
sentiments,updated,0
sentiments,u-net,0
sentiments,supervised,0
sentiments,works,0
sentiments,showed,0
sentiments,technique,0
sentiments,time,0
sentiments,single-granular,0
sentiments,user,0
sentiments,set,0
sentiments,tumor,0
sentiments,ternary,0
sentiments,trend,0
sentiments,sparsity,0
sentiments,static,0
sentiments,surface,0
sentiments,significant,0
sentiments,temporal,0
sentiments,validate,0
sentiments,spatial-temporal,0
sentiments,step,0
sentiments,traffic,0
sentiments,synthetic,0
sentiments,splitting,0
sentiments,success,0
sentiments,variation,0
sentiments,unit,0
sentiments,utilization,0
sentiments,structures,0
sentiments,traditional,0
sentiments,stability,0
electron,named,0
electron,intuitively,0
electron,inferred,0
electron,variously,0
electron,specifically,0
electron,interacts,0
electron,mikae,0
electron,lutea,0
electron,input,0
electron,existing,0
electron,ignore,0
electron,low-pass,0
electron,water-splitting,0
electron,literature,0
electron,extract,0
electron,pharmacology,0
electron,generally,0
electron,meiosis,0
electron,roofs,0
electron,hyperlinks,0
electron,independently,0
electron,explicitly,0
electron,standards,0
electron,noise,0
electron,extracting,0
electron,rna,0
electron,tcga,0
electron,pei-gcn,0
electron,gqa,0
electron,proposes,0
electron,membranes,0
electron,three-dimensional,0
electron,problem,0
electron,node,0
electron,thousands,0
electron,propose,0
electron,roads,0
electron,tasks,0
electron,utilized,0
electron,seoul,0
electron,proteins,0
electron,encoded,0
electron,time-consuming,0
electron,prohibitively,0
electron,psycholinguistic,0
electron,nitrogen-rich,0
electron,tubes,0
electron,granger,0
electron,nodes,0
electron,self-healing,0
electron,smoothing,0
electron,perform,0
electron,households,0
electron,viable,0
electron,trna,0
electron,outperform,0
electron,string,0
electron,sgc,0
electron,u-shaped,0
electron,pressure,0
electron,f-score,0
electron,topologically,0
electron,wavelengths,0
electron,sets,0
electron,markers,0
electron,n-acetyltransferase,0
electron,investigations,0
electron,trypanosoma,0
electron,transformers,0
electron,harmful,0
electron,videos,0
electron,language,0
electron,leading,0
electron,rely,0
electron,heavily,0
electron,hemisphere,0
electron,gps,0
electron,obu,0
electron,gcns,0
electron,heparin,0
electron,relation,0
electron,relations,0
electron,typically,0
electron,imdb,0
electron,kitti,0
electron,s-triazine,0
electron,mscoco,0
electron,points,0
electron,ethereum,0
electron,lstm,0
electron,smiles,0
electron,svm,0
electron,knn,0
electron,softmax,0
electron,euclidean,0
electron,patients,0
electron,patient,0
electron,similarity,0
electron,rnas,0
electron,initiative,0
electron,pca,0
electron,recently,0
electron,ntu,0
electron,unsupervised,0
electron,matthews,0
electron,secure,0
electron,nlp,0
electron,words,0
electron,transformer,0
electron,wiki,0
electron,nanosized,0
electron,surge,0
electron,skeleton,0
electron,vehicle,0
electron,guided,0
electron,end,0
electron,subgraph,0
electron,pose,0
electron,skeleton-based,0
electron,euler,0
electron,skeletongait,0
electron,graph-based,0
electron,informative,0
electron,metsulfuron,0
electron,gcaru,0
electron,probability,0
electron,pubmed,0
electron,sentiments,0
electron,information,0
electron,kinetoplastid,0
electron,unconventional,0
electron,mcc,0
electron,relationships,0
electron,representation,0
electron,represent,0
electron,fenton,0
electron,generative,0
electron,unifying,0
electron,embeddings,0
electron,laplacian,0
electron,topic,0
electron,updated,0
electron,local,0
electron,u-net,0
electron,supervised,0
electron,error,0
electron,works,0
electron,generate,0
electron,psf,0
electron,presentation,0
electron,indonesia,0
electron,pooling,0
electron,intratesticular,0
electron,prediction,0
electron,propagation,0
electron,learn,0
electron,neighbor,0
electron,single-granular,0
electron,modalities,0
electron,module,0
electron,representations,0
electron,introduce,0
electron,expression,0
electron,user,0
electron,management,0
electron,predict,0
electron,feature,0
electron,set,0
electron,fully,0
electron,tumor,0
electron,trend,0
electron,sparsity,0
electron,faces,0
electron,static,0
electron,gene,0
electron,immune,0
electron,temporal,0
electron,identification,0
electron,predicting,0
electron,validate,0
electron,gat,0
electron,spatial-temporal,0
electron,single,0
electron,task,0
electron,step,0
electron,traffic,0
electron,synthetic,0
electron,visual,0
electron,layouts,0
electron,remote,0
electron,rgb,0
electron,processing,0
electron,previous,0
electron,include,0
electron,learns,0
electron,embedding,0
electron,success,0
electron,identifying,0
electron,memory,0
electron,unit,0
electron,gated,0
electron,patterns,0
electron,functions,0
electron,targets,0
electron,multi-scale,0
electron,neighbors,0
electron,part,0
electron,progress,0
electron,video,0
electron,focuses,0
electron,traditional,0
electron,motion,0
electron,types,0
electron,protein,0
information,variously,0
information,interacts,0
information,mikae,0
information,lutea,0
information,water-splitting,0
information,meiosis,0
information,roofs,0
information,standards,0
information,pei-gcn,0
information,seoul,0
information,prohibitively,0
information,nitrogen-rich,0
information,tubes,0
information,self-healing,0
information,trna,0
information,pressure,0
information,topologically,0
information,wavelengths,0
information,n-acetyltransferase,0
information,trypanosoma,0
information,medica,0
information,obu,0
information,s-triazine,0
information,photoreduction,0
information,nanosized,0
information,xps,0
information,skeletongait,0
information,metsulfuron,0
information,kinetoplastid,0
information,unconventional,0
information,mcc,0
information,psf,0
information,intratesticular,0
evaluation,variously,0
evaluation,interacts,0
evaluation,mikae,0
evaluation,lutea,0
evaluation,low-pass,0
evaluation,metal,0
evaluation,water-splitting,0
evaluation,pharmacology,0
evaluation,meiosis,0
evaluation,gap,0
evaluation,roofs,0
evaluation,hyperlinks,0
evaluation,standards,0
evaluation,rna,0
evaluation,tcga,0
evaluation,pei-gcn,0
evaluation,membranes,0
evaluation,three-dimensional,0
evaluation,recombination,0
evaluation,hours,0
evaluation,roads,0
evaluation,seoul,0
evaluation,psycholinguistic,0
evaluation,heterojunction,0
evaluation,nitrogen-rich,0
evaluation,tubes,0
evaluation,liquid,0
evaluation,granger,0
evaluation,mixed,0
evaluation,self-healing,0
evaluation,smoothing,0
evaluation,households,0
evaluation,trna,0
evaluation,string,0
evaluation,sgc,0
evaluation,u-shaped,0
evaluation,f-score,0
evaluation,topologically,0
evaluation,wavelengths,0
evaluation,markers,0
evaluation,n-acetyltransferase,0
evaluation,holes,0
evaluation,photocatalyst,0
evaluation,trypanosoma,0
evaluation,sciences,0
evaluation,medica,0
evaluation,plant,0
evaluation,harmful,0
evaluation,hemisphere,0
evaluation,gps,0
evaluation,obu,0
evaluation,heparin,0
evaluation,imdb,0
evaluation,kitti,0
evaluation,s-triazine,0
evaluation,photoreduction,0
evaluation,smiles,0
evaluation,knn,0
evaluation,softmax,0
evaluation,formed,0
evaluation,pca,0
evaluation,fixation,0
evaluation,molecule,0
evaluation,ntu,0
evaluation,matthews,0
evaluation,nlp,0
evaluation,wiki,0
evaluation,nanosized,0
evaluation,surge,0
evaluation,guided,0
evaluation,subgraph,0
evaluation,skeletongait,0
evaluation,metsulfuron,0
evaluation,sentiments,0
evaluation,kinetoplastid,0
evaluation,unconventional,0
evaluation,fenton,0
evaluation,unifying,0
evaluation,laplacian,0
evaluation,topic,0
evaluation,updated,0
evaluation,u-net,0
evaluation,presentation,0
evaluation,indonesia,0
evaluation,pooling,0
evaluation,intratesticular,0
evaluation,neighbor,0
evaluation,single-granular,0
evaluation,ternary,0
evaluation,splitting,0
evaluation,reactions,0
role,variously,0
role,water-splitting,0
role,roofs,0
role,standards,0
role,three-dimensional,0
role,thousands,0
role,seoul,0
role,tubes,0
role,self-healing,0
role,trna,0
role,string,0
role,sgc,0
role,u-shaped,0
role,topologically,0
role,wavelengths,0
role,trypanosoma,0
role,sciences,0
role,theory,0
role,s-triazine,0
role,softmax,0
role,secure,0
role,wiki,0
role,surge,0
role,subgraph,0
role,skeletongait,0
role,unconventional,0
role,unifying,0
role,updated,0
role,u-net,0
role,single-granular,0
role,splitting,0
role,tree,0
kinetoplastid,paper,0
kinetoplastid,named,0
kinetoplastid,method,0
kinetoplastid,methods,0
kinetoplastid,variously,0
kinetoplastid,wide,0
kinetoplastid,specifically,0
kinetoplastid,structure,0
kinetoplastid,mikae,0
kinetoplastid,lutea,0
kinetoplastid,low-pass,0
kinetoplastid,metal,0
kinetoplastid,water-splitting,0
kinetoplastid,nitride,0
kinetoplastid,present,0
kinetoplastid,literature,0
kinetoplastid,rarely,0
kinetoplastid,pharmacology,0
kinetoplastid,published,0
kinetoplastid,reduced,0
kinetoplastid,roofs,0
kinetoplastid,obtained,0
kinetoplastid,systems,0
kinetoplastid,network,0
kinetoplastid,standards,0
kinetoplastid,networks,0
kinetoplastid,noise,0
kinetoplastid,tcga,0
kinetoplastid,pei-gcn,0
kinetoplastid,proposes,0
kinetoplastid,membranes,0
kinetoplastid,models,0
kinetoplastid,result,0
kinetoplastid,pharmacological,0
kinetoplastid,three-dimensional,0
kinetoplastid,problem,0
kinetoplastid,node,0
kinetoplastid,performance,0
kinetoplastid,limited,0
kinetoplastid,recombination,0
kinetoplastid,real-world,0
kinetoplastid,thousands,0
kinetoplastid,owing,0
kinetoplastid,propose,0
kinetoplastid,roads,0
kinetoplastid,tasks,0
kinetoplastid,utilized,0
kinetoplastid,process,0
kinetoplastid,seoul,0
kinetoplastid,time-consuming,0
kinetoplastid,prohibitively,0
kinetoplastid,psycholinguistic,0
kinetoplastid,nitrogen-rich,0
kinetoplastid,tubes,0
kinetoplastid,liquid,0
kinetoplastid,work,0
kinetoplastid,nodes,0
kinetoplastid,mixed,0
kinetoplastid,self-healing,0
kinetoplastid,similar,0
kinetoplastid,smoothing,0
kinetoplastid,perform,0
kinetoplastid,study,0
kinetoplastid,strategy,0
kinetoplastid,presents,0
kinetoplastid,viable,0
kinetoplastid,trna,0
kinetoplastid,outperform,0
kinetoplastid,string,0
kinetoplastid,sgc,0
kinetoplastid,u-shaped,0
kinetoplastid,samples,0
kinetoplastid,research,0
kinetoplastid,pressure,0
kinetoplastid,requirement,0
kinetoplastid,numerous,0
kinetoplastid,separation,0
kinetoplastid,topologically,0
kinetoplastid,wavelengths,0
kinetoplastid,sets,0
kinetoplastid,simultaneously,0
kinetoplastid,markers,0
kinetoplastid,resulting,0
kinetoplastid,photocatalyst,0
kinetoplastid,sciences,0
kinetoplastid,medica,0
kinetoplastid,plant,0
kinetoplastid,transformers,0
kinetoplastid,videos,0
kinetoplastid,years,0
kinetoplastid,language,0
kinetoplastid,theory,0
kinetoplastid,leading,0
kinetoplastid,rely,0
kinetoplastid,obu,0
kinetoplastid,material,0
kinetoplastid,relation,0
kinetoplastid,relations,0
kinetoplastid,typically,0
kinetoplastid,understanding,0
kinetoplastid,kitti,0
kinetoplastid,s-triazine,0
kinetoplastid,mscoco,0
kinetoplastid,model,0
kinetoplastid,sites,0
kinetoplastid,points,0
kinetoplastid,photoreduction,0
kinetoplastid,lstm,0
kinetoplastid,smiles,0
kinetoplastid,technologies,0
kinetoplastid,svm,0
kinetoplastid,knn,0
kinetoplastid,softmax,0
kinetoplastid,patients,0
kinetoplastid,patient,0
kinetoplastid,similarity,0
kinetoplastid,rnas,0
kinetoplastid,pca,0
kinetoplastid,recently,0
kinetoplastid,molecules,0
kinetoplastid,molecule,0
kinetoplastid,ntu,0
kinetoplastid,unsupervised,0
kinetoplastid,matthews,0
kinetoplastid,secure,0
kinetoplastid,nlp,0
kinetoplastid,words,0
kinetoplastid,transformer,0
kinetoplastid,system,0
kinetoplastid,water,0
kinetoplastid,wiki,0
kinetoplastid,nanosized,0
kinetoplastid,surge,0
kinetoplastid,skeleton,0
kinetoplastid,vehicle,0
kinetoplastid,layer,0
kinetoplastid,results,0
kinetoplastid,learning,0
kinetoplastid,subgraph,0
kinetoplastid,xps,0
kinetoplastid,pose,0
kinetoplastid,skeleton-based,0
kinetoplastid,skeletongait,0
kinetoplastid,proposed,0
kinetoplastid,metsulfuron,0
kinetoplastid,meaningful,0
kinetoplastid,revealed,0
kinetoplastid,probability,0
kinetoplastid,methodology,0
kinetoplastid,spatial,0
kinetoplastid,pubmed,0
kinetoplastid,sentiments,0
kinetoplastid,role,0
kinetoplastid,mcc,0
kinetoplastid,optimization,0
kinetoplastid,relationships,0
kinetoplastid,representation,0
kinetoplastid,represent,0
kinetoplastid,unifying,0
kinetoplastid,laplacian,0
kinetoplastid,topic,0
kinetoplastid,updated,0
kinetoplastid,local,0
kinetoplastid,training,0
kinetoplastid,u-net,0
kinetoplastid,supervised,0
kinetoplastid,works,0
kinetoplastid,showed,0
kinetoplastid,psf,0
kinetoplastid,optimal,0
kinetoplastid,presentation,0
kinetoplastid,pooling,0
kinetoplastid,technique,0
kinetoplastid,prediction,0
kinetoplastid,propagation,0
kinetoplastid,time,0
kinetoplastid,learn,0
kinetoplastid,neighbor,0
kinetoplastid,single-granular,0
kinetoplastid,optical,0
kinetoplastid,modalities,0
kinetoplastid,module,0
kinetoplastid,representations,0
kinetoplastid,neural,0
kinetoplastid,user,0
kinetoplastid,management,0
kinetoplastid,predict,0
kinetoplastid,set,0
kinetoplastid,tumor,0
kinetoplastid,target,0
kinetoplastid,studies,0
kinetoplastid,recognition,0
kinetoplastid,multiple,0
kinetoplastid,ternary,0
kinetoplastid,trend,0
kinetoplastid,sparsity,0
kinetoplastid,recent,0
kinetoplastid,static,0
kinetoplastid,surface,0
kinetoplastid,significant,0
kinetoplastid,knowledge,0
kinetoplastid,temporal,0
kinetoplastid,predicting,0
kinetoplastid,validate,0
kinetoplastid,spatial-temporal,0
kinetoplastid,single,0
kinetoplastid,layers,0
kinetoplastid,task,0
kinetoplastid,step,0
kinetoplastid,machine,0
kinetoplastid,traffic,0
kinetoplastid,synthetic,0
kinetoplastid,real,0
kinetoplastid,visual,0
kinetoplastid,layouts,0
kinetoplastid,remote,0
kinetoplastid,splitting,0
kinetoplastid,parameters,0
kinetoplastid,rgb,0
kinetoplastid,large,0
kinetoplastid,previous,0
kinetoplastid,pairs,0
kinetoplastid,learns,0
kinetoplastid,photocatalytic,0
kinetoplastid,structural,0
kinetoplastid,success,0
kinetoplastid,variation,0
kinetoplastid,reactions,0
kinetoplastid,memory,0
kinetoplastid,unit,0
kinetoplastid,patterns,0
kinetoplastid,light,0
kinetoplastid,targets,0
kinetoplastid,multi-scale,0
kinetoplastid,utilization,0
kinetoplastid,structures,0
kinetoplastid,neighbors,0
kinetoplastid,part,0
kinetoplastid,progress,0
kinetoplastid,video,0
kinetoplastid,traditional,0
kinetoplastid,stability,0
kinetoplastid,sample,0
kinetoplastid,pollutants,0
kinetoplastid,tree,0
kinetoplastid,motion,0
kinetoplastid,types,0
kinetoplastid,point,0
kinetoplastid,reported,0
kinetoplastid,remarkable,0
unconventional,variously,0
unconventional,wide,0
unconventional,water-splitting,0
unconventional,utilized,0
unconventional,work,0
unconventional,viable,0
unconventional,wavelengths,0
unconventional,videos,0
unconventional,years,0
unconventional,understanding,0
unconventional,unsupervised,0
unconventional,words,0
unconventional,water,0
unconventional,wiki,0
unconventional,vehicle,0
unconventional,xps,0
unconventional,unifying,0
unconventional,updated,0
unconventional,works,0
unconventional,user,0
unconventional,validate,0
unconventional,visual,0
unconventional,variation,0
unconventional,unit,0
unconventional,utilization,0
unconventional,video,0
cgcnimp,drug-drug,0
cgcnimp,paper,0
cgcnimp,named,0
cgcnimp,method,0
cgcnimp,intuitively,0
cgcnimp,inferred,0
cgcnimp,variously,0
cgcnimp,wide,0
cgcnimp,specifically,0
cgcnimp,demonstrates,0
cgcnimp,dual,0
cgcnimp,interacts,0
cgcnimp,structure,0
cgcnimp,mikae,0
cgcnimp,eastern,0
cgcnimp,colomatta,0
cgcnimp,lutea,0
cgcnimp,input,0
cgcnimp,existing,0
cgcnimp,ignore,0
cgcnimp,graph,0
cgcnimp,connecting,0
cgcnimp,considered,0
cgcnimp,low-pass,0
cgcnimp,metal,0
cgcnimp,cocatalyst-free,0
cgcnimp,water-splitting,0
cgcnimp,nitride,0
cgcnimp,present,0
cgcnimp,literature,0
cgcnimp,rarely,0
cgcnimp,concentrated,0
cgcnimp,extract,0
cgcnimp,pharmacology,0
cgcnimp,published,0
cgcnimp,curated,0
cgcnimp,common,0
cgcnimp,meiosis,0
cgcnimp,increasing,0
cgcnimp,reduced,0
cgcnimp,gap,0
cgcnimp,developed,0
cgcnimp,roofs,0
cgcnimp,hyperlinks,0
cgcnimp,independently,0
cgcnimp,differently,0
cgcnimp,explicitly,0
cgcnimp,obtained,0
cgcnimp,generated,0
cgcnimp,continuation,0
cgcnimp,systems,0
cgcnimp,network,0
cgcnimp,standards,0
cgcnimp,networks,0
cgcnimp,extracting,0
cgcnimp,rna,0
cgcnimp,tcga,0
cgcnimp,pei-gcn,0
cgcnimp,gqa,0
cgcnimp,proposes,0
cgcnimp,critical,0
cgcnimp,membranes,0
cgcnimp,models,0
cgcnimp,result,0
cgcnimp,pharmacological,0
cgcnimp,efficient,0
cgcnimp,three-dimensional,0
cgcnimp,classification,0
cgcnimp,node,0
cgcnimp,limited,0
cgcnimp,fast,0
cgcnimp,recombination,0
cgcnimp,dempster-shafer,0
cgcnimp,thousands,0
cgcnimp,hours,0
cgcnimp,owing,0
cgcnimp,roads,0
cgcnimp,tasks,0
cgcnimp,utilized,0
cgcnimp,determination,0
cgcnimp,process,0
cgcnimp,seoul,0
cgcnimp,proteins,0
cgcnimp,encoded,0
cgcnimp,time-consuming,0
cgcnimp,experimental,0
cgcnimp,prohibitively,0
cgcnimp,elsevier,0
cgcnimp,psycholinguistic,0
cgcnimp,heterojunction,0
cgcnimp,nitrogen-rich,0
cgcnimp,tubes,0
cgcnimp,chemical,0
cgcnimp,liquid,0
cgcnimp,work,0
cgcnimp,graphitic,0
cgcnimp,nodes,0
cgcnimp,established,0
cgcnimp,mixed,0
cgcnimp,excellent,0
cgcnimp,self-healing,0
cgcnimp,dual-stimulus,0
cgcnimp,similar,0
cgcnimp,smoothing,0
cgcnimp,perform,0
cgcnimp,households,0
cgcnimp,study,0
cgcnimp,strategy,0
cgcnimp,presents,0
cgcnimp,viable,0
cgcnimp,trna,0
cgcnimp,outperform,0
cgcnimp,cutting-thin,0
cgcnimp,string,0
cgcnimp,descriptor,0
cgcnimp,explore,0
cgcnimp,sgc,0
cgcnimp,u-shaped,0
cgcnimp,samples,0
cgcnimp,couplings,0
cgcnimp,research,0
cgcnimp,pressure,0
cgcnimp,f-score,0
cgcnimp,graphs,0
cgcnimp,requirement,0
cgcnimp,numerous,0
cgcnimp,separation,0
cgcnimp,topologically,0
cgcnimp,wavelengths,0
cgcnimp,sets,0
cgcnimp,simultaneously,0
cgcnimp,markers,0
cgcnimp,n-acetyltransferase,0
cgcnimp,holes,0
cgcnimp,resulting,0
cgcnimp,photocatalyst,0
cgcnimp,investigations,0
cgcnimp,trypanosoma,0
cgcnimp,sciences,0
cgcnimp,medica,0
cgcnimp,plant,0
cgcnimp,transformers,0
cgcnimp,harmful,0
cgcnimp,videos,0
cgcnimp,features,0
cgcnimp,years,0
cgcnimp,language,0
cgcnimp,theory,0
cgcnimp,leading,0
cgcnimp,rely,0
cgcnimp,decisions,0
cgcnimp,heavily,0
cgcnimp,hemisphere,0
cgcnimp,gps,0
cgcnimp,obu,0
cgcnimp,material,0
cgcnimp,gcns,0
cgcnimp,heparin,0
cgcnimp,relation,0
cgcnimp,relations,0
cgcnimp,typically,0
cgcnimp,firstly,0
cgcnimp,understanding,0
cgcnimp,imdb,0
cgcnimp,kitti,0
cgcnimp,convolutional,0
cgcnimp,s-triazine,0
cgcnimp,mscoco,0
cgcnimp,heterogeneous,0
cgcnimp,cnn,0
cgcnimp,due,0
cgcnimp,sites,0
cgcnimp,cloud,0
cgcnimp,points,0
cgcnimp,efficiency,0
cgcnimp,improve,0
cgcnimp,photoreduction,0
cgcnimp,ethereum,0
cgcnimp,smiles,0
cgcnimp,technologies,0
cgcnimp,svm,0
cgcnimp,knn,0
cgcnimp,softmax,0
cgcnimp,chloroform,0
cgcnimp,formed,0
cgcnimp,escherichia,0
cgcnimp,euclidean,0
cgcnimp,patients,0
cgcnimp,patient,0
cgcnimp,similarity,0
cgcnimp,rnas,0
cgcnimp,fourier,0
cgcnimp,initiative,0
cgcnimp,pca,0
cgcnimp,decades,0
cgcnimp,copy,0
cgcnimp,recently,0
cgcnimp,fixation,0
cgcnimp,molecules,0
cgcnimp,molecule,0
cgcnimp,ntu,0
cgcnimp,edges,0
cgcnimp,unsupervised,0
cgcnimp,matthews,0
cgcnimp,secure,0
cgcnimp,nlp,0
cgcnimp,words,0
cgcnimp,transformer,0
cgcnimp,system,0
cgcnimp,water,0
cgcnimp,wiki,0
cgcnimp,nanosized,0
cgcnimp,effectively,0
cgcnimp,surge,0
cgcnimp,data-driven,0
cgcnimp,kinetics,0
cgcnimp,dft,0
cgcnimp,skeleton,0
cgcnimp,framework,0
cgcnimp,vehicle,0
cgcnimp,guided,0
cgcnimp,end,0
cgcnimp,layer,0
cgcnimp,learning,0
cgcnimp,subgraph,0
cgcnimp,ftir,0
cgcnimp,xps,0
cgcnimp,pose,0
cgcnimp,skeleton-based,0
cgcnimp,euler,0
cgcnimp,skeletongait,0
cgcnimp,graph-based,0
cgcnimp,informative,0
cgcnimp,proposed,0
cgcnimp,metsulfuron,0
cgcnimp,meaningful,0
cgcnimp,revealed,0
cgcnimp,gcaru,0
cgcnimp,probability,0
cgcnimp,methodology,0
cgcnimp,spatial,0
cgcnimp,pubmed,0
cgcnimp,sentiments,0
cgcnimp,electron,0
cgcnimp,information,0
cgcnimp,evaluation,0
cgcnimp,role,0
cgcnimp,kinetoplastid,0
cgcnimp,unconventional,0
cgcnimp,mcc,0
cgcnimp,optimization,0
cgcnimp,relationships,0
cgcnimp,representation,0
cgcnimp,represent,0
cgcnimp,fenton,0
cgcnimp,generative,0
cgcnimp,dmax,0
cgcnimp,unifying,0
cgcnimp,embeddings,0
cgcnimp,laplacian,0
cgcnimp,topic,0
cgcnimp,updated,0
cgcnimp,global,0
cgcnimp,local,0
cgcnimp,deep,0
cgcnimp,training,0
cgcnimp,correlations,0
cgcnimp,u-net,0
cgcnimp,supervised,0
cgcnimp,error,0
cgcnimp,works,0
cgcnimp,generate,0
cgcnimp,showed,0
cgcnimp,psf,0
cgcnimp,optimal,0
cgcnimp,presentation,0
cgcnimp,indonesia,0
cgcnimp,pooling,0
cgcnimp,dataset,0
cgcnimp,intratesticular,0
cgcnimp,key,0
cgcnimp,human,0
cgcnimp,technique,0
cgcnimp,prediction,0
cgcnimp,factors,0
cgcnimp,propagation,0
cgcnimp,daily,0
cgcnimp,neighbor,0
cgcnimp,evolution,0
cgcnimp,single-granular,0
cgcnimp,optical,0
cgcnimp,focus,0
cgcnimp,desirable,0
cgcnimp,modalities,0
cgcnimp,high,0
cgcnimp,representations,0
cgcnimp,introduce,0
cgcnimp,expression,0
cgcnimp,user,0
cgcnimp,management,0
cgcnimp,predict,0
cgcnimp,feature,0
cgcnimp,set,0
cgcnimp,fully,0
cgcnimp,tumor,0
cgcnimp,target,0
cgcnimp,studies,0
cgcnimp,dense,0
cgcnimp,recognition,0
cgcnimp,identify,0
cgcnimp,convolution,0
cgcnimp,challenges,0
cgcnimp,multiple,0
cgcnimp,ternary,0
cgcnimp,trend,0
cgcnimp,sparsity,0
cgcnimp,faces,0
cgcnimp,recent,0
cgcnimp,static,0
cgcnimp,gene,0
cgcnimp,surface,0
cgcnimp,significant,0
cgcnimp,immune,0
cgcnimp,knowledge,0
cgcnimp,identification,0
cgcnimp,predicting,0
cgcnimp,number,0
cgcnimp,validate,0
cgcnimp,gat,0
cgcnimp,spatial-temporal,0
cgcnimp,single,0
cgcnimp,interaction,0
cgcnimp,layers,0
cgcnimp,task,0
cgcnimp,challenging,0
cgcnimp,energy,0
cgcnimp,step,0
cgcnimp,machine,0
cgcnimp,traffic,0
cgcnimp,communication,0
cgcnimp,synthetic,0
cgcnimp,real,0
cgcnimp,visual,0
cgcnimp,layouts,0
cgcnimp,remote,0
cgcnimp,splitting,0
cgcnimp,parameters,0
cgcnimp,rgb,0
cgcnimp,improved,0
cgcnimp,large,0
cgcnimp,processing,0
cgcnimp,conditions,0
cgcnimp,pairs,0
cgcnimp,employed,0
cgcnimp,include,0
cgcnimp,learns,0
cgcnimp,embedding,0
cgcnimp,effective,0
cgcnimp,photocatalytic,0
cgcnimp,structural,0
cgcnimp,success,0
cgcnimp,identifying,0
cgcnimp,important,0
cgcnimp,reactions,0
cgcnimp,unit,0
cgcnimp,gated,0
cgcnimp,patterns,0
cgcnimp,field,0
cgcnimp,correction,0
cgcnimp,constructing,0
cgcnimp,comprehensive,0
cgcnimp,great,0
cgcnimp,light,0
cgcnimp,functions,0
cgcnimp,targets,0
cgcnimp,multi-scale,0
cgcnimp,utilization,0
cgcnimp,structures,0
cgcnimp,neighbors,0
cgcnimp,part,0
cgcnimp,progress,0
cgcnimp,video,0
cgcnimp,focuses,0
cgcnimp,traditional,0
cgcnimp,stability,0
cgcnimp,sample,0
cgcnimp,designed,0
cgcnimp,pollutants,0
cgcnimp,diffusion,0
cgcnimp,tree,0
cgcnimp,motion,0
cgcnimp,types,0
cgcnimp,protein,0
cgcnimp,point,0
cgcnimp,reported,0
cgcnimp,remarkable,0
acc,drug-drug,0
acc,named,0
acc,intuitively,0
acc,inferred,0
acc,variously,0
acc,actions,0
acc,dual,0
acc,anchored,0
acc,interacts,0
acc,mikae,0
acc,eastern,0
acc,bulbosa,0
acc,colomatta,0
acc,lutea,0
acc,approaches,0
acc,benefit,0
acc,connecting,0
acc,considered,0
acc,low-pass,0
acc,attributes,0
acc,metal,0
acc,cocatalyst-free,0
acc,water-splitting,0
acc,nitride,0
acc,literature,0
acc,rarely,0
acc,concentrated,0
acc,pharmacology,0
acc,curated,0
acc,generally,0
acc,meiosis,0
acc,increasing,0
acc,reduced,0
acc,roofs,0
acc,cancers,0
acc,hyperlinks,0
acc,independently,0
acc,differently,0
acc,explicitly,0
acc,obtained,0
acc,generated,0
acc,continuation,0
acc,systems,0
acc,standards,0
acc,extracting,0
acc,rna,0
acc,pei-gcn,0
acc,gqa,0
acc,proposes,0
acc,assist,0
acc,assessment,0
acc,achieve,0
acc,membranes,0
acc,result,0
acc,beneficial,0
acc,pharmacological,0
acc,efficient,0
acc,three-dimensional,0
acc,classification,0
acc,address,0
acc,limited,0
acc,fast,0
acc,recombination,0
acc,dempster-shafer,0
acc,thousands,0
acc,hours,0
acc,owing,0
acc,roads,0
acc,tasks,0
acc,alternatively,0
acc,utilized,0
acc,determination,0
acc,seoul,0
acc,encoded,0
acc,time-consuming,0
acc,prohibitively,0
acc,psycholinguistic,0
acc,attack,0
acc,heterojunction,0
acc,nitrogen-rich,0
acc,tubes,0
acc,chemical,0
acc,liquid,0
acc,work,0
acc,graphitic,0
acc,granger,0
acc,established,0
acc,mixed,0
acc,excellent,0
acc,capability,0
acc,self-healing,0
acc,dual-stimulus,0
acc,smoothing,0
acc,perform,0
acc,households,0
acc,apartments,0
acc,strategy,0
acc,presents,0
acc,viable,0
acc,trna,0
acc,outperform,0
acc,cutting-thin,0
acc,string,0
acc,descriptor,0
acc,explore,0
acc,sgc,0
acc,u-shaped,0
acc,couplings,0
acc,pressure,0
acc,f-score,0
acc,requirement,0
acc,numerous,0
acc,separation,0
acc,topologically,0
acc,wavelengths,0
acc,markers,0
acc,n-acetyltransferase,0
acc,holes,0
acc,resulting,0
acc,photocatalyst,0
acc,investigations,0
acc,trypanosoma,0
acc,sciences,0
acc,medica,0
acc,plant,0
acc,transformers,0
acc,activity,0
acc,harmful,0
acc,years,0
acc,language,0
acc,theory,0
acc,achievement,0
acc,rely,0
acc,decisions,0
acc,heavily,0
acc,hemisphere,0
acc,gps,0
acc,obu,0
acc,material,0
acc,heparin,0
acc,relation,0
acc,relations,0
acc,typically,0
acc,firstly,0
acc,understanding,0
acc,imdb,0
acc,kitti,0
acc,artifact,0
acc,s-triazine,0
acc,mscoco,0
acc,heterogeneous,0
acc,due,0
acc,cloud,0
acc,points,0
acc,efficiency,0
acc,photoreduction,0
acc,ethereum,0
acc,lstm,0
acc,smiles,0
acc,bidirectional,0
acc,catalysts,0
acc,capacity,0
acc,svm,0
acc,knn,0
acc,softmax,0
acc,chloroform,0
acc,formed,0
acc,escherichia,0
acc,similarity,0
acc,annotations,0
acc,rnas,0
acc,fourier,0
acc,initiative,0
acc,pca,0
acc,decades,0
acc,recently,0
acc,fixation,0
acc,molecules,0
acc,molecule,0
acc,ntu,0
acc,edges,0
acc,unsupervised,0
acc,matthews,0
acc,secure,0
acc,nlp,0
acc,words,0
acc,system,0
acc,water,0
acc,wiki,0
acc,nanosized,0
acc,surge,0
acc,data-driven,0
acc,kinetics,0
acc,dft,0
acc,skeleton,0
acc,canadian,0
acc,framework,0
acc,vehicle,0
acc,guided,0
acc,end,0
acc,subgraph,0
acc,ftir,0
acc,xps,0
acc,pose,0
acc,skeleton-based,0
acc,algorithm,0
acc,euler,0
acc,skeletongait,0
acc,graph-based,0
acc,informative,0
acc,metsulfuron,0
acc,conduct,0
acc,meaningful,0
acc,revealed,0
acc,gcaru,0
acc,probability,0
acc,methodology,0
acc,pubmed,0
acc,sentiments,0
acc,electron,0
acc,kinetoplastid,0
acc,unconventional,0
acc,cgcnimp,0
acc,optimization,0
acc,relationships,0
acc,represent,0
acc,fenton,0
acc,generative,0
acc,dmax,0
acc,unifying,0
acc,embeddings,0
acc,laplacian,0
acc,topic,0
acc,updated,0
acc,global,0
acc,correlations,0
acc,u-net,0
acc,supervised,0
acc,works,0
acc,psf,0
acc,optimal,0
acc,presentation,0
acc,indonesia,0
acc,pooling,0
acc,intratesticular,0
acc,key,0
acc,human,0
acc,technique,0
acc,propagation,0
acc,time,0
acc,aminoacyl,0
acc,daily,0
acc,learn,0
acc,neighbor,0
acc,evolution,0
acc,cfz,0
acc,single-granular,0
acc,approach,0
acc,focus,0
acc,desirable,0
acc,modalities,0
acc,module,0
acc,representations,0
acc,introduce,0
acc,user,0
acc,management,0
acc,target,0
acc,dense,0
acc,recognition,0
acc,convolution,0
acc,ternary,0
acc,sparsity,0
acc,recent,0
acc,static,0
acc,surface,0
acc,immune,0
acc,validate,0
acc,gat,0
acc,spatial-temporal,0
acc,single,0
acc,layers,0
acc,energy,0
acc,step,0
acc,traffic,0
acc,communication,0
acc,synthetic,0
acc,real,0
acc,visual,0
acc,layouts,0
acc,cells,0
acc,remote,0
acc,splitting,0
acc,parameters,0
acc,improved,0
acc,large,0
acc,conditions,0
acc,previous,0
acc,pairs,0
acc,employed,0
acc,include,0
acc,learns,0
acc,embedding,0
acc,photocatalytic,0
acc,success,0
acc,cases,0
acc,variation,0
acc,reactions,0
acc,memory,0
acc,unit,0
acc,gated,0
acc,correction,0
acc,constructing,0
acc,comprehensive,0
acc,accurate,0
acc,action,0
acc,light,0
acc,functions,0
acc,targets,0
acc,architecture,0
acc,multi-scale,0
acc,annotation,0
acc,utilization,0
acc,structures,0
acc,adsorption,0
acc,part,0
acc,progress,0
acc,video,0
acc,focuses,0
acc,capturing,0
acc,traditional,0
acc,affected,0
acc,stability,0
acc,sample,0
acc,pollutants,0
acc,behaviors,0
acc,tree,0
acc,motion,0
acc,point,0
acc,reported,0
acc,remarkable,0
acc,center,0
acc,bind,0
acc,band,0
mcc,variously,0
mcc,specifically,0
mcc,mikae,0
mcc,metal,0
mcc,water-splitting,0
mcc,nitride,0
mcc,present,0
mcc,rarely,0
mcc,pharmacology,0
mcc,published,0
mcc,meiosis,0
mcc,reduced,0
mcc,roofs,0
mcc,obtained,0
mcc,systems,0
mcc,standards,0
mcc,noise,0
mcc,rna,0
mcc,tcga,0
mcc,pei-gcn,0
mcc,proposes,0
mcc,membranes,0
mcc,result,0
mcc,pharmacological,0
mcc,three-dimensional,0
mcc,problem,0
mcc,recombination,0
mcc,real-world,0
mcc,thousands,0
mcc,owing,0
mcc,roads,0
mcc,tasks,0
mcc,utilized,0
mcc,seoul,0
mcc,time-consuming,0
mcc,prohibitively,0
mcc,psycholinguistic,0
mcc,nitrogen-rich,0
mcc,tubes,0
mcc,work,0
mcc,mixed,0
mcc,self-healing,0
mcc,similar,0
mcc,smoothing,0
mcc,perform,0
mcc,study,0
mcc,strategy,0
mcc,presents,0
mcc,viable,0
mcc,trna,0
mcc,outperform,0
mcc,string,0
mcc,sgc,0
mcc,u-shaped,0
mcc,samples,0
mcc,research,0
mcc,pressure,0
mcc,requirement,0
mcc,numerous,0
mcc,separation,0
mcc,topologically,0
mcc,wavelengths,0
mcc,sets,0
mcc,simultaneously,0
mcc,n-acetyltransferase,0
mcc,resulting,0
mcc,photocatalyst,0
mcc,trypanosoma,0
mcc,sciences,0
mcc,medica,0
mcc,plant,0
mcc,transformers,0
mcc,videos,0
mcc,years,0
mcc,theory,0
mcc,rely,0
mcc,obu,0
mcc,relation,0
mcc,relations,0
mcc,typically,0
mcc,understanding,0
mcc,s-triazine,0
mcc,mscoco,0
mcc,points,0
mcc,photoreduction,0
mcc,smiles,0
mcc,technologies,0
mcc,svm,0
mcc,softmax,0
mcc,patients,0
mcc,patient,0
mcc,similarity,0
mcc,rnas,0
mcc,pca,0
mcc,recently,0
mcc,molecules,0
mcc,molecule,0
mcc,ntu,0
mcc,unsupervised,0
mcc,secure,0
mcc,nlp,0
mcc,words,0
mcc,transformer,0
mcc,system,0
mcc,water,0
mcc,wiki,0
mcc,nanosized,0
mcc,surge,0
mcc,skeleton,0
mcc,vehicle,0
mcc,subgraph,0
mcc,xps,0
mcc,pose,0
mcc,skeleton-based,0
mcc,skeletongait,0
mcc,metsulfuron,0
mcc,meaningful,0
mcc,probability,0
mcc,methodology,0
mcc,spatial,0
mcc,pubmed,0
mcc,sentiments,0
mcc,unconventional,0
mcc,optimization,0
mcc,relationships,0
mcc,representation,0
mcc,represent,0
mcc,unifying,0
mcc,topic,0
mcc,updated,0
mcc,training,0
mcc,u-net,0
mcc,supervised,0
mcc,works,0
mcc,showed,0
mcc,psf,0
mcc,optimal,0
mcc,presentation,0
mcc,pooling,0
mcc,technique,0
mcc,time,0
mcc,neighbor,0
mcc,single-granular,0
mcc,optical,0
mcc,modalities,0
mcc,module,0
mcc,user,0
mcc,predict,0
mcc,set,0
mcc,tumor,0
mcc,target,0
mcc,studies,0
mcc,recognition,0
mcc,multiple,0
mcc,ternary,0
mcc,trend,0
mcc,sparsity,0
mcc,recent,0
mcc,static,0
mcc,surface,0
mcc,significant,0
mcc,temporal,0
mcc,predicting,0
mcc,number,0
mcc,validate,0
mcc,spatial-temporal,0
mcc,single,0
mcc,task,0
mcc,traffic,0
mcc,synthetic,0
mcc,real,0
mcc,visual,0
mcc,remote,0
mcc,splitting,0
mcc,parameters,0
mcc,rgb,0
mcc,show,0
mcc,processing,0
mcc,pairs,0
mcc,photocatalytic,0
mcc,structural,0
mcc,success,0
mcc,variation,0
mcc,reactions,0
mcc,memory,0
mcc,unit,0
mcc,patterns,0
mcc,targets,0
mcc,multi-scale,0
mcc,utilization,0
mcc,structures,0
mcc,neighbors,0
mcc,part,0
mcc,progress,0
mcc,video,0
mcc,traditional,0
mcc,stability,0
mcc,sample,0
mcc,pollutants,0
mcc,tree,0
mcc,motion,0
mcc,point,0
mcc,reported,0
mcc,remarkable,0
auroc,named,0
auroc,intuitively,0
auroc,inferred,0
auroc,variously,0
auroc,dual,0
auroc,interacts,0
auroc,mikae,0
auroc,eastern,0
auroc,bulbosa,0
auroc,colomatta,0
auroc,lutea,0
auroc,ignore,0
auroc,benefit,0
auroc,connecting,0
auroc,considered,0
auroc,low-pass,0
auroc,metal,0
auroc,cocatalyst-free,0
auroc,water-splitting,0
auroc,nitride,0
auroc,present,0
auroc,rarely,0
auroc,concentrated,0
auroc,pharmacology,0
auroc,published,0
auroc,curated,0
auroc,generally,0
auroc,common,0
auroc,meiosis,0
auroc,reduced,0
auroc,gap,0
auroc,roofs,0
auroc,cancers,0
auroc,hyperlinks,0
auroc,independently,0
auroc,differently,0
auroc,explicitly,0
auroc,generated,0
auroc,continuation,0
auroc,systems,0
auroc,standards,0
auroc,noise,0
auroc,extracting,0
auroc,tcga,0
auroc,pei-gcn,0
auroc,gqa,0
auroc,proposes,0
auroc,membranes,0
auroc,pharmacological,0
auroc,efficient,0
auroc,three-dimensional,0
auroc,classification,0
auroc,node,0
auroc,fast,0
auroc,recombination,0
auroc,real-world,0
auroc,dempster-shafer,0
auroc,thousands,0
auroc,hours,0
auroc,owing,0
auroc,roads,0
auroc,tasks,0
auroc,utilized,0
auroc,determination,0
auroc,seoul,0
auroc,encoded,0
auroc,prohibitively,0
auroc,elsevier,0
auroc,psycholinguistic,0
auroc,heterojunction,0
auroc,nitrogen-rich,0
auroc,tubes,0
auroc,chemical,0
auroc,liquid,0
auroc,graphitic,0
auroc,granger,0
auroc,mixed,0
auroc,excellent,0
auroc,capability,0
auroc,self-healing,0
auroc,dual-stimulus,0
auroc,smoothing,0
auroc,households,0
auroc,strategy,0
auroc,presents,0
auroc,viable,0
auroc,trna,0
auroc,cutting-thin,0
auroc,string,0
auroc,descriptor,0
auroc,explore,0
auroc,sgc,0
auroc,u-shaped,0
auroc,samples,0
auroc,couplings,0
auroc,pressure,0
auroc,f-score,0
auroc,requirement,0
auroc,numerous,0
auroc,separation,0
auroc,topologically,0
auroc,wavelengths,0
auroc,sets,0
auroc,simultaneously,0
auroc,markers,0
auroc,n-acetyltransferase,0
auroc,holes,0
auroc,photocatalyst,0
auroc,investigations,0
auroc,trypanosoma,0
auroc,sciences,0
auroc,medica,0
auroc,plant,0
auroc,transformers,0
auroc,harmful,0
auroc,years,0
auroc,language,0
auroc,theory,0
auroc,leading,0
auroc,rely,0
auroc,decisions,0
auroc,heavily,0
auroc,hemisphere,0
auroc,gps,0
auroc,obu,0
auroc,material,0
auroc,gcns,0
auroc,heparin,0
auroc,relation,0
auroc,relations,0
auroc,typically,0
auroc,firstly,0
auroc,imdb,0
auroc,kitti,0
auroc,s-triazine,0
auroc,mscoco,0
auroc,cloud,0
auroc,points,0
auroc,efficiency,0
auroc,improve,0
auroc,photoreduction,0
auroc,ethereum,0
auroc,lstm,0
auroc,smiles,0
auroc,bidirectional,0
auroc,catalysts,0
auroc,technologies,0
auroc,capacity,0
auroc,svm,0
auroc,knn,0
auroc,softmax,0
auroc,chloroform,0
auroc,formed,0
auroc,escherichia,0
auroc,patient,0
auroc,rnas,0
auroc,fourier,0
auroc,initiative,0
auroc,pca,0
auroc,decades,0
auroc,copy,0
auroc,fixation,0
auroc,molecule,0
auroc,ntu,0
auroc,edges,0
auroc,unsupervised,0
auroc,matthews,0
auroc,secure,0
auroc,nlp,0
auroc,words,0
auroc,transformer,0
auroc,water,0
auroc,wiki,0
auroc,nanosized,0
auroc,effectively,0
auroc,surge,0
auroc,data-driven,0
auroc,kinetics,0
auroc,dft,0
auroc,skeleton,0
auroc,canadian,0
auroc,framework,0
auroc,vehicle,0
auroc,guided,0
auroc,end,0
auroc,subgraph,0
auroc,ftir,0
auroc,xps,0
auroc,pose,0
auroc,skeleton-based,0
auroc,euler,0
auroc,skeletongait,0
auroc,informative,0
auroc,dependencies,0
auroc,metsulfuron,0
auroc,conduct,0
auroc,meaningful,0
auroc,revealed,0
auroc,gcaru,0
auroc,methodology,0
auroc,spatial,0
auroc,pubmed,0
auroc,sentiments,0
auroc,electron,0
auroc,kinetoplastid,0
auroc,unconventional,0
auroc,cgcnimp,0
auroc,optimization,0
auroc,represent,0
auroc,fenton,0
auroc,generative,0
auroc,dmax,0
auroc,unifying,0
auroc,embeddings,0
auroc,laplacian,0
auroc,topic,0
auroc,updated,0
auroc,training,0
auroc,correlations,0
auroc,u-net,0
auroc,supervised,0
auroc,error,0
auroc,works,0
auroc,psf,0
auroc,optimal,0
auroc,presentation,0
auroc,indonesia,0
auroc,pooling,0
auroc,intratesticular,0
auroc,technique,0
auroc,factors,0
auroc,propagation,0
auroc,time,0
auroc,daily,0
auroc,learn,0
auroc,evolution,0
auroc,cfz,0
auroc,single-granular,0
auroc,optical,0
auroc,focus,0
auroc,desirable,0
auroc,modalities,0
auroc,representations,0
auroc,user,0
auroc,management,0
auroc,tumor,0
auroc,dense,0
auroc,multiple,0
auroc,ternary,0
auroc,trend,0
auroc,sparsity,0
auroc,faces,0
auroc,recent,0
auroc,static,0
auroc,surface,0
auroc,immune,0
auroc,knowledge,0
auroc,temporal,0
auroc,validate,0
auroc,gat,0
auroc,spatial-temporal,0
auroc,layers,0
auroc,task,0
auroc,challenging,0
auroc,energy,0
auroc,traffic,0
auroc,communication,0
auroc,synthetic,0
auroc,real,0
auroc,visual,0
auroc,layouts,0
auroc,cells,0
auroc,remote,0
auroc,splitting,0
auroc,parameters,0
auroc,rgb,0
auroc,large,0
auroc,processing,0
auroc,conditions,0
auroc,previous,0
auroc,pairs,0
auroc,include,0
auroc,learns,0
auroc,effective,0
auroc,photocatalytic,0
auroc,success,0
auroc,cases,0
auroc,variation,0
auroc,reactions,0
auroc,memory,0
auroc,unit,0
auroc,gated,0
auroc,patterns,0
auroc,field,0
auroc,correction,0
auroc,constructing,0
auroc,comprehensive,0
auroc,great,0
auroc,functions,0
auroc,targets,0
auroc,multi-scale,0
auroc,utilization,0
auroc,structures,0
auroc,neighbors,0
auroc,part,0
auroc,progress,0
auroc,focuses,0
auroc,capturing,0
auroc,stability,0
auroc,sample,0
auroc,designed,0
auroc,pollutants,0
auroc,diffusion,0
auroc,tree,0
auroc,motion,0
auroc,types,0
auroc,point,0
auroc,reported,0
auroc,remarkable,0
auroc,center,0
auroc,bind,0
auroc,band,0
auprc,named,0
auprc,method,0
auprc,intuitively,0
auprc,inferred,0
auprc,variously,0
auprc,specifically,0
auprc,dual,0
auprc,interacts,0
auprc,mikae,0
auprc,eastern,0
auprc,bulbosa,0
auprc,colomatta,0
auprc,lutea,0
auprc,existing,0
auprc,ignore,0
auprc,benefit,0
auprc,connecting,0
auprc,considered,0
auprc,low-pass,0
auprc,metal,0
auprc,cocatalyst-free,0
auprc,water-splitting,0
auprc,nitride,0
auprc,present,0
auprc,literature,0
auprc,rarely,0
auprc,concentrated,0
auprc,extract,0
auprc,pharmacology,0
auprc,published,0
auprc,curated,0
auprc,generally,0
auprc,common,0
auprc,meiosis,0
auprc,increasing,0
auprc,reduced,0
auprc,gap,0
auprc,developed,0
auprc,roofs,0
auprc,cancers,0
auprc,hyperlinks,0
auprc,independently,0
auprc,differently,0
auprc,explicitly,0
auprc,obtained,0
auprc,generated,0
auprc,continuation,0
auprc,systems,0
auprc,standards,0
auprc,networks,0
auprc,noise,0
auprc,extracting,0
auprc,rna,0
auprc,tcga,0
auprc,pei-gcn,0
auprc,gqa,0
auprc,proposes,0
auprc,membranes,0
auprc,result,0
auprc,beneficial,0
auprc,pharmacological,0
auprc,efficient,0
auprc,three-dimensional,0
auprc,classification,0
auprc,problem,0
auprc,node,0
auprc,fast,0
auprc,recombination,0
auprc,real-world,0
auprc,dempster-shafer,0
auprc,thousands,0
auprc,hours,0
auprc,owing,0
auprc,roads,0
auprc,tasks,0
auprc,utilized,0
auprc,determination,0
auprc,process,0
auprc,seoul,0
auprc,encoded,0
auprc,time-consuming,0
auprc,prohibitively,0
auprc,elsevier,0
auprc,psycholinguistic,0
auprc,heterojunction,0
auprc,nitrogen-rich,0
auprc,tubes,0
auprc,chemical,0
auprc,liquid,0
auprc,work,0
auprc,graphitic,0
auprc,gcn,0
auprc,granger,0
auprc,nodes,0
auprc,mixed,0
auprc,excellent,0
auprc,capability,0
auprc,self-healing,0
auprc,dual-stimulus,0
auprc,smoothing,0
auprc,perform,0
auprc,households,0
auprc,study,0
auprc,strategy,0
auprc,presents,0
auprc,viable,0
auprc,trna,0
auprc,cutting-thin,0
auprc,string,0
auprc,descriptor,0
auprc,explore,0
auprc,sgc,0
auprc,u-shaped,0
auprc,samples,0
auprc,couplings,0
auprc,research,0
auprc,pressure,0
auprc,f-score,0
auprc,graphs,0
auprc,requirement,0
auprc,numerous,0
auprc,separation,0
auprc,topologically,0
auprc,wavelengths,0
auprc,sets,0
auprc,simultaneously,0
auprc,markers,0
auprc,n-acetyltransferase,0
auprc,holes,0
auprc,resulting,0
auprc,photocatalyst,0
auprc,investigations,0
auprc,trypanosoma,0
auprc,sciences,0
auprc,medica,0
auprc,plant,0
auprc,transformers,0
auprc,harmful,0
auprc,videos,0
auprc,features,0
auprc,years,0
auprc,language,0
auprc,theory,0
auprc,leading,0
auprc,rely,0
auprc,decisions,0
auprc,heavily,0
auprc,hemisphere,0
auprc,gps,0
auprc,obu,0
auprc,material,0
auprc,gcns,0
auprc,heparin,0
auprc,relation,0
auprc,relations,0
auprc,typically,0
auprc,firstly,0
auprc,understanding,0
auprc,imdb,0
auprc,kitti,0
auprc,s-triazine,0
auprc,mscoco,0
auprc,heterogeneous,0
auprc,cnn,0
auprc,due,0
auprc,cloud,0
auprc,points,0
auprc,efficiency,0
auprc,improve,0
auprc,photoreduction,0
auprc,ethereum,0
auprc,lstm,0
auprc,smiles,0
auprc,bidirectional,0
auprc,catalysts,0
auprc,technologies,0
auprc,capacity,0
auprc,svm,0
auprc,knn,0
auprc,softmax,0
auprc,chloroform,0
auprc,formed,0
auprc,escherichia,0
auprc,patients,0
auprc,patient,0
auprc,rnas,0
auprc,fourier,0
auprc,initiative,0
auprc,pca,0
auprc,decades,0
auprc,copy,0
auprc,recently,0
auprc,fixation,0
auprc,molecule,0
auprc,ntu,0
auprc,edges,0
auprc,unsupervised,0
auprc,matthews,0
auprc,secure,0
auprc,nlp,0
auprc,words,0
auprc,transformer,0
auprc,system,0
auprc,water,0
auprc,wiki,0
auprc,datasets,0
auprc,nanosized,0
auprc,effectively,0
auprc,surge,0
auprc,data-driven,0
auprc,kinetics,0
auprc,dft,0
auprc,skeleton,0
auprc,canadian,0
auprc,framework,0
auprc,vehicle,0
auprc,guided,0
auprc,end,0
auprc,layer,0
auprc,subgraph,0
auprc,ftir,0
auprc,xps,0
auprc,pose,0
auprc,skeleton-based,0
auprc,euler,0
auprc,skeletongait,0
auprc,graph-based,0
auprc,informative,0
auprc,dependencies,0
auprc,metsulfuron,0
auprc,conduct,0
auprc,meaningful,0
auprc,revealed,0
auprc,gcaru,0
auprc,probability,0
auprc,methodology,0
auprc,spatial,0
auprc,pubmed,0
auprc,sentiments,0
auprc,electron,0
auprc,information,0
auprc,kinetoplastid,0
auprc,unconventional,0
auprc,cgcnimp,0
auprc,optimization,0
auprc,relationships,0
auprc,representation,0
auprc,represent,0
auprc,fenton,0
auprc,generative,0
auprc,dmax,0
auprc,unifying,0
auprc,embeddings,0
auprc,laplacian,0
auprc,topic,0
auprc,updated,0
auprc,global,0
auprc,local,0
auprc,deep,0
auprc,training,0
auprc,correlations,0
auprc,u-net,0
auprc,supervised,0
auprc,error,0
auprc,works,0
auprc,capture,0
auprc,showed,0
auprc,psf,0
auprc,optimal,0
auprc,presentation,0
auprc,indonesia,0
auprc,pooling,0
auprc,intratesticular,0
auprc,key,0
auprc,human,0
auprc,technique,0
auprc,prediction,0
auprc,factors,0
auprc,propagation,0
auprc,time,0
auprc,daily,0
auprc,learn,0
auprc,neighbor,0
auprc,evolution,0
auprc,cfz,0
auprc,single-granular,0
auprc,optical,0
auprc,focus,0
auprc,desirable,0
auprc,modalities,0
auprc,high,0
auprc,module,0
auprc,representations,0
auprc,introduce,0
auprc,expression,0
auprc,user,0
auprc,management,0
auprc,predict,0
auprc,feature,0
auprc,set,0
auprc,complex,0
auprc,tumor,0
auprc,target,0
auprc,studies,0
auprc,dense,0
auprc,recognition,0
auprc,identify,0
auprc,convolution,0
auprc,challenges,0
auprc,multiple,0
auprc,ternary,0
auprc,trend,0
auprc,sparsity,0
auprc,faces,0
auprc,recent,0
auprc,static,0
auprc,gene,0
auprc,surface,0
auprc,significant,0
auprc,immune,0
auprc,knowledge,0
auprc,temporal,0
auprc,predicting,0
auprc,number,0
auprc,validate,0
auprc,gat,0
auprc,spatial-temporal,0
auprc,single,0
auprc,layers,0
auprc,task,0
auprc,challenging,0
auprc,energy,0
auprc,traffic,0
auprc,communication,0
auprc,synthetic,0
auprc,real,0
auprc,visual,0
auprc,layouts,0
auprc,cells,0
auprc,remote,0
auprc,splitting,0
auprc,parameters,0
auprc,rgb,0
auprc,show,0
auprc,large,0
auprc,processing,0
auprc,conditions,0
auprc,previous,0
auprc,pairs,0
auprc,include,0
auprc,captures,0
auprc,learns,0
auprc,embedding,0
auprc,effective,0
auprc,photocatalytic,0
auprc,structural,0
auprc,success,0
auprc,cases,0
auprc,variation,0
auprc,identifying,0
auprc,reactions,0
auprc,memory,0
auprc,unit,0
auprc,gated,0
auprc,patterns,0
auprc,field,0
auprc,correction,0
auprc,constructing,0
auprc,comprehensive,0
auprc,great,0
auprc,light,0
auprc,functions,0
auprc,targets,0
auprc,multi-scale,0
auprc,utilization,0
auprc,structures,0
auprc,neighbors,0
auprc,part,0
auprc,progress,0
auprc,video,0
auprc,focuses,0
auprc,capturing,0
auprc,stability,0
auprc,sample,0
auprc,designed,0
auprc,pollutants,0
auprc,diffusion,0
auprc,tree,0
auprc,motion,0
auprc,types,0
auprc,point,0
auprc,reported,0
auprc,remarkable,0
auprc,background,0
auprc,center,0
auprc,bind,0
auprc,band,0
optimization,variously,0
optimization,water-splitting,0
optimization,rna,0
optimization,tcga,0
optimization,pei-gcn,0
optimization,thousands,0
optimization,seoul,0
optimization,proteins,0
optimization,prohibitively,0
optimization,psycholinguistic,0
optimization,tubes,0
optimization,self-healing,0
optimization,viable,0
optimization,trna,0
optimization,string,0
optimization,sgc,0
optimization,topologically,0
optimization,wavelengths,0
optimization,trypanosoma,0
optimization,sciences,0
optimization,plant,0
optimization,theory,0
optimization,relation,0
optimization,s-triazine,0
optimization,photoreduction,0
optimization,technologies,0
optimization,rnas,0
optimization,pca,0
optimization,words,0
optimization,wiki,0
optimization,surge,0
optimization,subgraph,0
optimization,xps,0
optimization,skeletongait,0
optimization,pubmed,0
optimization,sentiments,0
optimization,unconventional,0
optimization,unifying,0
optimization,u-net,0
optimization,psf,0
optimization,presentation,0
optimization,single-granular,0
optimization,tumor,0
optimization,splitting,0
optimization,rgb,0
optimization,variation,0
optimization,targets,0
optimization,tree,0
optimization,protein,0
optimization,remarkable,0
relationships,variously,0
relationships,water-splitting,0
relationships,roofs,0
relationships,standards,0
relationships,rna,0
relationships,tcga,0
relationships,three-dimensional,0
relationships,thousands,0
relationships,roads,0
relationships,seoul,0
relationships,tubes,0
relationships,self-healing,0
relationships,viable,0
relationships,trna,0
relationships,string,0
relationships,sgc,0
relationships,u-shaped,0
relationships,separation,0
relationships,topologically,0
relationships,wavelengths,0
relationships,trypanosoma,0
relationships,sciences,0
relationships,s-triazine,0
relationships,smiles,0
relationships,technologies,0
relationships,svm,0
relationships,surge,0
relationships,xps,0
relationships,skeletongait,0
relationships,sentiments,0
relationships,unconventional,0
relationships,supervised,0
relationships,ternary,0
relationships,surface,0
relationships,splitting,0
representation,variously,0
representation,water-splitting,0
representation,roofs,0
representation,standards,0
representation,roads,0
representation,seoul,0
representation,tubes,0
representation,self-healing,0
representation,viable,0
representation,trna,0
representation,sgc,0
representation,topologically,0
representation,wavelengths,0
representation,trypanosoma,0
representation,sciences,0
representation,s-triazine,0
representation,smiles,0
representation,xps,0
representation,skeletongait,0
representation,unconventional,0
representation,updated,0
representation,u-net,0
representation,ternary,0
representation,splitting,0
represent,variously,0
represent,water-splitting,0
represent,roofs,0
represent,standards,0
represent,rna,0
represent,roads,0
represent,seoul,0
represent,time-consuming,0
represent,tubes,0
represent,self-healing,0
represent,trna,0
represent,string,0
represent,sgc,0
represent,separation,0
represent,topologically,0
represent,wavelengths,0
represent,trypanosoma,0
represent,sciences,0
represent,videos,0
represent,s-triazine,0
represent,sites,0
represent,smiles,0
represent,softmax,0
represent,rnas,0
represent,secure,0
represent,wiki,0
represent,surge,0
represent,vehicle,0
represent,xps,0
represent,skeletongait,0
represent,unconventional,0
represent,unifying,0
represent,updated,0
represent,u-net,0
represent,single-granular,0
represent,tumor,0
represent,ternary,0
represent,trend,0
represent,surface,0
represent,splitting,0
represent,variation,0
represent,utilization,0
fenton,paper,0
fenton,named,0
fenton,methods,0
fenton,intuitively,0
fenton,inferred,0
fenton,variously,0
fenton,wide,0
fenton,specifically,0
fenton,interacts,0
fenton,mikae,0
fenton,lutea,0
fenton,input,0
fenton,ignore,0
fenton,graph,0
fenton,low-pass,0
fenton,water-splitting,0
fenton,nitride,0
fenton,rarely,0
fenton,pharmacology,0
fenton,generally,0
fenton,meiosis,0
fenton,increasing,0
fenton,reduced,0
fenton,gap,0
fenton,roofs,0
fenton,hyperlinks,0
fenton,independently,0
fenton,obtained,0
fenton,network,0
fenton,standards,0
fenton,networks,0
fenton,noise,0
fenton,rna,0
fenton,tcga,0
fenton,pei-gcn,0
fenton,gqa,0
fenton,proposes,0
fenton,membranes,0
fenton,models,0
fenton,result,0
fenton,pharmacological,0
fenton,three-dimensional,0
fenton,problem,0
fenton,node,0
fenton,limited,0
fenton,recombination,0
fenton,real-world,0
fenton,thousands,0
fenton,hours,0
fenton,owing,0
fenton,propose,0
fenton,roads,0
fenton,tasks,0
fenton,utilized,0
fenton,seoul,0
fenton,proteins,0
fenton,time-consuming,0
fenton,prohibitively,0
fenton,psycholinguistic,0
fenton,heterojunction,0
fenton,nitrogen-rich,0
fenton,tubes,0
fenton,liquid,0
fenton,graphitic,0
fenton,granger,0
fenton,nodes,0
fenton,mixed,0
fenton,self-healing,0
fenton,similar,0
fenton,smoothing,0
fenton,perform,0
fenton,households,0
fenton,study,0
fenton,presents,0
fenton,viable,0
fenton,trna,0
fenton,outperform,0
fenton,string,0
fenton,sgc,0
fenton,u-shaped,0
fenton,research,0
fenton,pressure,0
fenton,graphs,0
fenton,requirement,0
fenton,numerous,0
fenton,topologically,0
fenton,wavelengths,0
fenton,sets,0
fenton,simultaneously,0
fenton,markers,0
fenton,n-acetyltransferase,0
fenton,holes,0
fenton,resulting,0
fenton,investigations,0
fenton,trypanosoma,0
fenton,sciences,0
fenton,medica,0
fenton,plant,0
fenton,transformers,0
fenton,harmful,0
fenton,videos,0
fenton,years,0
fenton,language,0
fenton,theory,0
fenton,leading,0
fenton,rely,0
fenton,heavily,0
fenton,hemisphere,0
fenton,gps,0
fenton,obu,0
fenton,material,0
fenton,gcns,0
fenton,heparin,0
fenton,relation,0
fenton,relations,0
fenton,typically,0
fenton,firstly,0
fenton,understanding,0
fenton,imdb,0
fenton,kitti,0
fenton,s-triazine,0
fenton,mscoco,0
fenton,model,0
fenton,points,0
fenton,improve,0
fenton,photoreduction,0
fenton,lstm,0
fenton,smiles,0
fenton,technologies,0
fenton,svm,0
fenton,knn,0
fenton,softmax,0
fenton,formed,0
fenton,patients,0
fenton,patient,0
fenton,similarity,0
fenton,rnas,0
fenton,fourier,0
fenton,initiative,0
fenton,pca,0
fenton,recently,0
fenton,fixation,0
fenton,molecules,0
fenton,molecule,0
fenton,ntu,0
fenton,unsupervised,0
fenton,matthews,0
fenton,secure,0
fenton,nlp,0
fenton,words,0
fenton,transformer,0
fenton,wiki,0
fenton,nanosized,0
fenton,surge,0
fenton,skeleton,0
fenton,framework,0
fenton,vehicle,0
fenton,guided,0
fenton,layer,0
fenton,results,0
fenton,learning,0
fenton,subgraph,0
fenton,ftir,0
fenton,xps,0
fenton,pose,0
fenton,skeleton-based,0
fenton,skeletongait,0
fenton,graph-based,0
fenton,informative,0
fenton,proposed,0
fenton,metsulfuron,0
fenton,meaningful,0
fenton,revealed,0
fenton,gcaru,0
fenton,probability,0
fenton,spatial,0
fenton,pubmed,0
fenton,sentiments,0
fenton,information,0
fenton,kinetoplastid,0
fenton,unconventional,0
fenton,mcc,0
fenton,optimization,0
fenton,relationships,0
fenton,representation,0
fenton,represent,0
fenton,generative,0
fenton,unifying,0
fenton,laplacian,0
fenton,topic,0
fenton,updated,0
fenton,global,0
fenton,local,0
fenton,training,0
fenton,u-net,0
fenton,supervised,0
fenton,works,0
fenton,generate,0
fenton,showed,0
fenton,psf,0
fenton,presentation,0
fenton,indonesia,0
fenton,pooling,0
fenton,intratesticular,0
fenton,key,0
fenton,human,0
fenton,technique,0
fenton,prediction,0
fenton,propagation,0
fenton,learn,0
fenton,neighbor,0
fenton,single-granular,0
fenton,optical,0
fenton,focus,0
fenton,modalities,0
fenton,module,0
fenton,representations,0
fenton,introduce,0
fenton,neural,0
fenton,user,0
fenton,management,0
fenton,predict,0
fenton,set,0
fenton,fully,0
fenton,tumor,0
fenton,target,0
fenton,studies,0
fenton,recognition,0
fenton,identify,0
fenton,multiple,0
fenton,ternary,0
fenton,trend,0
fenton,sparsity,0
fenton,recent,0
fenton,static,0
fenton,gene,0
fenton,surface,0
fenton,significant,0
fenton,immune,0
fenton,knowledge,0
fenton,temporal,0
fenton,identification,0
fenton,predicting,0
fenton,number,0
fenton,validate,0
fenton,gat,0
fenton,spatial-temporal,0
fenton,single,0
fenton,interaction,0
fenton,layers,0
fenton,task,0
fenton,step,0
fenton,machine,0
fenton,traffic,0
fenton,synthetic,0
fenton,real,0
fenton,visual,0
fenton,layouts,0
fenton,remote,0
fenton,splitting,0
fenton,parameters,0
fenton,rgb,0
fenton,show,0
fenton,large,0
fenton,processing,0
fenton,previous,0
fenton,pairs,0
fenton,include,0
fenton,learns,0
fenton,structural,0
fenton,success,0
fenton,variation,0
fenton,identifying,0
fenton,important,0
fenton,reactions,0
fenton,memory,0
fenton,unit,0
fenton,gated,0
fenton,patterns,0
fenton,field,0
fenton,great,0
fenton,functions,0
fenton,targets,0
fenton,multi-scale,0
fenton,structures,0
fenton,neighbors,0
fenton,part,0
fenton,progress,0
fenton,video,0
fenton,focuses,0
fenton,traditional,0
fenton,stability,0
fenton,sample,0
fenton,tree,0
fenton,motion,0
fenton,types,0
fenton,protein,0
fenton,point,0
fenton,reported,0
fenton,remarkable,0
generative,intuitively,0
generative,inferred,0
generative,variously,0
generative,interacts,0
generative,mikae,0
generative,lutea,0
generative,low-pass,0
generative,metal,0
generative,water-splitting,0
generative,nitride,0
generative,literature,0
generative,pharmacology,0
generative,meiosis,0
generative,reduced,0
generative,hyperlinks,0
generative,obtained,0
generative,standards,0
generative,rna,0
generative,tcga,0
generative,pei-gcn,0
generative,gqa,0
generative,membranes,0
generative,pharmacological,0
generative,three-dimensional,0
generative,recombination,0
generative,thousands,0
generative,hours,0
generative,roads,0
generative,seoul,0
generative,proteins,0
generative,prohibitively,0
generative,psycholinguistic,0
generative,heterojunction,0
generative,nitrogen-rich,0
generative,tubes,0
generative,liquid,0
generative,graphitic,0
generative,granger,0
generative,mixed,0
generative,self-healing,0
generative,similar,0
generative,smoothing,0
generative,households,0
generative,viable,0
generative,trna,0
generative,outperform,0
generative,string,0
generative,sgc,0
generative,u-shaped,0
generative,pressure,0
generative,requirement,0
generative,numerous,0
generative,separation,0
generative,topologically,0
generative,wavelengths,0
generative,sets,0
generative,markers,0
generative,n-acetyltransferase,0
generative,holes,0
generative,photocatalyst,0
generative,trypanosoma,0
generative,sciences,0
generative,medica,0
generative,plant,0
generative,harmful,0
generative,language,0
generative,theory,0
generative,leading,0
generative,heavily,0
generative,hemisphere,0
generative,gps,0
generative,obu,0
generative,material,0
generative,heparin,0
generative,typically,0
generative,imdb,0
generative,kitti,0
generative,s-triazine,0
generative,mscoco,0
generative,heterogeneous,0
generative,sites,0
generative,photoreduction,0
generative,smiles,0
generative,svm,0
generative,knn,0
generative,softmax,0
generative,rnas,0
generative,initiative,0
generative,pca,0
generative,ntu,0
generative,matthews,0
generative,nlp,0
generative,water,0
generative,wiki,0
generative,nanosized,0
generative,surge,0
generative,kinetics,0
generative,guided,0
generative,subgraph,0
generative,xps,0
generative,skeleton-based,0
generative,skeletongait,0
generative,informative,0
generative,metsulfuron,0
generative,revealed,0
generative,pubmed,0
generative,sentiments,0
generative,kinetoplastid,0
generative,unconventional,0
generative,mcc,0
generative,unifying,0
generative,laplacian,0
generative,updated,0
generative,u-net,0
generative,showed,0
generative,psf,0
generative,presentation,0
generative,indonesia,0
generative,pooling,0
generative,intratesticular,0
generative,propagation,0
generative,neighbor,0
generative,single-granular,0
generative,optical,0
generative,module,0
generative,management,0
generative,set,0
generative,ternary,0
generative,trend,0
generative,sparsity,0
generative,static,0
generative,surface,0
generative,immune,0
generative,interaction,0
generative,layers,0
generative,step,0
generative,splitting,0
generative,rgb,0
generative,pairs,0
generative,include,0
generative,learns,0
generative,photocatalytic,0
generative,variation,0
generative,identifying,0
generative,reactions,0
generative,unit,0
generative,light,0
generative,targets,0
generative,multi-scale,0
generative,utilization,0
generative,neighbors,0
generative,progress,0
generative,pollutants,0
generative,tree,0
generative,motion,0
generative,protein,0
achieved,intuitively,0
achieved,variously,0
achieved,interacts,0
achieved,mikae,0
achieved,eastern,0
achieved,bulbosa,0
achieved,colomatta,0
achieved,lutea,0
achieved,connecting,0
achieved,cocatalyst-free,0
achieved,water-splitting,0
achieved,pharmacology,0
achieved,meiosis,0
achieved,roofs,0
achieved,hyperlinks,0
achieved,differently,0
achieved,continuation,0
achieved,standards,0
achieved,pei-gcn,0
achieved,assist,0
achieved,membranes,0
achieved,dempster-shafer,0
achieved,thousands,0
achieved,seoul,0
achieved,prohibitively,0
achieved,psycholinguistic,0
achieved,attack,0
achieved,nitrogen-rich,0
achieved,tubes,0
achieved,granger,0
achieved,self-healing,0
achieved,dual-stimulus,0
achieved,households,0
achieved,apartments,0
achieved,viable,0
achieved,trna,0
achieved,cutting-thin,0
achieved,string,0
achieved,sgc,0
achieved,u-shaped,0
achieved,couplings,0
achieved,f-score,0
achieved,topologically,0
achieved,wavelengths,0
achieved,n-acetyltransferase,0
achieved,trypanosoma,0
achieved,sciences,0
achieved,medica,0
achieved,plant,0
achieved,harmful,0
achieved,achievement,0
achieved,decisions,0
achieved,hemisphere,0
achieved,gps,0
achieved,obu,0
achieved,heparin,0
achieved,imdb,0
achieved,s-triazine,0
achieved,photoreduction,0
achieved,smiles,0
achieved,knn,0
achieved,chloroform,0
achieved,formed,0
achieved,escherichia,0
achieved,fourier,0
achieved,fixation,0
achieved,molecule,0
achieved,secure,0
achieved,wiki,0
achieved,nanosized,0
achieved,dft,0
achieved,guided,0
achieved,ftir,0
achieved,euler,0
achieved,skeletongait,0
achieved,metsulfuron,0
achieved,gcaru,0
achieved,sentiments,0
achieved,kinetoplastid,0
achieved,unconventional,0
achieved,cgcnimp,0
achieved,fenton,0
achieved,generative,0
achieved,dmax,0
achieved,unifying,0
achieved,updated,0
achieved,psf,0
achieved,presentation,0
achieved,indonesia,0
achieved,intratesticular,0
achieved,aminoacyl,0
achieved,daily,0
achieved,cfz,0
achieved,single-granular,0
achieved,sparsity,0
achieved,immune,0
achieved,layouts,0
achieved,splitting,0
achieved,adsorption,0
achieved,part,0
achieved,diffusion,0
achieved,bind,0
dmax,drug-drug,0
dmax,paper,0
dmax,named,0
dmax,method,0
dmax,methods,0
dmax,intuitively,0
dmax,inferred,0
dmax,variously,0
dmax,wide,0
dmax,specifically,0
dmax,dual,0
dmax,interacts,0
dmax,structure,0
dmax,mikae,0
dmax,eastern,0
dmax,lutea,0
dmax,input,0
dmax,existing,0
dmax,ignore,0
dmax,low-pass,0
dmax,metal,0
dmax,water-splitting,0
dmax,nitride,0
dmax,present,0
dmax,literature,0
dmax,rarely,0
dmax,extract,0
dmax,pharmacology,0
dmax,published,0
dmax,generally,0
dmax,meiosis,0
dmax,increasing,0
dmax,reduced,0
dmax,gap,0
dmax,roofs,0
dmax,hyperlinks,0
dmax,independently,0
dmax,explicitly,0
dmax,obtained,0
dmax,systems,0
dmax,standards,0
dmax,noise,0
dmax,extracting,0
dmax,rna,0
dmax,tcga,0
dmax,pei-gcn,0
dmax,gqa,0
dmax,proposes,0
dmax,membranes,0
dmax,models,0
dmax,result,0
dmax,pharmacological,0
dmax,efficient,0
dmax,three-dimensional,0
dmax,problem,0
dmax,node,0
dmax,performance,0
dmax,limited,0
dmax,fast,0
dmax,recombination,0
dmax,real-world,0
dmax,thousands,0
dmax,hours,0
dmax,owing,0
dmax,propose,0
dmax,roads,0
dmax,tasks,0
dmax,utilized,0
dmax,process,0
dmax,seoul,0
dmax,proteins,0
dmax,encoded,0
dmax,time-consuming,0
dmax,prohibitively,0
dmax,elsevier,0
dmax,psycholinguistic,0
dmax,heterojunction,0
dmax,nitrogen-rich,0
dmax,tubes,0
dmax,liquid,0
dmax,work,0
dmax,graphitic,0
dmax,gcn,0
dmax,granger,0
dmax,nodes,0
dmax,established,0
dmax,mixed,0
dmax,excellent,0
dmax,self-healing,0
dmax,dual-stimulus,0
dmax,similar,0
dmax,smoothing,0
dmax,perform,0
dmax,households,0
dmax,strategy,0
dmax,presents,0
dmax,viable,0
dmax,trna,0
dmax,outperform,0
dmax,string,0
dmax,explore,0
dmax,sgc,0
dmax,u-shaped,0
dmax,samples,0
dmax,research,0
dmax,pressure,0
dmax,f-score,0
dmax,requirement,0
dmax,numerous,0
dmax,separation,0
dmax,topologically,0
dmax,wavelengths,0
dmax,sets,0
dmax,simultaneously,0
dmax,markers,0
dmax,n-acetyltransferase,0
dmax,holes,0
dmax,resulting,0
dmax,photocatalyst,0
dmax,investigations,0
dmax,trypanosoma,0
dmax,sciences,0
dmax,medica,0
dmax,plant,0
dmax,transformers,0
dmax,harmful,0
dmax,videos,0
dmax,years,0
dmax,language,0
dmax,theory,0
dmax,leading,0
dmax,rely,0
dmax,heavily,0
dmax,hemisphere,0
dmax,gps,0
dmax,obu,0
dmax,material,0
dmax,gcns,0
dmax,heparin,0
dmax,relation,0
dmax,relations,0
dmax,typically,0
dmax,firstly,0
dmax,understanding,0
dmax,imdb,0
dmax,kitti,0
dmax,s-triazine,0
dmax,mscoco,0
dmax,heterogeneous,0
dmax,sites,0
dmax,points,0
dmax,efficiency,0
dmax,improve,0
dmax,photoreduction,0
dmax,ethereum,0
dmax,lstm,0
dmax,technologies,0
dmax,svm,0
dmax,knn,0
dmax,softmax,0
dmax,formed,0
dmax,escherichia,0
dmax,euclidean,0
dmax,patients,0
dmax,patient,0
dmax,similarity,0
dmax,rnas,0
dmax,fourier,0
dmax,initiative,0
dmax,pca,0
dmax,recently,0
dmax,fixation,0
dmax,ntu,0
dmax,edges,0
dmax,unsupervised,0
dmax,matthews,0
dmax,secure,0
dmax,nlp,0
dmax,words,0
dmax,transformer,0
dmax,system,0
dmax,water,0
dmax,wiki,0
dmax,nanosized,0
dmax,effectively,0
dmax,surge,0
dmax,kinetics,0
dmax,skeleton,0
dmax,framework,0
dmax,vehicle,0
dmax,guided,0
dmax,end,0
dmax,results,0
dmax,learning,0
dmax,subgraph,0
dmax,ftir,0
dmax,xps,0
dmax,pose,0
dmax,skeleton-based,0
dmax,euler,0
dmax,skeletongait,0
dmax,graph-based,0
dmax,informative,0
dmax,metsulfuron,0
dmax,meaningful,0
dmax,revealed,0
dmax,gcaru,0
dmax,probability,0
dmax,methodology,0
dmax,spatial,0
dmax,pubmed,0
dmax,sentiments,0
dmax,electron,0
dmax,information,0
dmax,evaluation,0
dmax,role,0
dmax,kinetoplastid,0
dmax,unconventional,0
dmax,mcc,0
dmax,optimization,0
dmax,relationships,0
dmax,representation,0
dmax,represent,0
dmax,fenton,0
dmax,generative,0
dmax,unifying,0
dmax,embeddings,0
dmax,laplacian,0
dmax,topic,0
dmax,updated,0
dmax,global,0
dmax,local,0
dmax,training,0
dmax,u-net,0
dmax,supervised,0
dmax,error,0
dmax,works,0
dmax,showed,0
dmax,psf,0
dmax,optimal,0
dmax,presentation,0
dmax,indonesia,0
dmax,pooling,0
dmax,intratesticular,0
dmax,key,0
dmax,human,0
dmax,technique,0
dmax,factors,0
dmax,propagation,0
dmax,time,0
dmax,learn,0
dmax,neighbor,0
dmax,evolution,0
dmax,single-granular,0
dmax,optical,0
dmax,focus,0
dmax,modalities,0
dmax,high,0
dmax,module,0
dmax,introduce,0
dmax,expression,0
dmax,user,0
dmax,management,0
dmax,fully,0
dmax,tumor,0
dmax,studies,0
dmax,recognition,0
dmax,identify,0
dmax,multiple,0
dmax,ternary,0
dmax,trend,0
dmax,sparsity,0
dmax,faces,0
dmax,recent,0
dmax,static,0
dmax,gene,0
dmax,surface,0
dmax,significant,0
dmax,immune,0
dmax,knowledge,0
dmax,temporal,0
dmax,identification,0
dmax,predicting,0
dmax,number,0
dmax,validate,0
dmax,gat,0
dmax,spatial-temporal,0
dmax,single,0
dmax,interaction,0
dmax,layers,0
dmax,task,0
dmax,energy,0
dmax,step,0
dmax,machine,0
dmax,traffic,0
dmax,synthetic,0
dmax,real,0
dmax,visual,0
dmax,layouts,0
dmax,remote,0
dmax,splitting,0
dmax,parameters,0
dmax,rgb,0
dmax,improved,0
dmax,large,0
dmax,processing,0
dmax,previous,0
dmax,pairs,0
dmax,employed,0
dmax,include,0
dmax,learns,0
dmax,embedding,0
dmax,effective,0
dmax,photocatalytic,0
dmax,structural,0
dmax,success,0
dmax,variation,0
dmax,identifying,0
dmax,important,0
dmax,reactions,0
dmax,unit,0
dmax,gated,0
dmax,patterns,0
dmax,field,0
dmax,great,0
dmax,light,0
dmax,functions,0
dmax,targets,0
dmax,multi-scale,0
dmax,utilization,0
dmax,neighbors,0
dmax,part,0
dmax,progress,0
dmax,video,0
dmax,focuses,0
dmax,traditional,0
dmax,stability,0
dmax,sample,0
dmax,pollutants,0
dmax,tree,0
dmax,motion,0
dmax,types,0
dmax,point,0
dmax,reported,0
dmax,remarkable,0
unifying,variously,0
unifying,wide,0
unifying,water-splitting,0
unifying,utilized,0
unifying,viable,0
unifying,wavelengths,0
unifying,videos,0
unifying,years,0
unifying,words,0
unifying,water,0
unifying,wiki,0
unifying,vehicle,0
unifying,xps,0
unifying,updated,0
unifying,works,0
unifying,user,0
unifying,validate,0
unifying,visual,0
unifying,variation,0
unifying,unit,0
unifying,utilization,0
unifying,video,0
embeddings,variously,0
embeddings,interacts,0
embeddings,mikae,0
embeddings,lutea,0
embeddings,low-pass,0
embeddings,metal,0
embeddings,water-splitting,0
embeddings,nitride,0
embeddings,pharmacology,0
embeddings,meiosis,0
embeddings,reduced,0
embeddings,roofs,0
embeddings,hyperlinks,0
embeddings,standards,0
embeddings,extracting,0
embeddings,rna,0
embeddings,pei-gcn,0
embeddings,gqa,0
embeddings,membranes,0
embeddings,pharmacological,0
embeddings,three-dimensional,0
embeddings,fast,0
embeddings,recombination,0
embeddings,hours,0
embeddings,roads,0
embeddings,seoul,0
embeddings,prohibitively,0
embeddings,psycholinguistic,0
embeddings,heterojunction,0
embeddings,nitrogen-rich,0
embeddings,tubes,0
embeddings,liquid,0
embeddings,graphitic,0
embeddings,granger,0
embeddings,established,0
embeddings,mixed,0
embeddings,self-healing,0
embeddings,households,0
embeddings,viable,0
embeddings,trna,0
embeddings,string,0
embeddings,sgc,0
embeddings,u-shaped,0
embeddings,pressure,0
embeddings,f-score,0
embeddings,separation,0
embeddings,topologically,0
embeddings,wavelengths,0
embeddings,markers,0
embeddings,n-acetyltransferase,0
embeddings,holes,0
embeddings,photocatalyst,0
embeddings,trypanosoma,0
embeddings,sciences,0
embeddings,medica,0
embeddings,plant,0
embeddings,transformers,0
embeddings,harmful,0
embeddings,videos,0
embeddings,theory,0
embeddings,heavily,0
embeddings,hemisphere,0
embeddings,gps,0
embeddings,obu,0
embeddings,material,0
embeddings,heparin,0
embeddings,imdb,0
embeddings,kitti,0
embeddings,s-triazine,0
embeddings,mscoco,0
embeddings,sites,0
embeddings,photoreduction,0
embeddings,smiles,0
embeddings,svm,0
embeddings,knn,0
embeddings,softmax,0
embeddings,formed,0
embeddings,escherichia,0
embeddings,patient,0
embeddings,rnas,0
embeddings,fourier,0
embeddings,pca,0
embeddings,fixation,0
embeddings,molecules,0
embeddings,molecule,0
embeddings,ntu,0
embeddings,matthews,0
embeddings,secure,0
embeddings,water,0
embeddings,nanosized,0
embeddings,kinetics,0
embeddings,vehicle,0
embeddings,guided,0
embeddings,ftir,0
embeddings,xps,0
embeddings,pose,0
embeddings,euler,0
embeddings,skeletongait,0
embeddings,metsulfuron,0
embeddings,revealed,0
embeddings,gcaru,0
embeddings,methodology,0
embeddings,kinetoplastid,0
embeddings,unconventional,0
embeddings,mcc,0
embeddings,fenton,0
embeddings,unifying,0
embeddings,u-net,0
embeddings,psf,0
embeddings,presentation,0
embeddings,indonesia,0
embeddings,intratesticular,0
embeddings,optical,0
embeddings,tumor,0
embeddings,ternary,0
embeddings,trend,0
embeddings,faces,0
embeddings,surface,0
embeddings,immune,0
embeddings,spatial-temporal,0
embeddings,layouts,0
embeddings,splitting,0
embeddings,rgb,0
embeddings,photocatalytic,0
embeddings,variation,0
embeddings,reactions,0
embeddings,unit,0
embeddings,gated,0
embeddings,video,0
embeddings,pollutants,0
embeddings,motion,0
embeddings,remarkable,0
laplacian,named,0
laplacian,variously,0
laplacian,wide,0
laplacian,mikae,0
laplacian,lutea,0
laplacian,low-pass,0
laplacian,metal,0
laplacian,water-splitting,0
laplacian,nitride,0
laplacian,present,0
laplacian,rarely,0
laplacian,pharmacology,0
laplacian,meiosis,0
laplacian,reduced,0
laplacian,roofs,0
laplacian,standards,0
laplacian,rna,0
laplacian,tcga,0
laplacian,pei-gcn,0
laplacian,proposes,0
laplacian,membranes,0
laplacian,result,0
laplacian,pharmacological,0
laplacian,three-dimensional,0
laplacian,recombination,0
laplacian,thousands,0
laplacian,roads,0
laplacian,seoul,0
laplacian,proteins,0
laplacian,prohibitively,0
laplacian,psycholinguistic,0
laplacian,nitrogen-rich,0
laplacian,tubes,0
laplacian,liquid,0
laplacian,mixed,0
laplacian,self-healing,0
laplacian,viable,0
laplacian,trna,0
laplacian,outperform,0
laplacian,string,0
laplacian,sgc,0
laplacian,u-shaped,0
laplacian,samples,0
laplacian,pressure,0
laplacian,requirement,0
laplacian,numerous,0
laplacian,separation,0
laplacian,topologically,0
laplacian,wavelengths,0
laplacian,sets,0
laplacian,simultaneously,0
laplacian,markers,0
laplacian,n-acetyltransferase,0
laplacian,resulting,0
laplacian,photocatalyst,0
laplacian,trypanosoma,0
laplacian,sciences,0
laplacian,medica,0
laplacian,plant,0
laplacian,transformers,0
laplacian,videos,0
laplacian,rely,0
laplacian,obu,0
laplacian,material,0
laplacian,relation,0
laplacian,relations,0
laplacian,typically,0
laplacian,understanding,0
laplacian,s-triazine,0
laplacian,mscoco,0
laplacian,sites,0
laplacian,points,0
laplacian,photoreduction,0
laplacian,lstm,0
laplacian,smiles,0
laplacian,technologies,0
laplacian,svm,0
laplacian,softmax,0
laplacian,patients,0
laplacian,patient,0
laplacian,similarity,0
laplacian,rnas,0
laplacian,pca,0
laplacian,molecules,0
laplacian,molecule,0
laplacian,ntu,0
laplacian,unsupervised,0
laplacian,matthews,0
laplacian,secure,0
laplacian,words,0
laplacian,system,0
laplacian,water,0
laplacian,wiki,0
laplacian,nanosized,0
laplacian,surge,0
laplacian,skeleton,0
laplacian,vehicle,0
laplacian,subgraph,0
laplacian,xps,0
laplacian,pose,0
laplacian,skeleton-based,0
laplacian,skeletongait,0
laplacian,metsulfuron,0
laplacian,meaningful,0
laplacian,revealed,0
laplacian,probability,0
laplacian,methodology,0
laplacian,pubmed,0
laplacian,sentiments,0
laplacian,role,0
laplacian,unconventional,0
laplacian,mcc,0
laplacian,relationships,0
laplacian,unifying,0
laplacian,updated,0
laplacian,u-net,0
laplacian,supervised,0
laplacian,showed,0
laplacian,psf,0
laplacian,presentation,0
laplacian,pooling,0
laplacian,technique,0
laplacian,single-granular,0
laplacian,optical,0
laplacian,modalities,0
laplacian,representations,0
laplacian,management,0
laplacian,set,0
laplacian,tumor,0
laplacian,recognition,0
laplacian,ternary,0
laplacian,trend,0
laplacian,sparsity,0
laplacian,static,0
laplacian,significant,0
laplacian,single,0
laplacian,step,0
laplacian,traffic,0
laplacian,synthetic,0
laplacian,real,0
laplacian,visual,0
laplacian,layouts,0
laplacian,splitting,0
laplacian,rgb,0
laplacian,pairs,0
laplacian,photocatalytic,0
laplacian,variation,0
laplacian,reactions,0
laplacian,patterns,0
laplacian,targets,0
laplacian,multi-scale,0
laplacian,utilization,0
laplacian,progress,0
laplacian,video,0
laplacian,stability,0
laplacian,sample,0
laplacian,pollutants,0
laplacian,tree,0
laplacian,motion,0
laplacian,protein,0
laplacian,point,0
laplacian,reported,0
laplacian,remarkable,0
topic,variously,0
topic,water-splitting,0
topic,tubes,0
topic,viable,0
topic,trna,0
topic,u-shaped,0
topic,topologically,0
topic,wavelengths,0
topic,trypanosoma,0
topic,transformers,0
topic,videos,0
topic,wiki,0
topic,vehicle,0
topic,xps,0
topic,unconventional,0
topic,unifying,0
topic,updated,0
topic,u-net,0
topic,variation,0
topic,unit,0
topic,utilization,0
topic,video,0
updated,variously,0
updated,wide,0
updated,water-splitting,0
updated,utilized,0
updated,viable,0
updated,wavelengths,0
updated,videos,0
updated,words,0
updated,water,0
updated,wiki,0
updated,vehicle,0
updated,xps,0
updated,works,0
updated,validate,0
updated,visual,0
updated,variation,0
updated,utilization,0
updated,video,0
global,intuitively,0
global,inferred,0
global,variously,0
global,mikae,0
global,lutea,0
global,metal,0
global,water-splitting,0
global,rarely,0
global,pharmacology,0
global,meiosis,0
global,roofs,0
global,hyperlinks,0
global,rna,0
global,tcga,0
global,pei-gcn,0
global,gqa,0
global,membranes,0
global,three-dimensional,0
global,recombination,0
global,proteins,0
global,prohibitively,0
global,psycholinguistic,0
global,nitrogen-rich,0
global,tubes,0
global,granger,0
global,self-healing,0
global,households,0
global,viable,0
global,trna,0
global,sgc,0
global,u-shaped,0
global,pressure,0
global,separation,0
global,topologically,0
global,wavelengths,0
global,markers,0
global,n-acetyltransferase,0
global,holes,0
global,investigations,0
global,trypanosoma,0
global,medica,0
global,plant,0
global,harmful,0
global,hemisphere,0
global,obu,0
global,material,0
global,heparin,0
global,imdb,0
global,s-triazine,0
global,photoreduction,0
global,smiles,0
global,knn,0
global,patient,0
global,rnas,0
global,initiative,0
global,matthews,0
global,secure,0
global,nanosized,0
global,surge,0
global,subgraph,0
global,xps,0
global,skeletongait,0
global,metsulfuron,0
global,methodology,0
global,sentiments,0
global,kinetoplastid,0
global,unconventional,0
global,mcc,0
global,unifying,0
global,updated,0
global,psf,0
global,indonesia,0
global,intratesticular,0
global,ternary,0
global,immune,0
global,layouts,0
global,splitting,0
local,variously,0
local,mikae,0
local,lutea,0
local,low-pass,0
local,water-splitting,0
local,rarely,0
local,pharmacology,0
local,meiosis,0
local,roofs,0
local,standards,0
local,rna,0
local,tcga,0
local,pei-gcn,0
local,membranes,0
local,pharmacological,0
local,recombination,0
local,roads,0
local,seoul,0
local,prohibitively,0
local,psycholinguistic,0
local,nitrogen-rich,0
local,tubes,0
local,self-healing,0
local,viable,0
local,trna,0
local,string,0
local,sgc,0
local,u-shaped,0
local,pressure,0
local,topologically,0
local,wavelengths,0
local,markers,0
local,n-acetyltransferase,0
local,photocatalyst,0
local,trypanosoma,0
local,sciences,0
local,medica,0
local,obu,0
local,s-triazine,0
local,photoreduction,0
local,smiles,0
local,rnas,0
local,pca,0
local,matthews,0
local,secure,0
local,water,0
local,nanosized,0
local,surge,0
local,xps,0
local,skeletongait,0
local,metsulfuron,0
local,revealed,0
local,sentiments,0
local,unconventional,0
local,mcc,0
local,unifying,0
local,psf,0
local,optical,0
local,modalities,0
local,ternary,0
local,photocatalytic,0
local,pollutants,0
deep,drug-drug,0
deep,variously,0
deep,interacts,0
deep,mikae,0
deep,eastern,0
deep,lutea,0
deep,low-pass,0
deep,water-splitting,0
deep,nitride,0
deep,pharmacology,0
deep,meiosis,0
deep,roofs,0
deep,pei-gcn,0
deep,gqa,0
deep,membranes,0
deep,dempster-shafer,0
deep,roads,0
deep,seoul,0
deep,prohibitively,0
deep,psycholinguistic,0
deep,heterojunction,0
deep,nitrogen-rich,0
deep,tubes,0
deep,graphitic,0
deep,granger,0
deep,self-healing,0
deep,dual-stimulus,0
deep,trna,0
deep,string,0
deep,pressure,0
deep,f-score,0
deep,topologically,0
deep,wavelengths,0
deep,n-acetyltransferase,0
deep,photocatalyst,0
deep,investigations,0
deep,trypanosoma,0
deep,medica,0
deep,obu,0
deep,heparin,0
deep,s-triazine,0
deep,photoreduction,0
deep,escherichia,0
deep,fourier,0
deep,fixation,0
deep,wiki,0
deep,nanosized,0
deep,surge,0
deep,dft,0
deep,ftir,0
deep,xps,0
deep,euler,0
deep,skeletongait,0
deep,metsulfuron,0
deep,gcaru,0
deep,electron,0
deep,kinetoplastid,0
deep,unconventional,0
deep,mcc,0
deep,fenton,0
deep,unifying,0
deep,psf,0
deep,indonesia,0
deep,intratesticular,0
deep,single-granular,0
deep,ternary,0
deep,splitting,0
deep,photocatalytic,0
training,variously,0
training,water-splitting,0
training,tubes,0
training,trna,0
training,u-shaped,0
training,wavelengths,0
training,trypanosoma,0
training,wiki,0
training,xps,0
training,unconventional,0
training,unifying,0
correlations,drug-drug,0
correlations,intuitively,0
correlations,variously,0
correlations,interacts,0
correlations,mikae,0
correlations,eastern,0
correlations,lutea,0
correlations,low-pass,0
correlations,water-splitting,0
correlations,nitride,0
correlations,pharmacology,0
correlations,curated,0
correlations,meiosis,0
correlations,roofs,0
correlations,hyperlinks,0
correlations,independently,0
correlations,differently,0
correlations,standards,0
correlations,rna,0
correlations,tcga,0
correlations,pei-gcn,0
correlations,gqa,0
correlations,membranes,0
correlations,pharmacological,0
correlations,fast,0
correlations,recombination,0
correlations,dempster-shafer,0
correlations,thousands,0
correlations,roads,0
correlations,determination,0
correlations,seoul,0
correlations,proteins,0
correlations,prohibitively,0
correlations,psycholinguistic,0
correlations,heterojunction,0
correlations,nitrogen-rich,0
correlations,tubes,0
correlations,graphitic,0
correlations,granger,0
correlations,self-healing,0
correlations,dual-stimulus,0
correlations,smoothing,0
correlations,viable,0
correlations,trna,0
correlations,cutting-thin,0
correlations,string,0
correlations,descriptor,0
correlations,u-shaped,0
correlations,pressure,0
correlations,f-score,0
correlations,separation,0
correlations,topologically,0
correlations,wavelengths,0
correlations,markers,0
correlations,n-acetyltransferase,0
correlations,holes,0
correlations,photocatalyst,0
correlations,investigations,0
correlations,trypanosoma,0
correlations,sciences,0
correlations,medica,0
correlations,plant,0
correlations,heavily,0
correlations,hemisphere,0
correlations,gps,0
correlations,obu,0
correlations,material,0
correlations,heparin,0
correlations,imdb,0
correlations,kitti,0
correlations,s-triazine,0
correlations,sites,0
correlations,photoreduction,0
correlations,ethereum,0
correlations,smiles,0
correlations,technologies,0
correlations,svm,0
correlations,escherichia,0
correlations,rnas,0
correlations,pca,0
correlations,decades,0
correlations,fixation,0
correlations,molecules,0
correlations,molecule,0
correlations,matthews,0
correlations,secure,0
correlations,nlp,0
correlations,water,0
correlations,wiki,0
correlations,nanosized,0
correlations,dft,0
correlations,guided,0
correlations,ftir,0
correlations,xps,0
correlations,euler,0
correlations,skeletongait,0
correlations,metsulfuron,0
correlations,meaningful,0
correlations,pubmed,0
correlations,sentiments,0
correlations,electron,0
correlations,kinetoplastid,0
correlations,unconventional,0
correlations,mcc,0
correlations,fenton,0
correlations,dmax,0
correlations,unifying,0
correlations,laplacian,0
correlations,updated,0
correlations,psf,0
correlations,presentation,0
correlations,indonesia,0
correlations,intratesticular,0
correlations,single-granular,0
correlations,optical,0
correlations,tumor,0
correlations,dense,0
correlations,ternary,0
correlations,surface,0
correlations,immune,0
correlations,gat,0
correlations,layouts,0
correlations,splitting,0
correlations,photocatalytic,0
correlations,identifying,0
correlations,reactions,0
correlations,light,0
correlations,functions,0
correlations,targets,0
correlations,protein,0
u-net,variously,0
u-net,wide,0
u-net,water-splitting,0
u-net,utilized,0
u-net,viable,0
u-net,wavelengths,0
u-net,years,0
u-net,understanding,0
u-net,unsupervised,0
u-net,words,0
u-net,water,0
u-net,wiki,0
u-net,vehicle,0
u-net,xps,0
u-net,unconventional,0
u-net,unifying,0
u-net,updated,0
u-net,user,0
u-net,validate,0
u-net,visual,0
u-net,unit,0
u-net,utilization,0
supervised,variously,0
supervised,water-splitting,0
supervised,three-dimensional,0
supervised,tubes,0
supervised,viable,0
supervised,trna,0
supervised,u-shaped,0
supervised,topologically,0
supervised,wavelengths,0
supervised,trypanosoma,0
supervised,water,0
supervised,wiki,0
supervised,surge,0
supervised,vehicle,0
supervised,xps,0
supervised,unconventional,0
supervised,unifying,0
supervised,topic,0
supervised,updated,0
supervised,tumor,0
supervised,ternary,0
supervised,unit,0
supervised,tree,0
error,intuitively,0
error,inferred,0
error,variously,0
error,interacts,0
error,mikae,0
error,lutea,0
error,low-pass,0
error,water-splitting,0
error,nitride,0
error,rarely,0
error,pharmacology,0
error,meiosis,0
error,roofs,0
error,hyperlinks,0
error,explicitly,0
error,rna,0
error,tcga,0
error,pei-gcn,0
error,gqa,0
error,membranes,0
error,pharmacological,0
error,recombination,0
error,thousands,0
error,hours,0
error,seoul,0
error,prohibitively,0
error,psycholinguistic,0
error,heterojunction,0
error,nitrogen-rich,0
error,tubes,0
error,liquid,0
error,graphitic,0
error,granger,0
error,self-healing,0
error,smoothing,0
error,households,0
error,viable,0
error,trna,0
error,string,0
error,sgc,0
error,u-shaped,0
error,separation,0
error,topologically,0
error,wavelengths,0
error,markers,0
error,n-acetyltransferase,0
error,holes,0
error,photocatalyst,0
error,investigations,0
error,trypanosoma,0
error,sciences,0
error,medica,0
error,plant,0
error,harmful,0
error,hemisphere,0
error,gps,0
error,obu,0
error,material,0
error,heparin,0
error,imdb,0
error,kitti,0
error,s-triazine,0
error,mscoco,0
error,sites,0
error,photoreduction,0
error,ethereum,0
error,knn,0
error,softmax,0
error,formed,0
error,escherichia,0
error,rnas,0
error,fourier,0
error,initiative,0
error,pca,0
error,fixation,0
error,ntu,0
error,matthews,0
error,secure,0
error,wiki,0
error,nanosized,0
error,surge,0
error,kinetics,0
error,guided,0
error,ftir,0
error,xps,0
error,skeleton-based,0
error,euler,0
error,skeletongait,0
error,metsulfuron,0
error,meaningful,0
error,revealed,0
error,gcaru,0
error,sentiments,0
error,kinetoplastid,0
error,unconventional,0
error,mcc,0
error,fenton,0
error,unifying,0
error,updated,0
error,works,0
error,generate,0
error,presentation,0
error,indonesia,0
error,intratesticular,0
error,neighbor,0
error,single-granular,0
error,modalities,0
error,tumor,0
error,ternary,0
error,faces,0
error,immune,0
error,visual,0
error,layouts,0
error,splitting,0
error,include,0
error,photocatalytic,0
error,success,0
error,identifying,0
error,reactions,0
error,multi-scale,0
error,pollutants,0
error,reported,0
works,xps,0
generate,inferred,0
generate,variously,0
generate,interacts,0
generate,mikae,0
generate,lutea,0
generate,low-pass,0
generate,water-splitting,0
generate,pharmacology,0
generate,meiosis,0
generate,roofs,0
generate,hyperlinks,0
generate,standards,0
generate,rna,0
generate,tcga,0
generate,pei-gcn,0
generate,gqa,0
generate,membranes,0
generate,pharmacological,0
generate,recombination,0
generate,thousands,0
generate,hours,0
generate,roads,0
generate,seoul,0
generate,prohibitively,0
generate,psycholinguistic,0
generate,heterojunction,0
generate,nitrogen-rich,0
generate,tubes,0
generate,liquid,0
generate,granger,0
generate,self-healing,0
generate,households,0
generate,viable,0
generate,trna,0
generate,string,0
generate,u-shaped,0
generate,pressure,0
generate,topologically,0
generate,wavelengths,0
generate,markers,0
generate,n-acetyltransferase,0
generate,holes,0
generate,trypanosoma,0
generate,medica,0
generate,plant,0
generate,transformers,0
generate,harmful,0
generate,hemisphere,0
generate,gps,0
generate,obu,0
generate,material,0
generate,heparin,0
generate,imdb,0
generate,kitti,0
generate,s-triazine,0
generate,photoreduction,0
generate,knn,0
generate,softmax,0
generate,patient,0
generate,rnas,0
generate,pca,0
generate,ntu,0
generate,matthews,0
generate,secure,0
generate,nlp,0
generate,nanosized,0
generate,surge,0
generate,kinetics,0
generate,vehicle,0
generate,guided,0
generate,xps,0
generate,skeleton-based,0
generate,skeletongait,0
generate,metsulfuron,0
generate,kinetoplastid,0
generate,unconventional,0
generate,unifying,0
generate,updated,0
generate,u-net,0
generate,psf,0
generate,presentation,0
generate,indonesia,0
generate,intratesticular,0
generate,ternary,0
generate,immune,0
generate,splitting,0
generate,rgb,0
generate,photocatalytic,0
generate,variation,0
generate,reactions,0
generate,targets,0
generate,multi-scale,0
generate,pollutants,0
generate,reported,0
generate,remarkable,0
capture,drug-drug,0
capture,variously,0
capture,interacts,0
capture,mikae,0
capture,eastern,0
capture,colomatta,0
capture,lutea,0
capture,connecting,0
capture,low-pass,0
capture,cocatalyst-free,0
capture,water-splitting,0
capture,nitride,0
capture,pharmacology,0
capture,curated,0
capture,meiosis,0
capture,roofs,0
capture,hyperlinks,0
capture,continuation,0
capture,standards,0
capture,rna,0
capture,tcga,0
capture,pei-gcn,0
capture,gqa,0
capture,membranes,0
capture,pharmacological,0
capture,dempster-shafer,0
capture,determination,0
capture,seoul,0
capture,prohibitively,0
capture,psycholinguistic,0
capture,heterojunction,0
capture,nitrogen-rich,0
capture,tubes,0
capture,chemical,0
capture,liquid,0
capture,graphitic,0
capture,households,0
capture,viable,0
capture,trna,0
capture,cutting-thin,0
capture,string,0
capture,sgc,0
capture,couplings,0
capture,pressure,0
capture,f-score,0
capture,topologically,0
capture,wavelengths,0
capture,markers,0
capture,n-acetyltransferase,0
capture,photocatalyst,0
capture,investigations,0
capture,trypanosoma,0
capture,sciences,0
capture,medica,0
capture,plant,0
capture,harmful,0
capture,hemisphere,0
capture,gps,0
capture,obu,0
capture,material,0
capture,heparin,0
capture,imdb,0
capture,kitti,0
capture,s-triazine,0
capture,mscoco,0
capture,photoreduction,0
capture,smiles,0
capture,catalysts,0
capture,knn,0
capture,escherichia,0
capture,pca,0
capture,fixation,0
capture,molecule,0
capture,matthews,0
capture,nanosized,0
capture,surge,0
capture,ftir,0
capture,xps,0
capture,euler,0
capture,skeletongait,0
capture,metsulfuron,0
capture,kinetoplastid,0
capture,unconventional,0
capture,mcc,0
capture,fenton,0
capture,dmax,0
capture,unifying,0
capture,u-net,0
capture,psf,0
capture,presentation,0
capture,indonesia,0
capture,intratesticular,0
capture,cfz,0
capture,optical,0
capture,immune,0
capture,layouts,0
capture,correction,0
capture,reported,0
showed,variously,0
showed,water-splitting,0
showed,tcga,0
showed,thousands,0
showed,tubes,0
showed,trna,0
showed,string,0
showed,u-shaped,0
showed,topologically,0
showed,wavelengths,0
showed,typically,0
showed,softmax,0
showed,unsupervised,0
showed,wiki,0
showed,skeleton-based,0
showed,skeletongait,0
showed,unconventional,0
showed,unifying,0
showed,works,0
showed,single-granular,0
showed,sparsity,0
showed,visual,0
showed,success,0
showed,tree,0
psf,variously,0
psf,wide,0
psf,specifically,0
psf,structure,0
psf,water-splitting,0
psf,rarely,0
psf,published,0
psf,reduced,0
psf,roofs,0
psf,systems,0
psf,standards,0
psf,rna,0
psf,tcga,0
psf,result,0
psf,three-dimensional,0
psf,recombination,0
psf,real-world,0
psf,thousands,0
psf,roads,0
psf,tasks,0
psf,utilized,0
psf,seoul,0
psf,time-consuming,0
psf,psycholinguistic,0
psf,tubes,0
psf,work,0
psf,self-healing,0
psf,similar,0
psf,smoothing,0
psf,study,0
psf,strategy,0
psf,viable,0
psf,trna,0
psf,string,0
psf,sgc,0
psf,u-shaped,0
psf,samples,0
psf,research,0
psf,requirement,0
psf,separation,0
psf,topologically,0
psf,wavelengths,0
psf,sets,0
psf,simultaneously,0
psf,resulting,0
psf,trypanosoma,0
psf,sciences,0
psf,transformers,0
psf,videos,0
psf,years,0
psf,theory,0
psf,rely,0
psf,relation,0
psf,relations,0
psf,typically,0
psf,understanding,0
psf,s-triazine,0
psf,sites,0
psf,smiles,0
psf,technologies,0
psf,svm,0
psf,softmax,0
psf,similarity,0
psf,rnas,0
psf,recently,0
psf,unsupervised,0
psf,secure,0
psf,words,0
psf,transformer,0
psf,system,0
psf,water,0
psf,wiki,0
psf,surge,0
psf,skeleton,0
psf,vehicle,0
psf,subgraph,0
psf,xps,0
psf,skeleton-based,0
psf,skeletongait,0
psf,revealed,0
psf,spatial,0
psf,pubmed,0
psf,sentiments,0
psf,role,0
psf,unconventional,0
psf,relationships,0
psf,representation,0
psf,represent,0
psf,unifying,0
psf,topic,0
psf,updated,0
psf,training,0
psf,u-net,0
psf,supervised,0
psf,works,0
psf,showed,0
psf,technique,0
psf,time,0
psf,single-granular,0
psf,representations,0
psf,user,0
psf,set,0
psf,tumor,0
psf,target,0
psf,studies,0
psf,ternary,0
psf,trend,0
psf,sparsity,0
psf,recent,0
psf,static,0
psf,surface,0
psf,significant,0
psf,temporal,0
psf,validate,0
psf,spatial-temporal,0
psf,single,0
psf,task,0
psf,step,0
psf,traffic,0
psf,synthetic,0
psf,real,0
psf,visual,0
psf,remote,0
psf,splitting,0
psf,rgb,0
psf,show,0
psf,structural,0
psf,success,0
psf,variation,0
psf,reactions,0
psf,unit,0
psf,targets,0
psf,utilization,0
psf,structures,0
psf,traditional,0
psf,stability,0
psf,tree,0
psf,types,0
psf,reported,0
psf,remarkable,0
optimal,variously,0
optimal,water-splitting,0
optimal,pharmacology,0
optimal,roofs,0
optimal,standards,0
optimal,rna,0
optimal,tcga,0
optimal,pei-gcn,0
optimal,pharmacological,0
optimal,thousands,0
optimal,roads,0
optimal,seoul,0
optimal,psycholinguistic,0
optimal,tubes,0
optimal,self-healing,0
optimal,viable,0
optimal,trna,0
optimal,string,0
optimal,pressure,0
optimal,topologically,0
optimal,wavelengths,0
optimal,trypanosoma,0
optimal,sciences,0
optimal,plant,0
optimal,videos,0
optimal,understanding,0
optimal,s-triazine,0
optimal,sites,0
optimal,photoreduction,0
optimal,smiles,0
optimal,softmax,0
optimal,pca,0
optimal,secure,0
optimal,transformer,0
optimal,wiki,0
optimal,surge,0
optimal,subgraph,0
optimal,xps,0
optimal,skeletongait,0
optimal,revealed,0
optimal,pubmed,0
optimal,sentiments,0
optimal,unconventional,0
optimal,unifying,0
optimal,updated,0
optimal,supervised,0
optimal,psf,0
optimal,presentation,0
optimal,single-granular,0
optimal,tumor,0
optimal,splitting,0
optimal,success,0
optimal,reactions,0
optimal,targets,0
optimal,part,0
optimal,video,0
optimal,remarkable,0
presentation,variously,0
presentation,wide,0
presentation,specifically,0
presentation,water-splitting,0
presentation,published,0
presentation,reduced,0
presentation,roofs,0
presentation,systems,0
presentation,standards,0
presentation,rna,0
presentation,tcga,0
presentation,proposes,0
presentation,result,0
presentation,three-dimensional,0
presentation,problem,0
presentation,recombination,0
presentation,thousands,0
presentation,roads,0
presentation,utilized,0
presentation,process,0
presentation,seoul,0
presentation,proteins,0
presentation,time-consuming,0
presentation,prohibitively,0
presentation,psycholinguistic,0
presentation,tubes,0
presentation,work,0
presentation,self-healing,0
presentation,similar,0
presentation,smoothing,0
presentation,presents,0
presentation,viable,0
presentation,trna,0
presentation,string,0
presentation,sgc,0
presentation,u-shaped,0
presentation,research,0
presentation,pressure,0
presentation,requirement,0
presentation,separation,0
presentation,topologically,0
presentation,wavelengths,0
presentation,simultaneously,0
presentation,resulting,0
presentation,trypanosoma,0
presentation,sciences,0
presentation,transformers,0
presentation,videos,0
presentation,years,0
presentation,theory,0
presentation,rely,0
presentation,relation,0
presentation,relations,0
presentation,typically,0
presentation,understanding,0
presentation,s-triazine,0
presentation,sites,0
presentation,smiles,0
presentation,technologies,0
presentation,svm,0
presentation,softmax,0
presentation,rnas,0
presentation,unsupervised,0
presentation,secure,0
presentation,words,0
presentation,transformer,0
presentation,water,0
presentation,wiki,0
presentation,surge,0
presentation,skeleton,0
presentation,vehicle,0
presentation,subgraph,0
presentation,xps,0
presentation,skeleton-based,0
presentation,skeletongait,0
presentation,probability,0
presentation,spatial,0
presentation,pubmed,0
presentation,sentiments,0
presentation,role,0
presentation,unconventional,0
presentation,relationships,0
presentation,representation,0
presentation,represent,0
presentation,unifying,0
presentation,topic,0
presentation,updated,0
presentation,u-net,0
presentation,supervised,0
presentation,works,0
presentation,psf,0
presentation,technique,0
presentation,propagation,0
presentation,single-granular,0
presentation,user,0
presentation,target,0
presentation,studies,0
presentation,ternary,0
presentation,trend,0
presentation,sparsity,0
presentation,recent,0
presentation,static,0
presentation,surface,0
presentation,validate,0
presentation,spatial-temporal,0
presentation,single,0
presentation,step,0
presentation,traffic,0
presentation,synthetic,0
presentation,real,0
presentation,visual,0
presentation,remote,0
presentation,splitting,0
presentation,processing,0
presentation,previous,0
presentation,structural,0
presentation,success,0
presentation,reactions,0
presentation,unit,0
presentation,targets,0
presentation,utilization,0
presentation,structures,0
presentation,progress,0
presentation,video,0
presentation,stability,0
presentation,sample,0
presentation,tree,0
presentation,types,0
presentation,protein,0
presentation,reported,0
presentation,remarkable,0
indonesia,paper,0
indonesia,named,0
indonesia,method,0
indonesia,methods,0
indonesia,intuitively,0
indonesia,inferred,0
indonesia,variously,0
indonesia,wide,0
indonesia,specifically,0
indonesia,interacts,0
indonesia,mikae,0
indonesia,lutea,0
indonesia,input,0
indonesia,low-pass,0
indonesia,metal,0
indonesia,water-splitting,0
indonesia,nitride,0
indonesia,literature,0
indonesia,pharmacology,0
indonesia,published,0
indonesia,meiosis,0
indonesia,reduced,0
indonesia,roofs,0
indonesia,systems,0
indonesia,network,0
indonesia,standards,0
indonesia,networks,0
indonesia,noise,0
indonesia,rna,0
indonesia,tcga,0
indonesia,pei-gcn,0
indonesia,proposes,0
indonesia,membranes,0
indonesia,models,0
indonesia,result,0
indonesia,pharmacological,0
indonesia,three-dimensional,0
indonesia,problem,0
indonesia,node,0
indonesia,performance,0
indonesia,limited,0
indonesia,recombination,0
indonesia,real-world,0
indonesia,thousands,0
indonesia,owing,0
indonesia,propose,0
indonesia,roads,0
indonesia,tasks,0
indonesia,utilized,0
indonesia,process,0
indonesia,seoul,0
indonesia,proteins,0
indonesia,time-consuming,0
indonesia,prohibitively,0
indonesia,psycholinguistic,0
indonesia,nitrogen-rich,0
indonesia,tubes,0
indonesia,liquid,0
indonesia,work,0
indonesia,nodes,0
indonesia,mixed,0
indonesia,self-healing,0
indonesia,similar,0
indonesia,smoothing,0
indonesia,perform,0
indonesia,study,0
indonesia,strategy,0
indonesia,presents,0
indonesia,viable,0
indonesia,trna,0
indonesia,outperform,0
indonesia,string,0
indonesia,sgc,0
indonesia,u-shaped,0
indonesia,samples,0
indonesia,research,0
indonesia,pressure,0
indonesia,requirement,0
indonesia,numerous,0
indonesia,separation,0
indonesia,topologically,0
indonesia,wavelengths,0
indonesia,sets,0
indonesia,simultaneously,0
indonesia,markers,0
indonesia,n-acetyltransferase,0
indonesia,resulting,0
indonesia,photocatalyst,0
indonesia,investigations,0
indonesia,trypanosoma,0
indonesia,sciences,0
indonesia,medica,0
indonesia,plant,0
indonesia,transformers,0
indonesia,videos,0
indonesia,years,0
indonesia,language,0
indonesia,theory,0
indonesia,leading,0
indonesia,rely,0
indonesia,obu,0
indonesia,material,0
indonesia,relation,0
indonesia,relations,0
indonesia,typically,0
indonesia,understanding,0
indonesia,kitti,0
indonesia,s-triazine,0
indonesia,mscoco,0
indonesia,model,0
indonesia,sites,0
indonesia,points,0
indonesia,photoreduction,0
indonesia,lstm,0
indonesia,smiles,0
indonesia,technologies,0
indonesia,svm,0
indonesia,knn,0
indonesia,softmax,0
indonesia,patients,0
indonesia,patient,0
indonesia,similarity,0
indonesia,rnas,0
indonesia,initiative,0
indonesia,pca,0
indonesia,molecules,0
indonesia,molecule,0
indonesia,ntu,0
indonesia,unsupervised,0
indonesia,matthews,0
indonesia,secure,0
indonesia,nlp,0
indonesia,words,0
indonesia,transformer,0
indonesia,system,0
indonesia,water,0
indonesia,wiki,0
indonesia,nanosized,0
indonesia,surge,0
indonesia,kinetics,0
indonesia,skeleton,0
indonesia,vehicle,0
indonesia,layer,0
indonesia,results,0
indonesia,learning,0
indonesia,subgraph,0
indonesia,xps,0
indonesia,pose,0
indonesia,skeleton-based,0
indonesia,skeletongait,0
indonesia,informative,0
indonesia,proposed,0
indonesia,metsulfuron,0
indonesia,meaningful,0
indonesia,probability,0
indonesia,methodology,0
indonesia,spatial,0
indonesia,pubmed,0
indonesia,sentiments,0
indonesia,information,0
indonesia,role,0
indonesia,kinetoplastid,0
indonesia,unconventional,0
indonesia,mcc,0
indonesia,optimization,0
indonesia,relationships,0
indonesia,representation,0
indonesia,represent,0
indonesia,unifying,0
indonesia,laplacian,0
indonesia,topic,0
indonesia,updated,0
indonesia,local,0
indonesia,training,0
indonesia,u-net,0
indonesia,supervised,0
indonesia,works,0
indonesia,psf,0
indonesia,optimal,0
indonesia,pooling,0
indonesia,key,0
indonesia,technique,0
indonesia,prediction,0
indonesia,propagation,0
indonesia,time,0
indonesia,learn,0
indonesia,neighbor,0
indonesia,single-granular,0
indonesia,optical,0
indonesia,modalities,0
indonesia,module,0
indonesia,representations,0
indonesia,introduce,0
indonesia,neural,0
indonesia,user,0
indonesia,management,0
indonesia,predict,0
indonesia,set,0
indonesia,target,0
indonesia,studies,0
indonesia,recognition,0
indonesia,multiple,0
indonesia,ternary,0
indonesia,trend,0
indonesia,sparsity,0
indonesia,recent,0
indonesia,static,0
indonesia,surface,0
indonesia,significant,0
indonesia,knowledge,0
indonesia,temporal,0
indonesia,predicting,0
indonesia,number,0
indonesia,validate,0
indonesia,spatial-temporal,0
indonesia,single,0
indonesia,interaction,0
indonesia,layers,0
indonesia,task,0
indonesia,step,0
indonesia,machine,0
indonesia,traffic,0
indonesia,synthetic,0
indonesia,real,0
indonesia,visual,0
indonesia,layouts,0
indonesia,remote,0
indonesia,splitting,0
indonesia,parameters,0
indonesia,rgb,0
indonesia,show,0
indonesia,large,0
indonesia,processing,0
indonesia,previous,0
indonesia,pairs,0
indonesia,learns,0
indonesia,photocatalytic,0
indonesia,structural,0
indonesia,success,0
indonesia,variation,0
indonesia,reactions,0
indonesia,memory,0
indonesia,unit,0
indonesia,patterns,0
indonesia,light,0
indonesia,targets,0
indonesia,multi-scale,0
indonesia,utilization,0
indonesia,structures,0
indonesia,neighbors,0
indonesia,part,0
indonesia,progress,0
indonesia,video,0
indonesia,traditional,0
indonesia,stability,0
indonesia,sample,0
indonesia,pollutants,0
indonesia,tree,0
indonesia,motion,0
indonesia,types,0
indonesia,protein,0
indonesia,point,0
indonesia,reported,0
indonesia,remarkable,0
pooling,variously,0
pooling,wide,0
pooling,water-splitting,0
pooling,rarely,0
pooling,published,0
pooling,reduced,0
pooling,roofs,0
pooling,standards,0
pooling,rna,0
pooling,tcga,0
pooling,recombination,0
pooling,roads,0
pooling,seoul,0
pooling,proteins,0
pooling,prohibitively,0
pooling,psycholinguistic,0
pooling,tubes,0
pooling,self-healing,0
pooling,presents,0
pooling,viable,0
pooling,trna,0
pooling,string,0
pooling,sgc,0
pooling,u-shaped,0
pooling,samples,0
pooling,pressure,0
pooling,requirement,0
pooling,separation,0
pooling,topologically,0
pooling,wavelengths,0
pooling,trypanosoma,0
pooling,sciences,0
pooling,transformers,0
pooling,theory,0
pooling,rely,0
pooling,typically,0
pooling,s-triazine,0
pooling,sites,0
pooling,smiles,0
pooling,technologies,0
pooling,svm,0
pooling,rnas,0
pooling,recently,0
pooling,secure,0
pooling,words,0
pooling,water,0
pooling,surge,0
pooling,vehicle,0
pooling,subgraph,0
pooling,xps,0
pooling,skeletongait,0
pooling,revealed,0
pooling,probability,0
pooling,pubmed,0
pooling,unconventional,0
pooling,represent,0
pooling,unifying,0
pooling,updated,0
pooling,psf,0
pooling,presentation,0
pooling,user,0
pooling,tumor,0
pooling,target,0
pooling,ternary,0
pooling,sparsity,0
pooling,static,0
pooling,surface,0
pooling,step,0
pooling,synthetic,0
pooling,real,0
pooling,remote,0
pooling,splitting,0
pooling,reactions,0
pooling,utilization,0
pooling,progress,0
pooling,sample,0
pooling,tree,0
pooling,remarkable,0
dataset,variously,0
dataset,interacts,0
dataset,mikae,0
dataset,eastern,0
dataset,lutea,0
dataset,low-pass,0
dataset,water-splitting,0
dataset,nitride,0
dataset,pharmacology,0
dataset,meiosis,0
dataset,hyperlinks,0
dataset,rna,0
dataset,pei-gcn,0
dataset,gqa,0
dataset,membranes,0
dataset,pharmacological,0
dataset,recombination,0
dataset,determination,0
dataset,seoul,0
dataset,prohibitively,0
dataset,psycholinguistic,0
dataset,heterojunction,0
dataset,nitrogen-rich,0
dataset,tubes,0
dataset,liquid,0
dataset,graphitic,0
dataset,granger,0
dataset,self-healing,0
dataset,dual-stimulus,0
dataset,smoothing,0
dataset,households,0
dataset,trna,0
dataset,string,0
dataset,pressure,0
dataset,topologically,0
dataset,wavelengths,0
dataset,n-acetyltransferase,0
dataset,holes,0
dataset,photocatalyst,0
dataset,investigations,0
dataset,trypanosoma,0
dataset,medica,0
dataset,harmful,0
dataset,gps,0
dataset,obu,0
dataset,material,0
dataset,heparin,0
dataset,s-triazine,0
dataset,photoreduction,0
dataset,knn,0
dataset,escherichia,0
dataset,fourier,0
dataset,pca,0
dataset,fixation,0
dataset,matthews,0
dataset,nlp,0
dataset,wiki,0
dataset,nanosized,0
dataset,surge,0
dataset,dft,0
dataset,ftir,0
dataset,xps,0
dataset,informative,0
dataset,metsulfuron,0
dataset,gcaru,0
dataset,kinetoplastid,0
dataset,unconventional,0
dataset,fenton,0
dataset,unifying,0
dataset,psf,0
dataset,indonesia,0
dataset,intratesticular,0
dataset,single-granular,0
dataset,desirable,0
dataset,ternary,0
dataset,photocatalytic,0
dataset,reactions,0
dataset,pollutants,0
intratesticular,paper,0
intratesticular,named,0
intratesticular,method,0
intratesticular,methods,0
intratesticular,intuitively,0
intratesticular,variously,0
intratesticular,wide,0
intratesticular,specifically,0
intratesticular,mikae,0
intratesticular,lutea,0
intratesticular,low-pass,0
intratesticular,metal,0
intratesticular,water-splitting,0
intratesticular,nitride,0
intratesticular,literature,0
intratesticular,pharmacology,0
intratesticular,published,0
intratesticular,meiosis,0
intratesticular,reduced,0
intratesticular,roofs,0
intratesticular,systems,0
intratesticular,network,0
intratesticular,standards,0
intratesticular,networks,0
intratesticular,noise,0
intratesticular,rna,0
intratesticular,tcga,0
intratesticular,pei-gcn,0
intratesticular,proposes,0
intratesticular,membranes,0
intratesticular,models,0
intratesticular,result,0
intratesticular,pharmacological,0
intratesticular,three-dimensional,0
intratesticular,problem,0
intratesticular,node,0
intratesticular,performance,0
intratesticular,limited,0
intratesticular,recombination,0
intratesticular,real-world,0
intratesticular,thousands,0
intratesticular,owing,0
intratesticular,propose,0
intratesticular,roads,0
intratesticular,tasks,0
intratesticular,utilized,0
intratesticular,process,0
intratesticular,seoul,0
intratesticular,proteins,0
intratesticular,time-consuming,0
intratesticular,prohibitively,0
intratesticular,psycholinguistic,0
intratesticular,nitrogen-rich,0
intratesticular,tubes,0
intratesticular,liquid,0
intratesticular,work,0
intratesticular,nodes,0
intratesticular,mixed,0
intratesticular,self-healing,0
intratesticular,similar,0
intratesticular,smoothing,0
intratesticular,perform,0
intratesticular,study,0
intratesticular,strategy,0
intratesticular,presents,0
intratesticular,viable,0
intratesticular,trna,0
intratesticular,outperform,0
intratesticular,string,0
intratesticular,sgc,0
intratesticular,u-shaped,0
intratesticular,samples,0
intratesticular,research,0
intratesticular,pressure,0
intratesticular,requirement,0
intratesticular,numerous,0
intratesticular,separation,0
intratesticular,topologically,0
intratesticular,wavelengths,0
intratesticular,sets,0
intratesticular,simultaneously,0
intratesticular,markers,0
intratesticular,n-acetyltransferase,0
intratesticular,resulting,0
intratesticular,photocatalyst,0
intratesticular,investigations,0
intratesticular,trypanosoma,0
intratesticular,sciences,0
intratesticular,medica,0
intratesticular,plant,0
intratesticular,transformers,0
intratesticular,videos,0
intratesticular,years,0
intratesticular,language,0
intratesticular,theory,0
intratesticular,leading,0
intratesticular,rely,0
intratesticular,obu,0
intratesticular,material,0
intratesticular,relation,0
intratesticular,relations,0
intratesticular,typically,0
intratesticular,understanding,0
intratesticular,kitti,0
intratesticular,s-triazine,0
intratesticular,mscoco,0
intratesticular,model,0
intratesticular,sites,0
intratesticular,points,0
intratesticular,photoreduction,0
intratesticular,lstm,0
intratesticular,smiles,0
intratesticular,technologies,0
intratesticular,svm,0
intratesticular,knn,0
intratesticular,softmax,0
intratesticular,patients,0
intratesticular,patient,0
intratesticular,similarity,0
intratesticular,rnas,0
intratesticular,pca,0
intratesticular,molecules,0
intratesticular,molecule,0
intratesticular,ntu,0
intratesticular,unsupervised,0
intratesticular,matthews,0
intratesticular,secure,0
intratesticular,nlp,0
intratesticular,words,0
intratesticular,transformer,0
intratesticular,system,0
intratesticular,water,0
intratesticular,wiki,0
intratesticular,nanosized,0
intratesticular,surge,0
intratesticular,kinetics,0
intratesticular,skeleton,0
intratesticular,vehicle,0
intratesticular,layer,0
intratesticular,results,0
intratesticular,learning,0
intratesticular,subgraph,0
intratesticular,xps,0
intratesticular,pose,0
intratesticular,skeleton-based,0
intratesticular,skeletongait,0
intratesticular,proposed,0
intratesticular,metsulfuron,0
intratesticular,meaningful,0
intratesticular,probability,0
intratesticular,methodology,0
intratesticular,spatial,0
intratesticular,pubmed,0
intratesticular,sentiments,0
intratesticular,role,0
intratesticular,kinetoplastid,0
intratesticular,unconventional,0
intratesticular,mcc,0
intratesticular,optimization,0
intratesticular,relationships,0
intratesticular,representation,0
intratesticular,represent,0
intratesticular,unifying,0
intratesticular,laplacian,0
intratesticular,topic,0
intratesticular,updated,0
intratesticular,local,0
intratesticular,training,0
intratesticular,u-net,0
intratesticular,supervised,0
intratesticular,works,0
intratesticular,psf,0
intratesticular,optimal,0
intratesticular,pooling,0
intratesticular,key,0
intratesticular,technique,0
intratesticular,prediction,0
intratesticular,propagation,0
intratesticular,time,0
intratesticular,learn,0
intratesticular,neighbor,0
intratesticular,single-granular,0
intratesticular,optical,0
intratesticular,modalities,0
intratesticular,module,0
intratesticular,representations,0
intratesticular,introduce,0
intratesticular,neural,0
intratesticular,user,0
intratesticular,management,0
intratesticular,predict,0
intratesticular,set,0
intratesticular,target,0
intratesticular,studies,0
intratesticular,recognition,0
intratesticular,multiple,0
intratesticular,ternary,0
intratesticular,trend,0
intratesticular,sparsity,0
intratesticular,recent,0
intratesticular,static,0
intratesticular,surface,0
intratesticular,significant,0
intratesticular,knowledge,0
intratesticular,temporal,0
intratesticular,predicting,0
intratesticular,number,0
intratesticular,validate,0
intratesticular,spatial-temporal,0
intratesticular,single,0
intratesticular,layers,0
intratesticular,task,0
intratesticular,step,0
intratesticular,machine,0
intratesticular,traffic,0
intratesticular,synthetic,0
intratesticular,real,0
intratesticular,visual,0
intratesticular,layouts,0
intratesticular,remote,0
intratesticular,splitting,0
intratesticular,parameters,0
intratesticular,rgb,0
intratesticular,show,0
intratesticular,large,0
intratesticular,processing,0
intratesticular,previous,0
intratesticular,pairs,0
intratesticular,learns,0
intratesticular,photocatalytic,0
intratesticular,structural,0
intratesticular,success,0
intratesticular,variation,0
intratesticular,reactions,0
intratesticular,memory,0
intratesticular,unit,0
intratesticular,patterns,0
intratesticular,light,0
intratesticular,targets,0
intratesticular,multi-scale,0
intratesticular,utilization,0
intratesticular,structures,0
intratesticular,neighbors,0
intratesticular,part,0
intratesticular,progress,0
intratesticular,video,0
intratesticular,traditional,0
intratesticular,stability,0
intratesticular,sample,0
intratesticular,pollutants,0
intratesticular,tree,0
intratesticular,motion,0
intratesticular,types,0
intratesticular,protein,0
intratesticular,point,0
intratesticular,reported,0
intratesticular,remarkable,0
key,variously,0
key,water-splitting,0
key,rarely,0
key,pharmacology,0
key,meiosis,0
key,roofs,0
key,standards,0
key,rna,0
key,tcga,0
key,pei-gcn,0
key,membranes,0
key,pharmacological,0
key,three-dimensional,0
key,thousands,0
key,seoul,0
key,prohibitively,0
key,psycholinguistic,0
key,nitrogen-rich,0
key,tubes,0
key,liquid,0
key,self-healing,0
key,viable,0
key,trna,0
key,outperform,0
key,string,0
key,sgc,0
key,u-shaped,0
key,pressure,0
key,topologically,0
key,wavelengths,0
key,markers,0
key,n-acetyltransferase,0
key,trypanosoma,0
key,medica,0
key,obu,0
key,s-triazine,0
key,mscoco,0
key,photoreduction,0
key,knn,0
key,pca,0
key,matthews,0
key,secure,0
key,nlp,0
key,nanosized,0
key,xps,0
key,skeletongait,0
key,metsulfuron,0
key,pubmed,0
key,sentiments,0
key,kinetoplastid,0
key,unconventional,0
key,mcc,0
key,unifying,0
key,updated,0
key,u-net,0
key,psf,0
key,ternary,0
key,synthetic,0
key,layouts,0
key,splitting,0
key,variation,0
key,reactions,0
key,utilization,0
human,intuitively,0
human,inferred,0
human,variously,0
human,mikae,0
human,lutea,0
human,low-pass,0
human,water-splitting,0
human,pharmacology,0
human,meiosis,0
human,roofs,0
human,hyperlinks,0
human,independently,0
human,pei-gcn,0
human,membranes,0
human,pharmacological,0
human,recombination,0
human,roads,0
human,seoul,0
human,prohibitively,0
human,psycholinguistic,0
human,nitrogen-rich,0
human,tubes,0
human,liquid,0
human,self-healing,0
human,viable,0
human,trna,0
human,string,0
human,sgc,0
human,pressure,0
human,topologically,0
human,wavelengths,0
human,markers,0
human,n-acetyltransferase,0
human,investigations,0
human,trypanosoma,0
human,sciences,0
human,medica,0
human,plant,0
human,transformers,0
human,theory,0
human,obu,0
human,imdb,0
human,kitti,0
human,s-triazine,0
human,mscoco,0
human,photoreduction,0
human,smiles,0
human,knn,0
human,initiative,0
human,pca,0
human,molecule,0
human,matthews,0
human,secure,0
human,wiki,0
human,nanosized,0
human,metsulfuron,0
human,pubmed,0
human,sentiments,0
human,kinetoplastid,0
human,unconventional,0
human,mcc,0
human,unifying,0
human,updated,0
human,psf,0
human,indonesia,0
human,intratesticular,0
human,single-granular,0
human,tumor,0
human,ternary,0
human,synthetic,0
human,layouts,0
human,splitting,0
human,reactions,0
technique,variously,0
technique,water-splitting,0
technique,three-dimensional,0
technique,thousands,0
technique,time-consuming,0
technique,tubes,0
technique,viable,0
technique,trna,0
technique,u-shaped,0
technique,topologically,0
technique,wavelengths,0
technique,trypanosoma,0
technique,transformers,0
technique,wiki,0
technique,xps,0
technique,unconventional,0
technique,unifying,0
technique,topic,0
technique,updated,0
technique,u-net,0
technique,tumor,0
technique,ternary,0
technique,variation,0
technique,unit,0
technique,tree,0
prediction,variously,0
prediction,water-splitting,0
prediction,roofs,0
prediction,recombination,0
prediction,prohibitively,0
prediction,psycholinguistic,0
prediction,tubes,0
prediction,self-healing,0
prediction,trna,0
prediction,sgc,0
prediction,topologically,0
prediction,wavelengths,0
prediction,trypanosoma,0
prediction,sciences,0
prediction,transformers,0
prediction,s-triazine,0
prediction,xps,0
prediction,skeletongait,0
prediction,unconventional,0
prediction,unifying,0
prediction,u-net,0
prediction,psf,0
prediction,presentation,0
prediction,ternary,0
prediction,splitting,0
factors,intuitively,0
factors,inferred,0
factors,variously,0
factors,interacts,0
factors,mikae,0
factors,lutea,0
factors,low-pass,0
factors,water-splitting,0
factors,rarely,0
factors,pharmacology,0
factors,meiosis,0
factors,roofs,0
factors,hyperlinks,0
factors,independently,0
factors,tcga,0
factors,pei-gcn,0
factors,membranes,0
factors,pharmacological,0
factors,fast,0
factors,recombination,0
factors,thousands,0
factors,owing,0
factors,seoul,0
factors,time-consuming,0
factors,prohibitively,0
factors,psycholinguistic,0
factors,nitrogen-rich,0
factors,tubes,0
factors,liquid,0
factors,granger,0
factors,mixed,0
factors,self-healing,0
factors,smoothing,0
factors,households,0
factors,viable,0
factors,trna,0
factors,string,0
factors,sgc,0
factors,u-shaped,0
factors,pressure,0
factors,requirement,0
factors,topologically,0
factors,wavelengths,0
factors,markers,0
factors,n-acetyltransferase,0
factors,investigations,0
factors,trypanosoma,0
factors,sciences,0
factors,medica,0
factors,transformers,0
factors,harmful,0
factors,theory,0
factors,rely,0
factors,heavily,0
factors,hemisphere,0
factors,obu,0
factors,heparin,0
factors,typically,0
factors,imdb,0
factors,kitti,0
factors,s-triazine,0
factors,mscoco,0
factors,knn,0
factors,softmax,0
factors,formed,0
factors,patient,0
factors,rnas,0
factors,pca,0
factors,fixation,0
factors,ntu,0
factors,unsupervised,0
factors,matthews,0
factors,secure,0
factors,nlp,0
factors,words,0
factors,wiki,0
factors,nanosized,0
factors,kinetics,0
factors,skeleton,0
factors,guided,0
factors,subgraph,0
factors,skeletongait,0
factors,informative,0
factors,metsulfuron,0
factors,meaningful,0
factors,gcaru,0
factors,pubmed,0
factors,sentiments,0
factors,kinetoplastid,0
factors,unconventional,0
factors,mcc,0
factors,fenton,0
factors,unifying,0
factors,laplacian,0
factors,updated,0
factors,u-net,0
factors,supervised,0
factors,presentation,0
factors,indonesia,0
factors,pooling,0
factors,intratesticular,0
factors,neighbor,0
factors,single-granular,0
factors,modalities,0
factors,tumor,0
factors,immune,0
factors,layouts,0
factors,remote,0
factors,splitting,0
factors,rgb,0
factors,neighbors,0
factors,focuses,0
propagation,variously,0
propagation,water-splitting,0
propagation,rarely,0
propagation,published,0
propagation,reduced,0
propagation,roofs,0
propagation,standards,0
propagation,three-dimensional,0
propagation,recombination,0
propagation,roads,0
propagation,seoul,0
propagation,proteins,0
propagation,psycholinguistic,0
propagation,tubes,0
propagation,self-healing,0
propagation,viable,0
propagation,trna,0
propagation,string,0
propagation,u-shaped,0
propagation,requirement,0
propagation,separation,0
propagation,topologically,0
propagation,wavelengths,0
propagation,trypanosoma,0
propagation,sciences,0
propagation,transformers,0
propagation,theory,0
propagation,s-triazine,0
propagation,sites,0
propagation,smiles,0
propagation,svm,0
propagation,softmax,0
propagation,rnas,0
propagation,secure,0
propagation,transformer,0
propagation,water,0
propagation,wiki,0
propagation,vehicle,0
propagation,subgraph,0
propagation,xps,0
propagation,skeletongait,0
propagation,sentiments,0
propagation,unconventional,0
propagation,unifying,0
propagation,u-net,0
propagation,psf,0
propagation,single-granular,0
propagation,ternary,0
propagation,surface,0
propagation,splitting,0
propagation,reactions,0
propagation,utilization,0
propagation,video,0
propagation,stability,0
propagation,tree,0
propagation,protein,0
time,variously,0
time,tubes,0
time,viable,0
time,trna,0
time,u-shaped,0
time,trypanosoma,0
time,xps,0
time,unconventional,0
time,unifying,0
time,u-net,0
aminoacyl,drug-drug,0
aminoacyl,paper,0
aminoacyl,named,0
aminoacyl,method,0
aminoacyl,methods,0
aminoacyl,intuitively,0
aminoacyl,inferred,0
aminoacyl,variously,0
aminoacyl,wide,0
aminoacyl,demonstrates,0
aminoacyl,dual,0
aminoacyl,anchored,0
aminoacyl,interacts,0
aminoacyl,structure,0
aminoacyl,mikae,0
aminoacyl,eastern,0
aminoacyl,bulbosa,0
aminoacyl,colomatta,0
aminoacyl,lutea,0
aminoacyl,input,0
aminoacyl,existing,0
aminoacyl,approaches,0
aminoacyl,ignore,0
aminoacyl,benefit,0
aminoacyl,graph,0
aminoacyl,connecting,0
aminoacyl,considered,0
aminoacyl,low-pass,0
aminoacyl,attributes,0
aminoacyl,metal,0
aminoacyl,cocatalyst-free,0
aminoacyl,water-splitting,0
aminoacyl,nitride,0
aminoacyl,present,0
aminoacyl,literature,0
aminoacyl,rarely,0
aminoacyl,concentrated,0
aminoacyl,extract,0
aminoacyl,pharmacology,0
aminoacyl,published,0
aminoacyl,curated,0
aminoacyl,generally,0
aminoacyl,common,0
aminoacyl,meiosis,0
aminoacyl,increasing,0
aminoacyl,reduced,0
aminoacyl,gap,0
aminoacyl,developed,0
aminoacyl,roofs,0
aminoacyl,cancers,0
aminoacyl,hyperlinks,0
aminoacyl,independently,0
aminoacyl,differently,0
aminoacyl,explicitly,0
aminoacyl,attention,0
aminoacyl,obtained,0
aminoacyl,generated,0
aminoacyl,continuation,0
aminoacyl,network,0
aminoacyl,standards,0
aminoacyl,networks,0
aminoacyl,noise,0
aminoacyl,extracting,0
aminoacyl,rna,0
aminoacyl,tcga,0
aminoacyl,pei-gcn,0
aminoacyl,gqa,0
aminoacyl,proposes,0
aminoacyl,assist,0
aminoacyl,critical,0
aminoacyl,assessment,0
aminoacyl,membranes,0
aminoacyl,applications,0
aminoacyl,models,0
aminoacyl,result,0
aminoacyl,beneficial,0
aminoacyl,pharmacological,0
aminoacyl,efficient,0
aminoacyl,three-dimensional,0
aminoacyl,classification,0
aminoacyl,problem,0
aminoacyl,node,0
aminoacyl,performance,0
aminoacyl,limited,0
aminoacyl,fast,0
aminoacyl,recombination,0
aminoacyl,real-world,0
aminoacyl,dempster-shafer,0
aminoacyl,hours,0
aminoacyl,owing,0
aminoacyl,propose,0
aminoacyl,roads,0
aminoacyl,tasks,0
aminoacyl,utilized,0
aminoacyl,determination,0
aminoacyl,process,0
aminoacyl,seoul,0
aminoacyl,time-consuming,0
aminoacyl,experimental,0
aminoacyl,prohibitively,0
aminoacyl,elsevier,0
aminoacyl,psycholinguistic,0
aminoacyl,attack,0
aminoacyl,heterojunction,0
aminoacyl,nitrogen-rich,0
aminoacyl,tubes,0
aminoacyl,chemical,0
aminoacyl,liquid,0
aminoacyl,work,0
aminoacyl,graphitic,0
aminoacyl,gcn,0
aminoacyl,granger,0
aminoacyl,nodes,0
aminoacyl,established,0
aminoacyl,mixed,0
aminoacyl,excellent,0
aminoacyl,capability,0
aminoacyl,self-healing,0
aminoacyl,dual-stimulus,0
aminoacyl,similar,0
aminoacyl,smoothing,0
aminoacyl,perform,0
aminoacyl,households,0
aminoacyl,apartments,0
aminoacyl,strategy,0
aminoacyl,presents,0
aminoacyl,viable,0
aminoacyl,outperform,0
aminoacyl,cutting-thin,0
aminoacyl,string,0
aminoacyl,descriptor,0
aminoacyl,explore,0
aminoacyl,sgc,0
aminoacyl,u-shaped,0
aminoacyl,samples,0
aminoacyl,couplings,0
aminoacyl,research,0
aminoacyl,pressure,0
aminoacyl,f-score,0
aminoacyl,auc,0
aminoacyl,graphs,0
aminoacyl,requirement,0
aminoacyl,numerous,0
aminoacyl,separation,0
aminoacyl,topologically,0
aminoacyl,wavelengths,0
aminoacyl,sets,0
aminoacyl,simultaneously,0
aminoacyl,markers,0
aminoacyl,area,0
aminoacyl,holes,0
aminoacyl,resulting,0
aminoacyl,photocatalyst,0
aminoacyl,investigations,0
aminoacyl,trypanosoma,0
aminoacyl,sciences,0
aminoacyl,medica,0
aminoacyl,plant,0
aminoacyl,transformers,0
aminoacyl,harmful,0
aminoacyl,videos,0
aminoacyl,features,0
aminoacyl,years,0
aminoacyl,language,0
aminoacyl,theory,0
aminoacyl,leading,0
aminoacyl,rely,0
aminoacyl,decisions,0
aminoacyl,heavily,0
aminoacyl,hemisphere,0
aminoacyl,gps,0
aminoacyl,obu,0
aminoacyl,material,0
aminoacyl,gcns,0
aminoacyl,heparin,0
aminoacyl,relation,0
aminoacyl,relations,0
aminoacyl,firstly,0
aminoacyl,understanding,0
aminoacyl,imdb,0
aminoacyl,kitti,0
aminoacyl,artifact,0
aminoacyl,convolutional,0
aminoacyl,s-triazine,0
aminoacyl,mscoco,0
aminoacyl,heterogeneous,0
aminoacyl,model,0
aminoacyl,cnn,0
aminoacyl,due,0
aminoacyl,sites,0
aminoacyl,cloud,0
aminoacyl,points,0
aminoacyl,efficiency,0
aminoacyl,improve,0
aminoacyl,photoreduction,0
aminoacyl,ethereum,0
aminoacyl,lstm,0
aminoacyl,smiles,0
aminoacyl,bidirectional,0
aminoacyl,catalysts,0
aminoacyl,technologies,0
aminoacyl,capacity,0
aminoacyl,svm,0
aminoacyl,knn,0
aminoacyl,softmax,0
aminoacyl,chloroform,0
aminoacyl,formed,0
aminoacyl,euclidean,0
aminoacyl,patients,0
aminoacyl,patient,0
aminoacyl,similarity,0
aminoacyl,annotations,0
aminoacyl,rnas,0
aminoacyl,fourier,0
aminoacyl,initiative,0
aminoacyl,pca,0
aminoacyl,decades,0
aminoacyl,copy,0
aminoacyl,recently,0
aminoacyl,fixation,0
aminoacyl,molecules,0
aminoacyl,molecule,0
aminoacyl,ntu,0
aminoacyl,edges,0
aminoacyl,unsupervised,0
aminoacyl,matthews,0
aminoacyl,secure,0
aminoacyl,nlp,0
aminoacyl,words,0
aminoacyl,transformer,0
aminoacyl,water,0
aminoacyl,wiki,0
aminoacyl,datasets,0
aminoacyl,data,0
aminoacyl,nanosized,0
aminoacyl,effectively,0
aminoacyl,surge,0
aminoacyl,data-driven,0
aminoacyl,kinetics,0
aminoacyl,dft,0
aminoacyl,skeleton,0
aminoacyl,canadian,0
aminoacyl,framework,0
aminoacyl,vehicle,0
aminoacyl,guided,0
aminoacyl,end,0
aminoacyl,layer,0
aminoacyl,results,0
aminoacyl,learning,0
aminoacyl,subgraph,0
aminoacyl,ftir,0
aminoacyl,xps,0
aminoacyl,pose,0
aminoacyl,skeleton-based,0
aminoacyl,euler,0
aminoacyl,skeletongait,0
aminoacyl,graph-based,0
aminoacyl,informative,0
aminoacyl,dependencies,0
aminoacyl,proposed,0
aminoacyl,metsulfuron,0
aminoacyl,based,0
aminoacyl,conduct,0
aminoacyl,meaningful,0
aminoacyl,revealed,0
aminoacyl,gcaru,0
aminoacyl,probability,0
aminoacyl,methodology,0
aminoacyl,spatial,0
aminoacyl,pubmed,0
aminoacyl,sentiments,0
aminoacyl,electron,0
aminoacyl,information,0
aminoacyl,evaluation,0
aminoacyl,role,0
aminoacyl,kinetoplastid,0
aminoacyl,unconventional,0
aminoacyl,cgcnimp,0
aminoacyl,mcc,0
aminoacyl,auroc,0
aminoacyl,auprc,0
aminoacyl,optimization,0
aminoacyl,relationships,0
aminoacyl,representation,0
aminoacyl,represent,0
aminoacyl,fenton,0
aminoacyl,generative,0
aminoacyl,dmax,0
aminoacyl,unifying,0
aminoacyl,embeddings,0
aminoacyl,laplacian,0
aminoacyl,topic,0
aminoacyl,updated,0
aminoacyl,global,0
aminoacyl,local,0
aminoacyl,deep,0
aminoacyl,training,0
aminoacyl,correlations,0
aminoacyl,u-net,0
aminoacyl,supervised,0
aminoacyl,error,0
aminoacyl,works,0
aminoacyl,generate,0
aminoacyl,capture,0
aminoacyl,showed,0
aminoacyl,psf,0
aminoacyl,optimal,0
aminoacyl,presentation,0
aminoacyl,indonesia,0
aminoacyl,pooling,0
aminoacyl,dataset,0
aminoacyl,intratesticular,0
aminoacyl,key,0
aminoacyl,human,0
aminoacyl,technique,0
aminoacyl,prediction,0
aminoacyl,factors,0
aminoacyl,propagation,0
aminoacyl,time,0
aminoacyl,daily,0
aminoacyl,learn,0
aminoacyl,neighbor,0
aminoacyl,evolution,0
aminoacyl,cfz,0
aminoacyl,single-granular,0
aminoacyl,optical,0
aminoacyl,approach,0
aminoacyl,focus,0
aminoacyl,desirable,0
aminoacyl,modalities,0
aminoacyl,high,0
aminoacyl,module,0
aminoacyl,representations,0
aminoacyl,introduce,0
aminoacyl,neural,0
aminoacyl,expression,0
aminoacyl,user,0
aminoacyl,management,0
aminoacyl,predict,0
aminoacyl,feature,0
aminoacyl,set,0
aminoacyl,fully,0
aminoacyl,tumor,0
aminoacyl,studies,0
aminoacyl,dense,0
aminoacyl,recognition,0
aminoacyl,identify,0
aminoacyl,convolution,0
aminoacyl,challenges,0
aminoacyl,multiple,0
aminoacyl,ternary,0
aminoacyl,trend,0
aminoacyl,sparsity,0
aminoacyl,faces,0
aminoacyl,recent,0
aminoacyl,static,0
aminoacyl,gene,0
aminoacyl,surface,0
aminoacyl,significant,0
aminoacyl,immune,0
aminoacyl,knowledge,0
aminoacyl,temporal,0
aminoacyl,identification,0
aminoacyl,predicting,0
aminoacyl,number,0
aminoacyl,validate,0
aminoacyl,gat,0
aminoacyl,spatial-temporal,0
aminoacyl,single,0
aminoacyl,interaction,0
aminoacyl,layers,0
aminoacyl,task,0
aminoacyl,challenging,0
aminoacyl,energy,0
aminoacyl,step,0
aminoacyl,machine,0
aminoacyl,traffic,0
aminoacyl,communication,0
aminoacyl,synthetic,0
aminoacyl,real,0
aminoacyl,visual,0
aminoacyl,layouts,0
aminoacyl,cells,0
aminoacyl,remote,0
aminoacyl,analysis,0
aminoacyl,splitting,0
aminoacyl,parameters,0
aminoacyl,rgb,0
aminoacyl,improved,0
aminoacyl,large,0
aminoacyl,processing,0
aminoacyl,previous,0
aminoacyl,employed,0
aminoacyl,include,0
aminoacyl,captures,0
aminoacyl,learns,0
aminoacyl,embedding,0
aminoacyl,effective,0
aminoacyl,photocatalytic,0
aminoacyl,structural,0
aminoacyl,success,0
aminoacyl,cases,0
aminoacyl,variation,0
aminoacyl,identifying,0
aminoacyl,important,0
aminoacyl,reactions,0
aminoacyl,memory,0
aminoacyl,unit,0
aminoacyl,gated,0
aminoacyl,patterns,0
aminoacyl,field,0
aminoacyl,correction,0
aminoacyl,constructing,0
aminoacyl,comprehensive,0
aminoacyl,great,0
aminoacyl,light,0
aminoacyl,functions,0
aminoacyl,architecture,0
aminoacyl,multi-scale,0
aminoacyl,annotation,0
aminoacyl,utilization,0
aminoacyl,structures,0
aminoacyl,neighbors,0
aminoacyl,part,0
aminoacyl,progress,0
aminoacyl,video,0
aminoacyl,focuses,0
aminoacyl,capturing,0
aminoacyl,traditional,0
aminoacyl,stability,0
aminoacyl,sample,0
aminoacyl,designed,0
aminoacyl,pollutants,0
aminoacyl,behaviors,0
aminoacyl,diffusion,0
aminoacyl,tree,0
aminoacyl,motion,0
aminoacyl,types,0
aminoacyl,protein,0
aminoacyl,point,0
aminoacyl,reported,0
aminoacyl,remarkable,0
aminoacyl,background,0
aminoacyl,center,0
aminoacyl,bind,0
aminoacyl,band,0
daily,drug-drug,0
daily,intuitively,0
daily,inferred,0
daily,variously,0
daily,demonstrates,0
daily,interacts,0
daily,mikae,0
daily,eastern,0
daily,lutea,0
daily,ignore,0
daily,low-pass,0
daily,metal,0
daily,water-splitting,0
daily,nitride,0
daily,literature,0
daily,rarely,0
daily,pharmacology,0
daily,meiosis,0
daily,increasing,0
daily,developed,0
daily,roofs,0
daily,hyperlinks,0
daily,differently,0
daily,explicitly,0
daily,obtained,0
daily,standards,0
daily,noise,0
daily,rna,0
daily,tcga,0
daily,pei-gcn,0
daily,gqa,0
daily,membranes,0
daily,pharmacological,0
daily,three-dimensional,0
daily,recombination,0
daily,dempster-shafer,0
daily,hours,0
daily,owing,0
daily,utilized,0
daily,determination,0
daily,seoul,0
daily,encoded,0
daily,prohibitively,0
daily,psycholinguistic,0
daily,heterojunction,0
daily,nitrogen-rich,0
daily,tubes,0
daily,liquid,0
daily,graphitic,0
daily,granger,0
daily,established,0
daily,mixed,0
daily,excellent,0
daily,self-healing,0
daily,dual-stimulus,0
daily,similar,0
daily,perform,0
daily,households,0
daily,presents,0
daily,viable,0
daily,trna,0
daily,outperform,0
daily,string,0
daily,descriptor,0
daily,sgc,0
daily,u-shaped,0
daily,samples,0
daily,pressure,0
daily,f-score,0
daily,requirement,0
daily,separation,0
daily,topologically,0
daily,wavelengths,0
daily,markers,0
daily,n-acetyltransferase,0
daily,holes,0
daily,resulting,0
daily,photocatalyst,0
daily,investigations,0
daily,trypanosoma,0
daily,sciences,0
daily,medica,0
daily,plant,0
daily,harmful,0
daily,videos,0
daily,theory,0
daily,decisions,0
daily,heavily,0
daily,hemisphere,0
daily,gps,0
daily,obu,0
daily,material,0
daily,heparin,0
daily,firstly,0
daily,imdb,0
daily,kitti,0
daily,s-triazine,0
daily,mscoco,0
daily,sites,0
daily,points,0
daily,photoreduction,0
daily,ethereum,0
daily,smiles,0
daily,technologies,0
daily,svm,0
daily,knn,0
daily,softmax,0
daily,escherichia,0
daily,euclidean,0
daily,rnas,0
daily,fourier,0
daily,initiative,0
daily,pca,0
daily,decades,0
daily,fixation,0
daily,molecules,0
daily,ntu,0
daily,edges,0
daily,matthews,0
daily,secure,0
daily,nlp,0
daily,water,0
daily,wiki,0
daily,nanosized,0
daily,kinetics,0
daily,dft,0
daily,guided,0
daily,subgraph,0
daily,ftir,0
daily,xps,0
daily,pose,0
daily,skeleton-based,0
daily,euler,0
daily,metsulfuron,0
daily,revealed,0
daily,gcaru,0
daily,probability,0
daily,pubmed,0
daily,sentiments,0
daily,electron,0
daily,kinetoplastid,0
daily,unconventional,0
daily,mcc,0
daily,fenton,0
daily,dmax,0
daily,unifying,0
daily,u-net,0
daily,generate,0
daily,psf,0
daily,optimal,0
daily,presentation,0
daily,indonesia,0
daily,intratesticular,0
daily,neighbor,0
daily,evolution,0
daily,single-granular,0
daily,optical,0
daily,desirable,0
daily,expression,0
daily,target,0
daily,dense,0
daily,ternary,0
daily,trend,0
daily,faces,0
daily,gene,0
daily,immune,0
daily,energy,0
daily,synthetic,0
daily,visual,0
daily,layouts,0
daily,remote,0
daily,splitting,0
daily,photocatalytic,0
daily,structural,0
daily,variation,0
daily,reactions,0
daily,functions,0
daily,utilization,0
daily,neighbors,0
daily,part,0
daily,progress,0
daily,video,0
daily,stability,0
daily,sample,0
daily,pollutants,0
daily,tree,0
daily,protein,0
daily,remarkable,0
learn,variously,0
learn,mikae,0
learn,lutea,0
learn,water-splitting,0
learn,pharmacology,0
learn,meiosis,0
learn,roofs,0
learn,standards,0
learn,rna,0
learn,tcga,0
learn,pei-gcn,0
learn,membranes,0
learn,seoul,0
learn,prohibitively,0
learn,psycholinguistic,0
learn,nitrogen-rich,0
learn,tubes,0
learn,liquid,0
learn,self-healing,0
learn,trna,0
learn,u-shaped,0
learn,pressure,0
learn,topologically,0
learn,wavelengths,0
learn,markers,0
learn,n-acetyltransferase,0
learn,photocatalyst,0
learn,trypanosoma,0
learn,sciences,0
learn,medica,0
learn,material,0
learn,s-triazine,0
learn,photoreduction,0
learn,smiles,0
learn,rnas,0
learn,matthews,0
learn,nanosized,0
learn,xps,0
learn,skeletongait,0
learn,metsulfuron,0
learn,revealed,0
learn,unconventional,0
learn,mcc,0
learn,u-net,0
learn,psf,0
learn,presentation,0
learn,single-granular,0
learn,optical,0
learn,ternary,0
learn,photocatalytic,0
learn,light,0
neighbor,variously,0
neighbor,water-splitting,0
neighbor,rarely,0
neighbor,pharmacology,0
neighbor,reduced,0
neighbor,roofs,0
neighbor,standards,0
neighbor,pei-gcn,0
neighbor,result,0
neighbor,three-dimensional,0
neighbor,recombination,0
neighbor,thousands,0
neighbor,roads,0
neighbor,seoul,0
neighbor,prohibitively,0
neighbor,psycholinguistic,0
neighbor,nitrogen-rich,0
neighbor,tubes,0
neighbor,self-healing,0
neighbor,smoothing,0
neighbor,perform,0
neighbor,viable,0
neighbor,trna,0
neighbor,outperform,0
neighbor,string,0
neighbor,sgc,0
neighbor,u-shaped,0
neighbor,pressure,0
neighbor,requirement,0
neighbor,numerous,0
neighbor,topologically,0
neighbor,wavelengths,0
neighbor,photocatalyst,0
neighbor,trypanosoma,0
neighbor,sciences,0
neighbor,plant,0
neighbor,transformers,0
neighbor,videos,0
neighbor,rely,0
neighbor,obu,0
neighbor,s-triazine,0
neighbor,sites,0
neighbor,photoreduction,0
neighbor,smiles,0
neighbor,svm,0
neighbor,softmax,0
neighbor,rnas,0
neighbor,pca,0
neighbor,ntu,0
neighbor,secure,0
neighbor,nlp,0
neighbor,words,0
neighbor,water,0
neighbor,wiki,0
neighbor,surge,0
neighbor,vehicle,0
neighbor,subgraph,0
neighbor,xps,0
neighbor,skeleton-based,0
neighbor,skeletongait,0
neighbor,revealed,0
neighbor,pubmed,0
neighbor,sentiments,0
neighbor,unconventional,0
neighbor,unifying,0
neighbor,u-net,0
neighbor,showed,0
neighbor,psf,0
neighbor,presentation,0
neighbor,single-granular,0
neighbor,optical,0
neighbor,tumor,0
neighbor,ternary,0
neighbor,static,0
neighbor,surface,0
neighbor,validate,0
neighbor,traffic,0
neighbor,visual,0
neighbor,splitting,0
neighbor,rgb,0
neighbor,pairs,0
neighbor,photocatalytic,0
neighbor,success,0
neighbor,variation,0
neighbor,reactions,0
neighbor,targets,0
neighbor,video,0
neighbor,sample,0
neighbor,protein,0
neighbor,point,0
neighbor,remarkable,0
evolution,intuitively,0
evolution,variously,0
evolution,interacts,0
evolution,mikae,0
evolution,lutea,0
evolution,low-pass,0
evolution,water-splitting,0
evolution,literature,0
evolution,rarely,0
evolution,pharmacology,0
evolution,published,0
evolution,meiosis,0
evolution,roofs,0
evolution,hyperlinks,0
evolution,independently,0
evolution,explicitly,0
evolution,standards,0
evolution,noise,0
evolution,rna,0
evolution,tcga,0
evolution,pei-gcn,0
evolution,gqa,0
evolution,proposes,0
evolution,membranes,0
evolution,pharmacological,0
evolution,three-dimensional,0
evolution,thousands,0
evolution,roads,0
evolution,seoul,0
evolution,time-consuming,0
evolution,prohibitively,0
evolution,psycholinguistic,0
evolution,liquid,0
evolution,granger,0
evolution,mixed,0
evolution,self-healing,0
evolution,smoothing,0
evolution,households,0
evolution,trna,0
evolution,string,0
evolution,sgc,0
evolution,u-shaped,0
evolution,samples,0
evolution,pressure,0
evolution,f-score,0
evolution,topologically,0
evolution,wavelengths,0
evolution,sets,0
evolution,n-acetyltransferase,0
evolution,investigations,0
evolution,trypanosoma,0
evolution,sciences,0
evolution,medica,0
evolution,transformers,0
evolution,videos,0
evolution,language,0
evolution,rely,0
evolution,heavily,0
evolution,hemisphere,0
evolution,gps,0
evolution,obu,0
evolution,heparin,0
evolution,understanding,0
evolution,imdb,0
evolution,kitti,0
evolution,s-triazine,0
evolution,mscoco,0
evolution,photoreduction,0
evolution,smiles,0
evolution,svm,0
evolution,knn,0
evolution,softmax,0
evolution,patients,0
evolution,patient,0
evolution,rnas,0
evolution,fourier,0
evolution,initiative,0
evolution,pca,0
evolution,molecule,0
evolution,ntu,0
evolution,matthews,0
evolution,nlp,0
evolution,words,0
evolution,wiki,0
evolution,surge,0
evolution,kinetics,0
evolution,guided,0
evolution,subgraph,0
evolution,ftir,0
evolution,pose,0
evolution,skeleton-based,0
evolution,skeletongait,0
evolution,informative,0
evolution,metsulfuron,0
evolution,meaningful,0
evolution,gcaru,0
evolution,probability,0
evolution,methodology,0
evolution,pubmed,0
evolution,sentiments,0
evolution,kinetoplastid,0
evolution,unconventional,0
evolution,mcc,0
evolution,optimization,0
evolution,fenton,0
evolution,generative,0
evolution,unifying,0
evolution,laplacian,0
evolution,updated,0
evolution,u-net,0
evolution,psf,0
evolution,presentation,0
evolution,indonesia,0
evolution,pooling,0
evolution,intratesticular,0
evolution,technique,0
evolution,neighbor,0
evolution,single-granular,0
evolution,modalities,0
evolution,introduce,0
evolution,tumor,0
evolution,recognition,0
evolution,trend,0
evolution,faces,0
evolution,static,0
evolution,immune,0
evolution,gat,0
evolution,synthetic,0
evolution,visual,0
evolution,layouts,0
evolution,remote,0
evolution,rgb,0
evolution,pairs,0
evolution,learns,0
evolution,success,0
evolution,variation,0
evolution,identifying,0
evolution,multi-scale,0
evolution,video,0
evolution,focuses,0
evolution,tree,0
evolution,motion,0
cfz,drug-drug,0
cfz,paper,0
cfz,named,0
cfz,method,0
cfz,intuitively,0
cfz,inferred,0
cfz,variously,0
cfz,wide,0
cfz,specifically,0
cfz,demonstrates,0
cfz,dual,0
cfz,interacts,0
cfz,structure,0
cfz,mikae,0
cfz,eastern,0
cfz,colomatta,0
cfz,lutea,0
cfz,input,0
cfz,existing,0
cfz,ignore,0
cfz,graph,0
cfz,connecting,0
cfz,considered,0
cfz,low-pass,0
cfz,metal,0
cfz,cocatalyst-free,0
cfz,water-splitting,0
cfz,nitride,0
cfz,present,0
cfz,literature,0
cfz,rarely,0
cfz,concentrated,0
cfz,extract,0
cfz,pharmacology,0
cfz,published,0
cfz,curated,0
cfz,generally,0
cfz,common,0
cfz,meiosis,0
cfz,increasing,0
cfz,reduced,0
cfz,gap,0
cfz,developed,0
cfz,roofs,0
cfz,hyperlinks,0
cfz,independently,0
cfz,differently,0
cfz,explicitly,0
cfz,obtained,0
cfz,generated,0
cfz,continuation,0
cfz,systems,0
cfz,network,0
cfz,standards,0
cfz,networks,0
cfz,noise,0
cfz,extracting,0
cfz,rna,0
cfz,tcga,0
cfz,pei-gcn,0
cfz,gqa,0
cfz,proposes,0
cfz,critical,0
cfz,membranes,0
cfz,models,0
cfz,result,0
cfz,pharmacological,0
cfz,efficient,0
cfz,three-dimensional,0
cfz,classification,0
cfz,problem,0
cfz,node,0
cfz,performance,0
cfz,limited,0
cfz,fast,0
cfz,real-world,0
cfz,dempster-shafer,0
cfz,thousands,0
cfz,hours,0
cfz,owing,0
cfz,propose,0
cfz,roads,0
cfz,tasks,0
cfz,utilized,0
cfz,determination,0
cfz,process,0
cfz,seoul,0
cfz,proteins,0
cfz,encoded,0
cfz,time-consuming,0
cfz,experimental,0
cfz,prohibitively,0
cfz,elsevier,0
cfz,psycholinguistic,0
cfz,nitrogen-rich,0
cfz,tubes,0
cfz,chemical,0
cfz,liquid,0
cfz,work,0
cfz,graphitic,0
cfz,granger,0
cfz,nodes,0
cfz,established,0
cfz,mixed,0
cfz,excellent,0
cfz,self-healing,0
cfz,dual-stimulus,0
cfz,similar,0
cfz,smoothing,0
cfz,perform,0
cfz,households,0
cfz,study,0
cfz,viable,0
cfz,trna,0
cfz,outperform,0
cfz,cutting-thin,0
cfz,string,0
cfz,descriptor,0
cfz,explore,0
cfz,sgc,0
cfz,u-shaped,0
cfz,samples,0
cfz,couplings,0
cfz,research,0
cfz,pressure,0
cfz,f-score,0
cfz,graphs,0
cfz,requirement,0
cfz,numerous,0
cfz,separation,0
cfz,topologically,0
cfz,wavelengths,0
cfz,sets,0
cfz,simultaneously,0
cfz,markers,0
cfz,n-acetyltransferase,0
cfz,holes,0
cfz,resulting,0
cfz,photocatalyst,0
cfz,investigations,0
cfz,trypanosoma,0
cfz,sciences,0
cfz,medica,0
cfz,plant,0
cfz,transformers,0
cfz,harmful,0
cfz,videos,0
cfz,features,0
cfz,years,0
cfz,language,0
cfz,theory,0
cfz,leading,0
cfz,rely,0
cfz,decisions,0
cfz,heavily,0
cfz,hemisphere,0
cfz,gps,0
cfz,obu,0
cfz,material,0
cfz,gcns,0
cfz,heparin,0
cfz,relation,0
cfz,relations,0
cfz,typically,0
cfz,firstly,0
cfz,understanding,0
cfz,imdb,0
cfz,kitti,0
cfz,convolutional,0
cfz,s-triazine,0
cfz,mscoco,0
cfz,model,0
cfz,cnn,0
cfz,sites,0
cfz,cloud,0
cfz,points,0
cfz,improve,0
cfz,photoreduction,0
cfz,ethereum,0
cfz,lstm,0
cfz,smiles,0
cfz,technologies,0
cfz,svm,0
cfz,knn,0
cfz,softmax,0
cfz,chloroform,0
cfz,escherichia,0
cfz,euclidean,0
cfz,patients,0
cfz,patient,0
cfz,similarity,0
cfz,rnas,0
cfz,fourier,0
cfz,initiative,0
cfz,pca,0
cfz,decades,0
cfz,copy,0
cfz,recently,0
cfz,fixation,0
cfz,molecules,0
cfz,molecule,0
cfz,ntu,0
cfz,edges,0
cfz,unsupervised,0
cfz,matthews,0
cfz,secure,0
cfz,nlp,0
cfz,words,0
cfz,transformer,0
cfz,system,0
cfz,wiki,0
cfz,datasets,0
cfz,data,0
cfz,nanosized,0
cfz,effectively,0
cfz,surge,0
cfz,data-driven,0
cfz,kinetics,0
cfz,dft,0
cfz,skeleton,0
cfz,framework,0
cfz,vehicle,0
cfz,guided,0
cfz,end,0
cfz,layer,0
cfz,results,0
cfz,learning,0
cfz,subgraph,0
cfz,xps,0
cfz,pose,0
cfz,skeleton-based,0
cfz,euler,0
cfz,skeletongait,0
cfz,graph-based,0
cfz,informative,0
cfz,dependencies,0
cfz,proposed,0
cfz,metsulfuron,0
cfz,conduct,0
cfz,meaningful,0
cfz,gcaru,0
cfz,probability,0
cfz,methodology,0
cfz,spatial,0
cfz,pubmed,0
cfz,sentiments,0
cfz,information,0
cfz,evaluation,0
cfz,role,0
cfz,kinetoplastid,0
cfz,unconventional,0
cfz,cgcnimp,0
cfz,mcc,0
cfz,optimization,0
cfz,relationships,0
cfz,representation,0
cfz,represent,0
cfz,fenton,0
cfz,generative,0
cfz,dmax,0
cfz,unifying,0
cfz,embeddings,0
cfz,laplacian,0
cfz,topic,0
cfz,updated,0
cfz,global,0
cfz,local,0
cfz,deep,0
cfz,training,0
cfz,correlations,0
cfz,u-net,0
cfz,supervised,0
cfz,error,0
cfz,works,0
cfz,generate,0
cfz,showed,0
cfz,psf,0
cfz,optimal,0
cfz,presentation,0
cfz,indonesia,0
cfz,pooling,0
cfz,dataset,0
cfz,intratesticular,0
cfz,key,0
cfz,human,0
cfz,technique,0
cfz,prediction,0
cfz,factors,0
cfz,propagation,0
cfz,time,0
cfz,daily,0
cfz,learn,0
cfz,neighbor,0
cfz,evolution,0
cfz,single-granular,0
cfz,focus,0
cfz,desirable,0
cfz,modalities,0
cfz,high,0
cfz,module,0
cfz,representations,0
cfz,introduce,0
cfz,neural,0
cfz,expression,0
cfz,user,0
cfz,management,0
cfz,predict,0
cfz,feature,0
cfz,set,0
cfz,fully,0
cfz,complex,0
cfz,tumor,0
cfz,target,0
cfz,studies,0
cfz,dense,0
cfz,recognition,0
cfz,identify,0
cfz,convolution,0
cfz,challenges,0
cfz,multiple,0
cfz,ternary,0
cfz,trend,0
cfz,sparsity,0
cfz,faces,0
cfz,recent,0
cfz,static,0
cfz,gene,0
cfz,surface,0
cfz,significant,0
cfz,immune,0
cfz,knowledge,0
cfz,temporal,0
cfz,identification,0
cfz,predicting,0
cfz,number,0
cfz,validate,0
cfz,gat,0
cfz,spatial-temporal,0
cfz,single,0
cfz,interaction,0
cfz,layers,0
cfz,task,0
cfz,challenging,0
cfz,energy,0
cfz,step,0
cfz,machine,0
cfz,traffic,0
cfz,communication,0
cfz,synthetic,0
cfz,real,0
cfz,visual,0
cfz,layouts,0
cfz,remote,0
cfz,splitting,0
cfz,parameters,0
cfz,rgb,0
cfz,improved,0
cfz,show,0
cfz,large,0
cfz,processing,0
cfz,conditions,0
cfz,previous,0
cfz,pairs,0
cfz,employed,0
cfz,include,0
cfz,learns,0
cfz,embedding,0
cfz,effective,0
cfz,structural,0
cfz,success,0
cfz,variation,0
cfz,identifying,0
cfz,memory,0
cfz,unit,0
cfz,gated,0
cfz,patterns,0
cfz,correction,0
cfz,constructing,0
cfz,comprehensive,0
cfz,great,0
cfz,functions,0
cfz,targets,0
cfz,multi-scale,0
cfz,utilization,0
cfz,structures,0
cfz,neighbors,0
cfz,part,0
cfz,progress,0
cfz,video,0
cfz,focuses,0
cfz,traditional,0
cfz,stability,0
cfz,sample,0
cfz,designed,0
cfz,pollutants,0
cfz,diffusion,0
cfz,tree,0
cfz,motion,0
cfz,types,0
cfz,protein,0
cfz,point,0
cfz,reported,0
cfz,remarkable,0
single-granular,variously,0
single-granular,wide,0
single-granular,specifically,0
single-granular,structure,0
single-granular,water-splitting,0
single-granular,systems,0
single-granular,standards,0
single-granular,tcga,0
single-granular,three-dimensional,0
single-granular,thousands,0
single-granular,utilized,0
single-granular,time-consuming,0
single-granular,tubes,0
single-granular,work,0
single-granular,smoothing,0
single-granular,study,0
single-granular,strategy,0
single-granular,viable,0
single-granular,trna,0
single-granular,string,0
single-granular,u-shaped,0
single-granular,topologically,0
single-granular,wavelengths,0
single-granular,trypanosoma,0
single-granular,transformers,0
single-granular,videos,0
single-granular,years,0
single-granular,theory,0
single-granular,typically,0
single-granular,understanding,0
single-granular,sites,0
single-granular,smiles,0
single-granular,technologies,0
single-granular,svm,0
single-granular,softmax,0
single-granular,words,0
single-granular,transformer,0
single-granular,system,0
single-granular,water,0
single-granular,surge,0
single-granular,skeleton,0
single-granular,vehicle,0
single-granular,subgraph,0
single-granular,xps,0
single-granular,skeleton-based,0
single-granular,skeletongait,0
single-granular,spatial,0
single-granular,unconventional,0
single-granular,unifying,0
single-granular,topic,0
single-granular,updated,0
single-granular,training,0
single-granular,u-net,0
single-granular,supervised,0
single-granular,works,0
single-granular,technique,0
single-granular,user,0
single-granular,tumor,0
single-granular,target,0
single-granular,studies,0
single-granular,ternary,0
single-granular,trend,0
single-granular,sparsity,0
single-granular,static,0
single-granular,surface,0
single-granular,temporal,0
single-granular,validate,0
single-granular,spatial-temporal,0
single-granular,task,0
single-granular,step,0
single-granular,traffic,0
single-granular,synthetic,0
single-granular,visual,0
single-granular,splitting,0
single-granular,success,0
single-granular,variation,0
single-granular,unit,0
single-granular,targets,0
single-granular,utilization,0
single-granular,structures,0
single-granular,video,0
single-granular,traditional,0
single-granular,stability,0
single-granular,tree,0
single-granular,types,0
optical,variously,0
optical,water-splitting,0
optical,rarely,0
optical,pharmacology,0
optical,roofs,0
optical,standards,0
optical,rna,0
optical,tcga,0
optical,pei-gcn,0
optical,pharmacological,0
optical,three-dimensional,0
optical,real-world,0
optical,thousands,0
optical,roads,0
optical,tasks,0
optical,seoul,0
optical,proteins,0
optical,time-consuming,0
optical,prohibitively,0
optical,psycholinguistic,0
optical,tubes,0
optical,self-healing,0
optical,smoothing,0
optical,viable,0
optical,trna,0
optical,string,0
optical,sgc,0
optical,u-shaped,0
optical,pressure,0
optical,requirement,0
optical,topologically,0
optical,wavelengths,0
optical,sets,0
optical,trypanosoma,0
optical,sciences,0
optical,plant,0
optical,transformers,0
optical,theory,0
optical,rely,0
optical,relation,0
optical,typically,0
optical,s-triazine,0
optical,photoreduction,0
optical,smiles,0
optical,svm,0
optical,softmax,0
optical,patients,0
optical,patient,0
optical,similarity,0
optical,rnas,0
optical,pca,0
optical,unsupervised,0
optical,secure,0
optical,transformer,0
optical,wiki,0
optical,surge,0
optical,skeleton,0
optical,vehicle,0
optical,subgraph,0
optical,pose,0
optical,skeleton-based,0
optical,skeletongait,0
optical,probability,0
optical,pubmed,0
optical,sentiments,0
optical,unconventional,0
optical,optimization,0
optical,represent,0
optical,unifying,0
optical,topic,0
optical,updated,0
optical,u-net,0
optical,supervised,0
optical,works,0
optical,psf,0
optical,presentation,0
optical,pooling,0
optical,propagation,0
optical,single-granular,0
optical,representations,0
optical,user,0
optical,tumor,0
optical,target,0
optical,recognition,0
optical,trend,0
optical,sparsity,0
optical,static,0
optical,predicting,0
optical,validate,0
optical,spatial-temporal,0
optical,success,0
optical,patterns,0
optical,targets,0
optical,utilization,0
optical,video,0
optical,tree,0
optical,protein,0
approach,intuitively,0
approach,inferred,0
approach,variously,0
approach,interacts,0
approach,mikae,0
approach,eastern,0
approach,bulbosa,0
approach,colomatta,0
approach,lutea,0
approach,low-pass,0
approach,cocatalyst-free,0
approach,water-splitting,0
approach,concentrated,0
approach,pharmacology,0
approach,curated,0
approach,meiosis,0
approach,hyperlinks,0
approach,continuation,0
approach,gqa,0
approach,dempster-shafer,0
approach,hours,0
approach,roads,0
approach,prohibitively,0
approach,psycholinguistic,0
approach,heterojunction,0
approach,nitrogen-rich,0
approach,tubes,0
approach,granger,0
approach,self-healing,0
approach,dual-stimulus,0
approach,households,0
approach,viable,0
approach,trna,0
approach,cutting-thin,0
approach,u-shaped,0
approach,couplings,0
approach,topologically,0
approach,wavelengths,0
approach,n-acetyltransferase,0
approach,trypanosoma,0
approach,medica,0
approach,harmful,0
approach,hemisphere,0
approach,obu,0
approach,heparin,0
approach,kitti,0
approach,artifact,0
approach,s-triazine,0
approach,photoreduction,0
approach,smiles,0
approach,knn,0
approach,chloroform,0
approach,escherichia,0
approach,fourier,0
approach,fixation,0
approach,nanosized,0
approach,ftir,0
approach,euler,0
approach,skeletongait,0
approach,metsulfuron,0
approach,sentiments,0
approach,kinetoplastid,0
approach,unconventional,0
approach,cgcnimp,0
approach,mcc,0
approach,auprc,0
approach,fenton,0
approach,dmax,0
approach,unifying,0
approach,psf,0
approach,presentation,0
approach,indonesia,0
approach,intratesticular,0
approach,daily,0
approach,cfz,0
approach,single-granular,0
approach,ternary,0
approach,band,0
accuracy,intuitively,0
accuracy,variously,0
accuracy,anchored,0
accuracy,mikae,0
accuracy,eastern,0
accuracy,bulbosa,0
accuracy,colomatta,0
accuracy,lutea,0
accuracy,connecting,0
accuracy,cocatalyst-free,0
accuracy,water-splitting,0
accuracy,nitride,0
accuracy,pharmacology,0
accuracy,curated,0
accuracy,meiosis,0
accuracy,roofs,0
accuracy,continuation,0
accuracy,tcga,0
accuracy,pei-gcn,0
accuracy,gqa,0
accuracy,membranes,0
accuracy,pharmacological,0
accuracy,prohibitively,0
accuracy,psycholinguistic,0
accuracy,heterojunction,0
accuracy,nitrogen-rich,0
accuracy,tubes,0
accuracy,liquid,0
accuracy,graphitic,0
accuracy,granger,0
accuracy,self-healing,0
accuracy,dual-stimulus,0
accuracy,apartments,0
accuracy,viable,0
accuracy,trna,0
accuracy,cutting-thin,0
accuracy,string,0
accuracy,sgc,0
accuracy,couplings,0
accuracy,topologically,0
accuracy,wavelengths,0
accuracy,markers,0
accuracy,n-acetyltransferase,0
accuracy,photocatalyst,0
accuracy,trypanosoma,0
accuracy,sciences,0
accuracy,medica,0
accuracy,plant,0
accuracy,harmful,0
accuracy,achievement,0
accuracy,obu,0
accuracy,heparin,0
accuracy,s-triazine,0
accuracy,mscoco,0
accuracy,photoreduction,0
accuracy,catalysts,0
accuracy,chloroform,0
accuracy,escherichia,0
accuracy,fourier,0
accuracy,pca,0
accuracy,fixation,0
accuracy,nanosized,0
accuracy,ftir,0
accuracy,xps,0
accuracy,skeletongait,0
accuracy,metsulfuron,0
accuracy,gcaru,0
accuracy,kinetoplastid,0
accuracy,unconventional,0
accuracy,cgcnimp,0
accuracy,fenton,0
accuracy,unifying,0
accuracy,psf,0
accuracy,indonesia,0
accuracy,intratesticular,0
accuracy,aminoacyl,0
accuracy,cfz,0
accuracy,single-granular,0
accuracy,immune,0
accuracy,splitting,0
accuracy,photocatalytic,0
accuracy,reactions,0
accuracy,bind,0
focus,intuitively,0
focus,inferred,0
focus,variously,0
focus,interacts,0
focus,mikae,0
focus,lutea,0
focus,metal,0
focus,water-splitting,0
focus,pharmacology,0
focus,meiosis,0
focus,roofs,0
focus,hyperlinks,0
focus,independently,0
focus,standards,0
focus,rna,0
focus,tcga,0
focus,pei-gcn,0
focus,gqa,0
focus,membranes,0
focus,pharmacological,0
focus,three-dimensional,0
focus,recombination,0
focus,hours,0
focus,roads,0
focus,seoul,0
focus,prohibitively,0
focus,psycholinguistic,0
focus,heterojunction,0
focus,nitrogen-rich,0
focus,tubes,0
focus,liquid,0
focus,granger,0
focus,mixed,0
focus,self-healing,0
focus,households,0
focus,viable,0
focus,trna,0
focus,string,0
focus,u-shaped,0
focus,pressure,0
focus,requirement,0
focus,topologically,0
focus,wavelengths,0
focus,markers,0
focus,n-acetyltransferase,0
focus,holes,0
focus,photocatalyst,0
focus,investigations,0
focus,trypanosoma,0
focus,sciences,0
focus,medica,0
focus,harmful,0
focus,heavily,0
focus,hemisphere,0
focus,gps,0
focus,obu,0
focus,heparin,0
focus,imdb,0
focus,s-triazine,0
focus,photoreduction,0
focus,smiles,0
focus,technologies,0
focus,svm,0
focus,rnas,0
focus,fourier,0
focus,initiative,0
focus,pca,0
focus,molecule,0
focus,matthews,0
focus,secure,0
focus,nanosized,0
focus,kinetics,0
focus,ftir,0
focus,xps,0
focus,skeletongait,0
focus,metsulfuron,0
focus,gcaru,0
focus,pubmed,0
focus,kinetoplastid,0
focus,unconventional,0
focus,mcc,0
focus,unifying,0
focus,laplacian,0
focus,u-net,0
focus,psf,0
focus,indonesia,0
focus,intratesticular,0
focus,single-granular,0
focus,ternary,0
focus,immune,0
focus,layouts,0
focus,pairs,0
focus,photocatalytic,0
focus,variation,0
desirable,drug-drug,0
desirable,intuitively,0
desirable,inferred,0
desirable,variously,0
desirable,wide,0
desirable,interacts,0
desirable,mikae,0
desirable,eastern,0
desirable,lutea,0
desirable,input,0
desirable,ignore,0
desirable,low-pass,0
desirable,literature,0
desirable,rarely,0
desirable,pharmacology,0
desirable,published,0
desirable,meiosis,0
desirable,increasing,0
desirable,gap,0
desirable,developed,0
desirable,roofs,0
desirable,hyperlinks,0
desirable,independently,0
desirable,differently,0
desirable,explicitly,0
desirable,obtained,0
desirable,standards,0
desirable,extracting,0
desirable,rna,0
desirable,tcga,0
desirable,pei-gcn,0
desirable,gqa,0
desirable,proposes,0
desirable,membranes,0
desirable,models,0
desirable,result,0
desirable,pharmacological,0
desirable,node,0
desirable,limited,0
desirable,recombination,0
desirable,thousands,0
desirable,hours,0
desirable,roads,0
desirable,determination,0
desirable,seoul,0
desirable,proteins,0
desirable,encoded,0
desirable,time-consuming,0
desirable,prohibitively,0
desirable,elsevier,0
desirable,psycholinguistic,0
desirable,heterojunction,0
desirable,nitrogen-rich,0
desirable,tubes,0
desirable,liquid,0
desirable,granger,0
desirable,nodes,0
desirable,established,0
desirable,mixed,0
desirable,self-healing,0
desirable,dual-stimulus,0
desirable,smoothing,0
desirable,perform,0
desirable,households,0
desirable,strategy,0
desirable,presents,0
desirable,viable,0
desirable,trna,0
desirable,outperform,0
desirable,string,0
desirable,explore,0
desirable,sgc,0
desirable,u-shaped,0
desirable,research,0
desirable,pressure,0
desirable,f-score,0
desirable,requirement,0
desirable,numerous,0
desirable,markers,0
desirable,n-acetyltransferase,0
desirable,holes,0
desirable,resulting,0
desirable,investigations,0
desirable,trypanosoma,0
desirable,sciences,0
desirable,medica,0
desirable,plant,0
desirable,transformers,0
desirable,harmful,0
desirable,videos,0
desirable,language,0
desirable,theory,0
desirable,leading,0
desirable,rely,0
desirable,heavily,0
desirable,hemisphere,0
desirable,gps,0
desirable,obu,0
desirable,heparin,0
desirable,relation,0
desirable,firstly,0
desirable,understanding,0
desirable,imdb,0
desirable,kitti,0
desirable,s-triazine,0
desirable,mscoco,0
desirable,heterogeneous,0
desirable,improve,0
desirable,photoreduction,0
desirable,ethereum,0
desirable,lstm,0
desirable,smiles,0
desirable,svm,0
desirable,knn,0
desirable,softmax,0
desirable,formed,0
desirable,escherichia,0
desirable,euclidean,0
desirable,patients,0
desirable,patient,0
desirable,rnas,0
desirable,fourier,0
desirable,initiative,0
desirable,pca,0
desirable,recently,0
desirable,fixation,0
desirable,molecules,0
desirable,molecule,0
desirable,ntu,0
desirable,edges,0
desirable,unsupervised,0
desirable,matthews,0
desirable,secure,0
desirable,nlp,0
desirable,words,0
desirable,water,0
desirable,wiki,0
desirable,nanosized,0
desirable,effectively,0
desirable,surge,0
desirable,kinetics,0
desirable,dft,0
desirable,skeleton,0
desirable,vehicle,0
desirable,guided,0
desirable,end,0
desirable,layer,0
desirable,subgraph,0
desirable,ftir,0
desirable,xps,0
desirable,pose,0
desirable,skeleton-based,0
desirable,euler,0
desirable,skeletongait,0
desirable,graph-based,0
desirable,informative,0
desirable,metsulfuron,0
desirable,meaningful,0
desirable,revealed,0
desirable,gcaru,0
desirable,probability,0
desirable,methodology,0
desirable,pubmed,0
desirable,sentiments,0
desirable,role,0
desirable,kinetoplastid,0
desirable,unconventional,0
desirable,mcc,0
desirable,representation,0
desirable,represent,0
desirable,fenton,0
desirable,generative,0
desirable,dmax,0
desirable,unifying,0
desirable,embeddings,0
desirable,laplacian,0
desirable,topic,0
desirable,updated,0
desirable,local,0
desirable,u-net,0
desirable,error,0
desirable,works,0
desirable,generate,0
desirable,psf,0
desirable,optimal,0
desirable,presentation,0
desirable,indonesia,0
desirable,pooling,0
desirable,intratesticular,0
desirable,key,0
desirable,technique,0
desirable,prediction,0
desirable,learn,0
desirable,neighbor,0
desirable,single-granular,0
desirable,focus,0
desirable,modalities,0
desirable,representations,0
desirable,neural,0
desirable,expression,0
desirable,user,0
desirable,management,0
desirable,predict,0
desirable,feature,0
desirable,tumor,0
desirable,recognition,0
desirable,identify,0
desirable,ternary,0
desirable,sparsity,0
desirable,faces,0
desirable,static,0
desirable,knowledge,0
desirable,temporal,0
desirable,identification,0
desirable,predicting,0
desirable,number,0
desirable,validate,0
desirable,gat,0
desirable,spatial-temporal,0
desirable,layers,0
desirable,machine,0
desirable,traffic,0
desirable,synthetic,0
desirable,visual,0
desirable,layouts,0
desirable,splitting,0
desirable,parameters,0
desirable,rgb,0
desirable,show,0
desirable,large,0
desirable,processing,0
desirable,previous,0
desirable,pairs,0
desirable,employed,0
desirable,include,0
desirable,learns,0
desirable,embedding,0
desirable,structural,0
desirable,success,0
desirable,variation,0
desirable,identifying,0
desirable,important,0
desirable,reactions,0
desirable,memory,0
desirable,unit,0
desirable,gated,0
desirable,field,0
desirable,great,0
desirable,targets,0
desirable,multi-scale,0
desirable,utilization,0
desirable,neighbors,0
desirable,progress,0
desirable,video,0
desirable,focuses,0
desirable,traditional,0
desirable,sample,0
desirable,diffusion,0
desirable,tree,0
desirable,motion,0
desirable,types,0
desirable,protein,0
desirable,point,0
desirable,reported,0
desirable,remarkable,0
modalities,variously,0
modalities,wide,0
modalities,water-splitting,0
modalities,nitride,0
modalities,pharmacology,0
modalities,roofs,0
modalities,obtained,0
modalities,standards,0
modalities,noise,0
modalities,rna,0
modalities,pei-gcn,0
modalities,pharmacological,0
modalities,three-dimensional,0
modalities,recombination,0
modalities,thousands,0
modalities,roads,0
modalities,seoul,0
modalities,proteins,0
modalities,prohibitively,0
modalities,nitrogen-rich,0
modalities,tubes,0
modalities,self-healing,0
modalities,smoothing,0
modalities,viable,0
modalities,trna,0
modalities,string,0
modalities,sgc,0
modalities,u-shaped,0
modalities,pressure,0
modalities,numerous,0
modalities,separation,0
modalities,topologically,0
modalities,wavelengths,0
modalities,sets,0
modalities,n-acetyltransferase,0
modalities,photocatalyst,0
modalities,trypanosoma,0
modalities,sciences,0
modalities,plant,0
modalities,videos,0
modalities,obu,0
modalities,s-triazine,0
modalities,sites,0
modalities,points,0
modalities,photoreduction,0
modalities,smiles,0
modalities,technologies,0
modalities,svm,0
modalities,softmax,0
modalities,rnas,0
modalities,molecules,0
modalities,molecule,0
modalities,ntu,0
modalities,secure,0
modalities,water,0
modalities,wiki,0
modalities,nanosized,0
modalities,subgraph,0
modalities,xps,0
modalities,skeletongait,0
modalities,revealed,0
modalities,probability,0
modalities,pubmed,0
modalities,unconventional,0
modalities,unifying,0
modalities,updated,0
modalities,u-net,0
modalities,psf,0
modalities,optimal,0
modalities,presentation,0
modalities,technique,0
modalities,neighbor,0
modalities,single-granular,0
modalities,optical,0
modalities,ternary,0
modalities,trend,0
modalities,sparsity,0
modalities,surface,0
modalities,step,0
modalities,traffic,0
modalities,synthetic,0
modalities,splitting,0
modalities,parameters,0
modalities,processing,0
modalities,pairs,0
modalities,photocatalytic,0
modalities,variation,0
modalities,reactions,0
modalities,unit,0
modalities,targets,0
modalities,utilization,0
modalities,structures,0
modalities,neighbors,0
modalities,stability,0
modalities,pollutants,0
modalities,tree,0
modalities,motion,0
modalities,protein,0
modalities,point,0
modalities,remarkable,0
high,variously,0
high,mikae,0
high,lutea,0
high,low-pass,0
high,water-splitting,0
high,meiosis,0
high,roofs,0
high,hyperlinks,0
high,standards,0
high,seoul,0
high,prohibitively,0
high,psycholinguistic,0
high,nitrogen-rich,0
high,tubes,0
high,self-healing,0
high,households,0
high,trna,0
high,string,0
high,u-shaped,0
high,topologically,0
high,wavelengths,0
high,n-acetyltransferase,0
high,trypanosoma,0
high,sciences,0
high,medica,0
high,transformers,0
high,obu,0
high,imdb,0
high,s-triazine,0
high,mscoco,0
high,photoreduction,0
high,smiles,0
high,softmax,0
high,rnas,0
high,pca,0
high,ntu,0
high,matthews,0
high,secure,0
high,wiki,0
high,nanosized,0
high,surge,0
high,subgraph,0
high,skeletongait,0
high,metsulfuron,0
high,kinetoplastid,0
high,unconventional,0
high,mcc,0
high,unifying,0
high,psf,0
high,indonesia,0
high,intratesticular,0
high,single-granular,0
high,layouts,0
module,variously,0
module,water-splitting,0
module,rarely,0
module,pharmacology,0
module,roofs,0
module,standards,0
module,rna,0
module,recombination,0
module,seoul,0
module,prohibitively,0
module,psycholinguistic,0
module,nitrogen-rich,0
module,tubes,0
module,self-healing,0
module,viable,0
module,trna,0
module,string,0
module,topologically,0
module,wavelengths,0
module,n-acetyltransferase,0
module,photocatalyst,0
module,trypanosoma,0
module,sciences,0
module,transformers,0
module,obu,0
module,s-triazine,0
module,mscoco,0
module,photoreduction,0
module,smiles,0
module,technologies,0
module,svm,0
module,softmax,0
module,rnas,0
module,pca,0
module,molecule,0
module,nanosized,0
module,xps,0
module,skeletongait,0
module,pubmed,0
module,sentiments,0
module,unconventional,0
module,unifying,0
module,psf,0
module,presentation,0
module,single-granular,0
module,splitting,0
representations,variously,0
representations,water-splitting,0
representations,roofs,0
representations,standards,0
representations,rna,0
representations,three-dimensional,0
representations,roads,0
representations,seoul,0
representations,tubes,0
representations,self-healing,0
representations,viable,0
representations,trna,0
representations,u-shaped,0
representations,topologically,0
representations,wavelengths,0
representations,trypanosoma,0
representations,sciences,0
representations,s-triazine,0
representations,wiki,0
representations,xps,0
representations,skeletongait,0
representations,unconventional,0
representations,u-net,0
representations,single-granular,0
representations,ternary,0
representations,splitting,0
introduce,intuitively,0
introduce,variously,0
introduce,mikae,0
introduce,lutea,0
introduce,low-pass,0
introduce,pharmacology,0
introduce,meiosis,0
introduce,roofs,0
introduce,standards,0
introduce,tcga,0
introduce,pei-gcn,0
introduce,membranes,0
introduce,pharmacological,0
introduce,three-dimensional,0
introduce,recombination,0
introduce,roads,0
introduce,seoul,0
introduce,prohibitively,0
introduce,psycholinguistic,0
introduce,nitrogen-rich,0
introduce,tubes,0
introduce,liquid,0
introduce,mixed,0
introduce,self-healing,0
introduce,viable,0
introduce,trna,0
introduce,string,0
introduce,sgc,0
introduce,u-shaped,0
introduce,pressure,0
introduce,requirement,0
introduce,markers,0
introduce,n-acetyltransferase,0
introduce,investigations,0
introduce,trypanosoma,0
introduce,sciences,0
introduce,medica,0
introduce,plant,0
introduce,obu,0
introduce,material,0
introduce,s-triazine,0
introduce,mscoco,0
introduce,photoreduction,0
introduce,smiles,0
introduce,svm,0
introduce,knn,0
introduce,rnas,0
introduce,pca,0
introduce,molecule,0
introduce,ntu,0
introduce,matthews,0
introduce,secure,0
introduce,wiki,0
introduce,nanosized,0
introduce,kinetics,0
introduce,xps,0
introduce,skeletongait,0
introduce,metsulfuron,0
introduce,probability,0
introduce,kinetoplastid,0
introduce,unconventional,0
introduce,mcc,0
introduce,unifying,0
introduce,laplacian,0
introduce,u-net,0
introduce,psf,0
introduce,presentation,0
introduce,single-granular,0
introduce,ternary,0
introduce,layouts,0
introduce,remote,0
introduce,splitting,0
introduce,photocatalytic,0
introduce,reactions,0
introduce,part,0
neural,variously,0
neural,water-splitting,0
neural,nitride,0
neural,pharmacology,0
neural,roofs,0
neural,pei-gcn,0
neural,seoul,0
neural,prohibitively,0
neural,psycholinguistic,0
neural,nitrogen-rich,0
neural,tubes,0
neural,self-healing,0
neural,trna,0
neural,string,0
neural,sgc,0
neural,topologically,0
neural,wavelengths,0
neural,photocatalyst,0
neural,trypanosoma,0
neural,plant,0
neural,s-triazine,0
neural,photoreduction,0
neural,xps,0
neural,skeletongait,0
neural,unconventional,0
neural,psf,0
neural,single-granular,0
neural,splitting,0
neural,photocatalytic,0
neural,reactions,0
expression,intuitively,0
expression,variously,0
expression,mikae,0
expression,lutea,0
expression,low-pass,0
expression,metal,0
expression,water-splitting,0
expression,nitride,0
expression,rarely,0
expression,pharmacology,0
expression,meiosis,0
expression,gap,0
expression,roofs,0
expression,hyperlinks,0
expression,systems,0
expression,standards,0
expression,pei-gcn,0
expression,gqa,0
expression,three-dimensional,0
expression,fast,0
expression,owing,0
expression,roads,0
expression,seoul,0
expression,prohibitively,0
expression,psycholinguistic,0
expression,heterojunction,0
expression,nitrogen-rich,0
expression,tubes,0
expression,graphitic,0
expression,granger,0
expression,mixed,0
expression,self-healing,0
expression,smoothing,0
expression,households,0
expression,viable,0
expression,trna,0
expression,sgc,0
expression,u-shaped,0
expression,separation,0
expression,topologically,0
expression,wavelengths,0
expression,n-acetyltransferase,0
expression,holes,0
expression,photocatalyst,0
expression,investigations,0
expression,trypanosoma,0
expression,sciences,0
expression,medica,0
expression,harmful,0
expression,rely,0
expression,heavily,0
expression,hemisphere,0
expression,gps,0
expression,obu,0
expression,material,0
expression,heparin,0
expression,typically,0
expression,imdb,0
expression,kitti,0
expression,s-triazine,0
expression,mscoco,0
expression,photoreduction,0
expression,smiles,0
expression,knn,0
expression,formed,0
expression,fourier,0
expression,initiative,0
expression,pca,0
expression,fixation,0
expression,ntu,0
expression,matthews,0
expression,secure,0
expression,nlp,0
expression,wiki,0
expression,nanosized,0
expression,surge,0
expression,kinetics,0
expression,vehicle,0
expression,subgraph,0
expression,ftir,0
expression,xps,0
expression,skeleton-based,0
expression,skeletongait,0
expression,metsulfuron,0
expression,gcaru,0
expression,sentiments,0
expression,kinetoplastid,0
expression,unconventional,0
expression,mcc,0
expression,optimization,0
expression,fenton,0
expression,generative,0
expression,unifying,0
expression,topic,0
expression,updated,0
expression,u-net,0
expression,psf,0
expression,presentation,0
expression,indonesia,0
expression,pooling,0
expression,intratesticular,0
expression,technique,0
expression,single-granular,0
expression,optical,0
expression,modalities,0
expression,user,0
expression,management,0
expression,ternary,0
expression,faces,0
expression,static,0
expression,surface,0
expression,traffic,0
expression,layouts,0
expression,remote,0
expression,splitting,0
expression,rgb,0
expression,photocatalytic,0
expression,reactions,0
expression,unit,0
expression,multi-scale,0
expression,focuses,0
expression,pollutants,0
expression,motion,0
expression,remarkable,0
user,variously,0
user,water-splitting,0
user,viable,0
user,wavelengths,0
user,videos,0
user,water,0
user,wiki,0
user,xps,0
user,variation,0
management,variously,0
management,mikae,0
management,metal,0
management,water-splitting,0
management,nitride,0
management,rarely,0
management,pharmacology,0
management,published,0
management,meiosis,0
management,roofs,0
management,standards,0
management,tcga,0
management,pei-gcn,0
management,membranes,0
management,pharmacological,0
management,recombination,0
management,thousands,0
management,seoul,0
management,time-consuming,0
management,prohibitively,0
management,psycholinguistic,0
management,nitrogen-rich,0
management,tubes,0
management,self-healing,0
management,smoothing,0
management,viable,0
management,trna,0
management,string,0
management,sgc,0
management,u-shaped,0
management,pressure,0
management,requirement,0
management,separation,0
management,topologically,0
management,wavelengths,0
management,markers,0
management,n-acetyltransferase,0
management,photocatalyst,0
management,trypanosoma,0
management,medica,0
management,plant,0
management,videos,0
management,rely,0
management,obu,0
management,s-triazine,0
management,mscoco,0
management,photoreduction,0
management,smiles,0
management,technologies,0
management,svm,0
management,patient,0
management,rnas,0
management,pca,0
management,molecules,0
management,molecule,0
management,ntu,0
management,matthews,0
management,secure,0
management,nlp,0
management,wiki,0
management,nanosized,0
management,surge,0
management,skeleton,0
management,subgraph,0
management,xps,0
management,skeleton-based,0
management,skeletongait,0
management,metsulfuron,0
management,meaningful,0
management,revealed,0
management,pubmed,0
management,sentiments,0
management,unconventional,0
management,mcc,0
management,unifying,0
management,updated,0
management,supervised,0
management,psf,0
management,presentation,0
management,pooling,0
management,single-granular,0
management,optical,0
management,modalities,0
management,tumor,0
management,ternary,0
management,surface,0
management,synthetic,0
management,visual,0
management,splitting,0
management,rgb,0
management,pairs,0
management,photocatalytic,0
management,variation,0
management,reactions,0
management,targets,0
management,neighbors,0
management,progress,0
management,video,0
management,sample,0
management,tree,0
management,motion,0
management,reported,0
management,remarkable,0
predict,variously,0
predict,water-splitting,0
predict,roofs,0
predict,recombination,0
predict,seoul,0
predict,prohibitively,0
predict,psycholinguistic,0
predict,tubes,0
predict,self-healing,0
predict,smoothing,0
predict,trna,0
predict,sgc,0
predict,u-shaped,0
predict,separation,0
predict,topologically,0
predict,wavelengths,0
predict,trypanosoma,0
predict,transformers,0
predict,s-triazine,0
predict,technologies,0
predict,secure,0
predict,wiki,0
predict,xps,0
predict,skeletongait,0
predict,unconventional,0
predict,unifying,0
predict,updated,0
predict,u-net,0
predict,psf,0
predict,presentation,0
predict,single-granular,0
predict,ternary,0
predict,synthetic,0
predict,splitting,0
predict,utilization,0
predict,remarkable,0
feature,variously,0
feature,interacts,0
feature,mikae,0
feature,lutea,0
feature,water-splitting,0
feature,pharmacology,0
feature,meiosis,0
feature,roofs,0
feature,hyperlinks,0
feature,pei-gcn,0
feature,gqa,0
feature,membranes,0
feature,hours,0
feature,seoul,0
feature,prohibitively,0
feature,psycholinguistic,0
feature,heterojunction,0
feature,nitrogen-rich,0
feature,tubes,0
feature,liquid,0
feature,graphitic,0
feature,granger,0
feature,self-healing,0
feature,households,0
feature,viable,0
feature,trna,0
feature,string,0
feature,pressure,0
feature,topologically,0
feature,wavelengths,0
feature,markers,0
feature,n-acetyltransferase,0
feature,holes,0
feature,photocatalyst,0
feature,trypanosoma,0
feature,sciences,0
feature,medica,0
feature,harmful,0
feature,obu,0
feature,heparin,0
feature,imdb,0
feature,s-triazine,0
feature,photoreduction,0
feature,fourier,0
feature,fixation,0
feature,wiki,0
feature,nanosized,0
feature,ftir,0
feature,xps,0
feature,skeletongait,0
feature,metsulfuron,0
feature,gcaru,0
feature,sentiments,0
feature,kinetoplastid,0
feature,unconventional,0
feature,fenton,0
feature,unifying,0
feature,indonesia,0
feature,intratesticular,0
feature,single-granular,0
feature,immune,0
feature,layouts,0
feature,splitting,0
feature,reactions,0
set,variously,0
set,water-splitting,0
set,standards,0
set,tubes,0
set,smoothing,0
set,trna,0
set,sgc,0
set,u-shaped,0
set,topologically,0
set,wavelengths,0
set,trypanosoma,0
set,transformer,0
set,wiki,0
set,surge,0
set,xps,0
set,skeleton-based,0
set,skeletongait,0
set,unconventional,0
set,unifying,0
set,updated,0
set,single-granular,0
set,ternary,0
set,surface,0
set,splitting,0
fully,variously,0
fully,interacts,0
fully,mikae,0
fully,lutea,0
fully,low-pass,0
fully,water-splitting,0
fully,nitride,0
fully,rarely,0
fully,pharmacology,0
fully,meiosis,0
fully,reduced,0
fully,roofs,0
fully,hyperlinks,0
fully,independently,0
fully,standards,0
fully,tcga,0
fully,pei-gcn,0
fully,gqa,0
fully,membranes,0
fully,three-dimensional,0
fully,recombination,0
fully,thousands,0
fully,owing,0
fully,seoul,0
fully,prohibitively,0
fully,psycholinguistic,0
fully,heterojunction,0
fully,nitrogen-rich,0
fully,tubes,0
fully,liquid,0
fully,graphitic,0
fully,granger,0
fully,self-healing,0
fully,households,0
fully,viable,0
fully,trna,0
fully,sgc,0
fully,u-shaped,0
fully,pressure,0
fully,separation,0
fully,topologically,0
fully,wavelengths,0
fully,markers,0
fully,n-acetyltransferase,0
fully,holes,0
fully,photocatalyst,0
fully,trypanosoma,0
fully,sciences,0
fully,medica,0
fully,plant,0
fully,harmful,0
fully,hemisphere,0
fully,gps,0
fully,obu,0
fully,heparin,0
fully,imdb,0
fully,kitti,0
fully,s-triazine,0
fully,mscoco,0
fully,photoreduction,0
fully,svm,0
fully,pca,0
fully,wiki,0
fully,nanosized,0
fully,surge,0
fully,xps,0
fully,skeletongait,0
fully,metsulfuron,0
fully,revealed,0
fully,gcaru,0
fully,probability,0
fully,pubmed,0
fully,sentiments,0
fully,kinetoplastid,0
fully,unconventional,0
fully,updated,0
fully,u-net,0
fully,psf,0
fully,indonesia,0
fully,intratesticular,0
fully,single-granular,0
fully,ternary,0
fully,photocatalytic,0
fully,reactions,0
fully,light,0
fully,pollutants,0
complex,intuitively,0
complex,variously,0
complex,mikae,0
complex,eastern,0
complex,lutea,0
complex,low-pass,0
complex,water-splitting,0
complex,rarely,0
complex,pharmacology,0
complex,roofs,0
complex,hyperlinks,0
complex,continuation,0
complex,standards,0
complex,pei-gcn,0
complex,gqa,0
complex,membranes,0
complex,hours,0
complex,determination,0
complex,seoul,0
complex,prohibitively,0
complex,psycholinguistic,0
complex,nitrogen-rich,0
complex,tubes,0
complex,liquid,0
complex,self-healing,0
complex,dual-stimulus,0
complex,cutting-thin,0
complex,string,0
complex,sgc,0
complex,couplings,0
complex,pressure,0
complex,f-score,0
complex,topologically,0
complex,wavelengths,0
complex,investigations,0
complex,sciences,0
complex,medica,0
complex,harmful,0
complex,heavily,0
complex,hemisphere,0
complex,heparin,0
complex,imdb,0
complex,kitti,0
complex,s-triazine,0
complex,mscoco,0
complex,knn,0
complex,fixation,0
complex,secure,0
complex,wiki,0
complex,nanosized,0
complex,euler,0
complex,skeletongait,0
complex,metsulfuron,0
complex,mcc,0
complex,dmax,0
complex,unifying,0
complex,updated,0
complex,psf,0
complex,indonesia,0
complex,intratesticular,0
complex,single-granular,0
complex,splitting,0
complex,include,0
complex,correction,0
tumor,variously,0
tumor,water-splitting,0
tumor,utilized,0
tumor,viable,0
tumor,u-shaped,0
tumor,wavelengths,0
tumor,videos,0
tumor,typically,0
tumor,unsupervised,0
tumor,words,0
tumor,water,0
tumor,wiki,0
tumor,vehicle,0
tumor,xps,0
tumor,unconventional,0
tumor,unifying,0
tumor,updated,0
tumor,u-net,0
tumor,works,0
tumor,user,0
tumor,variation,0
tumor,utilization,0
tumor,video,0
target,variously,0
target,water-splitting,0
target,three-dimensional,0
target,tubes,0
target,u-shaped,0
target,topologically,0
target,wavelengths,0
target,trypanosoma,0
target,technologies,0
target,water,0
target,wiki,0
target,xps,0
target,unconventional,0
target,unifying,0
target,updated,0
target,u-net,0
target,ternary,0
target,variation,0
studies,variously,0
studies,water-splitting,0
studies,three-dimensional,0
studies,tubes,0
studies,trna,0
studies,u-shaped,0
studies,topologically,0
studies,wavelengths,0
studies,trypanosoma,0
studies,theory,0
studies,wiki,0
studies,surge,0
studies,subgraph,0
studies,unconventional,0
studies,unifying,0
studies,updated,0
studies,u-net,0
studies,targets,0
dense,drug-drug,0
dense,intuitively,0
dense,variously,0
dense,wide,0
dense,dual,0
dense,interacts,0
dense,mikae,0
dense,eastern,0
dense,lutea,0
dense,low-pass,0
dense,water-splitting,0
dense,literature,0
dense,rarely,0
dense,pharmacology,0
dense,published,0
dense,generally,0
dense,meiosis,0
dense,increasing,0
dense,gap,0
dense,roofs,0
dense,hyperlinks,0
dense,independently,0
dense,differently,0
dense,standards,0
dense,extracting,0
dense,rna,0
dense,tcga,0
dense,pei-gcn,0
dense,gqa,0
dense,proposes,0
dense,membranes,0
dense,pharmacological,0
dense,fast,0
dense,recombination,0
dense,thousands,0
dense,hours,0
dense,roads,0
dense,determination,0
dense,seoul,0
dense,prohibitively,0
dense,psycholinguistic,0
dense,heterojunction,0
dense,nitrogen-rich,0
dense,tubes,0
dense,liquid,0
dense,granger,0
dense,established,0
dense,mixed,0
dense,excellent,0
dense,self-healing,0
dense,dual-stimulus,0
dense,smoothing,0
dense,households,0
dense,viable,0
dense,trna,0
dense,string,0
dense,descriptor,0
dense,explore,0
dense,sgc,0
dense,u-shaped,0
dense,pressure,0
dense,f-score,0
dense,requirement,0
dense,separation,0
dense,topologically,0
dense,wavelengths,0
dense,markers,0
dense,n-acetyltransferase,0
dense,holes,0
dense,resulting,0
dense,photocatalyst,0
dense,investigations,0
dense,trypanosoma,0
dense,sciences,0
dense,medica,0
dense,plant,0
dense,transformers,0
dense,harmful,0
dense,videos,0
dense,rely,0
dense,hemisphere,0
dense,gps,0
dense,obu,0
dense,heparin,0
dense,relations,0
dense,firstly,0
dense,imdb,0
dense,kitti,0
dense,s-triazine,0
dense,mscoco,0
dense,photoreduction,0
dense,ethereum,0
dense,lstm,0
dense,smiles,0
dense,technologies,0
dense,svm,0
dense,knn,0
dense,formed,0
dense,escherichia,0
dense,euclidean,0
dense,patients,0
dense,patient,0
dense,rnas,0
dense,fourier,0
dense,initiative,0
dense,pca,0
dense,fixation,0
dense,molecules,0
dense,molecule,0
dense,ntu,0
dense,matthews,0
dense,secure,0
dense,nlp,0
dense,words,0
dense,transformer,0
dense,water,0
dense,wiki,0
dense,nanosized,0
dense,surge,0
dense,kinetics,0
dense,dft,0
dense,vehicle,0
dense,guided,0
dense,subgraph,0
dense,ftir,0
dense,euler,0
dense,skeletongait,0
dense,dependencies,0
dense,metsulfuron,0
dense,meaningful,0
dense,revealed,0
dense,gcaru,0
dense,methodology,0
dense,pubmed,0
dense,sentiments,0
dense,kinetoplastid,0
dense,unconventional,0
dense,mcc,0
dense,fenton,0
dense,generative,0
dense,dmax,0
dense,unifying,0
dense,laplacian,0
dense,showed,0
dense,psf,0
dense,optimal,0
dense,presentation,0
dense,indonesia,0
dense,intratesticular,0
dense,technique,0
dense,factors,0
dense,evolution,0
dense,single-granular,0
dense,desirable,0
dense,expression,0
dense,predict,0
dense,tumor,0
dense,target,0
dense,ternary,0
dense,sparsity,0
dense,faces,0
dense,static,0
dense,identification,0
dense,energy,0
dense,traffic,0
dense,layouts,0
dense,splitting,0
dense,rgb,0
dense,pairs,0
dense,include,0
dense,learns,0
dense,photocatalytic,0
dense,reactions,0
dense,memory,0
dense,gated,0
dense,light,0
dense,targets,0
dense,utilization,0
dense,structures,0
dense,focuses,0
dense,stability,0
dense,pollutants,0
dense,diffusion,0
dense,tree,0
dense,motion,0
dense,reported,0
dense,remarkable,0
recognition,variously,0
recognition,water-splitting,0
recognition,roofs,0
recognition,standards,0
recognition,rna,0
recognition,tcga,0
recognition,roads,0
recognition,seoul,0
recognition,tubes,0
recognition,self-healing,0
recognition,viable,0
recognition,trna,0
recognition,string,0
recognition,sgc,0
recognition,u-shaped,0
recognition,topologically,0
recognition,wavelengths,0
recognition,trypanosoma,0
recognition,sciences,0
recognition,s-triazine,0
recognition,smiles,0
recognition,svm,0
recognition,secure,0
recognition,water,0
recognition,wiki,0
recognition,xps,0
recognition,sentiments,0
recognition,unconventional,0
recognition,unifying,0
recognition,u-net,0
recognition,single-granular,0
recognition,tumor,0
recognition,sparsity,0
recognition,stability,0
recognition,reported,0
identify,intuitively,0
identify,variously,0
identify,wide,0
identify,interacts,0
identify,mikae,0
identify,lutea,0
identify,low-pass,0
identify,water-splitting,0
identify,rarely,0
identify,pharmacology,0
identify,meiosis,0
identify,roofs,0
identify,standards,0
identify,pei-gcn,0
identify,three-dimensional,0
identify,recombination,0
identify,thousands,0
identify,roads,0
identify,seoul,0
identify,prohibitively,0
identify,psycholinguistic,0
identify,nitrogen-rich,0
identify,tubes,0
identify,liquid,0
identify,self-healing,0
identify,smoothing,0
identify,viable,0
identify,trna,0
identify,sgc,0
identify,u-shaped,0
identify,pressure,0
identify,topologically,0
identify,wavelengths,0
identify,markers,0
identify,n-acetyltransferase,0
identify,photocatalyst,0
identify,trypanosoma,0
identify,sciences,0
identify,medica,0
identify,obu,0
identify,imdb,0
identify,kitti,0
identify,s-triazine,0
identify,mscoco,0
identify,photoreduction,0
identify,knn,0
identify,ntu,0
identify,matthews,0
identify,secure,0
identify,wiki,0
identify,nanosized,0
identify,surge,0
identify,vehicle,0
identify,xps,0
identify,metsulfuron,0
identify,pubmed,0
identify,kinetoplastid,0
identify,unconventional,0
identify,mcc,0
identify,unifying,0
identify,updated,0
identify,u-net,0
identify,psf,0
identify,presentation,0
identify,indonesia,0
identify,intratesticular,0
identify,single-granular,0
identify,optical,0
identify,ternary,0
identify,sparsity,0
identify,static,0
identify,layouts,0
identify,splitting,0
identify,photocatalytic,0
identify,success,0
identify,reactions,0
identify,unit,0
identify,light,0
identify,pollutants,0
convolution,intuitively,0
convolution,inferred,0
convolution,variously,0
convolution,interacts,0
convolution,mikae,0
convolution,eastern,0
convolution,lutea,0
convolution,low-pass,0
convolution,metal,0
convolution,water-splitting,0
convolution,nitride,0
convolution,pharmacology,0
convolution,curated,0
convolution,meiosis,0
convolution,roofs,0
convolution,hyperlinks,0
convolution,differently,0
convolution,standards,0
convolution,pei-gcn,0
convolution,membranes,0
convolution,pharmacological,0
convolution,recombination,0
convolution,dempster-shafer,0
convolution,thousands,0
convolution,determination,0
convolution,seoul,0
convolution,prohibitively,0
convolution,heterojunction,0
convolution,nitrogen-rich,0
convolution,tubes,0
convolution,liquid,0
convolution,graphitic,0
convolution,granger,0
convolution,self-healing,0
convolution,dual-stimulus,0
convolution,households,0
convolution,viable,0
convolution,trna,0
convolution,cutting-thin,0
convolution,string,0
convolution,couplings,0
convolution,topologically,0
convolution,wavelengths,0
convolution,markers,0
convolution,n-acetyltransferase,0
convolution,holes,0
convolution,photocatalyst,0
convolution,trypanosoma,0
convolution,medica,0
convolution,plant,0
convolution,harmful,0
convolution,hemisphere,0
convolution,obu,0
convolution,material,0
convolution,heparin,0
convolution,imdb,0
convolution,s-triazine,0
convolution,mscoco,0
convolution,photoreduction,0
convolution,svm,0
convolution,escherichia,0
convolution,rnas,0
convolution,fourier,0
convolution,fixation,0
convolution,water,0
convolution,wiki,0
convolution,nanosized,0
convolution,dft,0
convolution,ftir,0
convolution,xps,0
convolution,euler,0
convolution,skeletongait,0
convolution,metsulfuron,0
convolution,pubmed,0
convolution,sentiments,0
convolution,electron,0
convolution,kinetoplastid,0
convolution,unconventional,0
convolution,fenton,0
convolution,dmax,0
convolution,unifying,0
convolution,updated,0
convolution,psf,0
convolution,presentation,0
convolution,indonesia,0
convolution,intratesticular,0
convolution,single-granular,0
convolution,tumor,0
convolution,photocatalytic,0
convolution,reactions,0
convolution,correction,0
challenges,drug-drug,0
challenges,intuitively,0
challenges,inferred,0
challenges,variously,0
challenges,interacts,0
challenges,mikae,0
challenges,eastern,0
challenges,colomatta,0
challenges,lutea,0
challenges,low-pass,0
challenges,cocatalyst-free,0
challenges,water-splitting,0
challenges,concentrated,0
challenges,pharmacology,0
challenges,meiosis,0
challenges,roofs,0
challenges,hyperlinks,0
challenges,independently,0
challenges,differently,0
challenges,continuation,0
challenges,pei-gcn,0
challenges,gqa,0
challenges,membranes,0
challenges,pharmacological,0
challenges,recombination,0
challenges,dempster-shafer,0
challenges,thousands,0
challenges,hours,0
challenges,roads,0
challenges,seoul,0
challenges,prohibitively,0
challenges,psycholinguistic,0
challenges,heterojunction,0
challenges,nitrogen-rich,0
challenges,tubes,0
challenges,chemical,0
challenges,liquid,0
challenges,granger,0
challenges,self-healing,0
challenges,dual-stimulus,0
challenges,smoothing,0
challenges,households,0
challenges,viable,0
challenges,trna,0
challenges,cutting-thin,0
challenges,string,0
challenges,sgc,0
challenges,couplings,0
challenges,pressure,0
challenges,f-score,0
challenges,separation,0
challenges,topologically,0
challenges,wavelengths,0
challenges,markers,0
challenges,n-acetyltransferase,0
challenges,holes,0
challenges,photocatalyst,0
challenges,trypanosoma,0
challenges,sciences,0
challenges,medica,0
challenges,plant,0
challenges,harmful,0
challenges,decisions,0
challenges,hemisphere,0
challenges,gps,0
challenges,obu,0
challenges,material,0
challenges,heparin,0
challenges,imdb,0
challenges,kitti,0
challenges,s-triazine,0
challenges,photoreduction,0
challenges,softmax,0
challenges,chloroform,0
challenges,formed,0
challenges,escherichia,0
challenges,fourier,0
challenges,initiative,0
challenges,pca,0
challenges,decades,0
challenges,fixation,0
challenges,molecules,0
challenges,molecule,0
challenges,matthews,0
challenges,secure,0
challenges,nanosized,0
challenges,kinetics,0
challenges,dft,0
challenges,guided,0
challenges,ftir,0
challenges,xps,0
challenges,euler,0
challenges,skeletongait,0
challenges,metsulfuron,0
challenges,gcaru,0
challenges,electron,0
challenges,kinetoplastid,0
challenges,unconventional,0
challenges,mcc,0
challenges,fenton,0
challenges,dmax,0
challenges,unifying,0
challenges,laplacian,0
challenges,updated,0
challenges,supervised,0
challenges,psf,0
challenges,indonesia,0
challenges,pooling,0
challenges,intratesticular,0
challenges,single-granular,0
challenges,desirable,0
challenges,ternary,0
challenges,remote,0
challenges,splitting,0
challenges,pairs,0
challenges,photocatalytic,0
challenges,correction,0
challenges,pollutants,0
multiple,variously,0
multiple,water-splitting,0
multiple,pharmacology,0
multiple,roofs,0
multiple,rna,0
multiple,pei-gcn,0
multiple,recombination,0
multiple,thousands,0
multiple,seoul,0
multiple,prohibitively,0
multiple,nitrogen-rich,0
multiple,tubes,0
multiple,self-healing,0
multiple,viable,0
multiple,trna,0
multiple,sgc,0
multiple,topologically,0
multiple,wavelengths,0
multiple,n-acetyltransferase,0
multiple,trypanosoma,0
multiple,sciences,0
multiple,plant,0
multiple,obu,0
multiple,s-triazine,0
multiple,photoreduction,0
multiple,rnas,0
multiple,secure,0
multiple,wiki,0
multiple,nanosized,0
multiple,pubmed,0
multiple,unconventional,0
multiple,unifying,0
multiple,psf,0
multiple,presentation,0
multiple,single-granular,0
multiple,tumor,0
multiple,splitting,0
multiple,variation,0
multiple,reactions,0
ternary,variously,0
ternary,water-splitting,0
ternary,three-dimensional,0
ternary,thousands,0
ternary,utilized,0
ternary,time-consuming,0
ternary,tubes,0
ternary,viable,0
ternary,trna,0
ternary,u-shaped,0
ternary,topologically,0
ternary,wavelengths,0
ternary,trypanosoma,0
ternary,transformers,0
ternary,videos,0
ternary,years,0
ternary,theory,0
ternary,typically,0
ternary,understanding,0
ternary,unsupervised,0
ternary,words,0
ternary,transformer,0
ternary,wiki,0
ternary,vehicle,0
ternary,unconventional,0
ternary,unifying,0
ternary,topic,0
ternary,updated,0
ternary,training,0
ternary,u-net,0
ternary,works,0
ternary,user,0
ternary,tumor,0
ternary,trend,0
ternary,validate,0
ternary,traffic,0
ternary,visual,0
ternary,variation,0
ternary,unit,0
ternary,video,0
ternary,traditional,0
ternary,tree,0
ternary,types,0
trend,variously,0
trend,wide,0
trend,water-splitting,0
trend,tubes,0
trend,work,0
trend,viable,0
trend,trna,0
trend,u-shaped,0
trend,wavelengths,0
trend,trypanosoma,0
trend,typically,0
trend,understanding,0
trend,unsupervised,0
trend,words,0
trend,wiki,0
trend,xps,0
trend,unconventional,0
trend,unifying,0
trend,updated,0
trend,u-net,0
trend,user,0
trend,tumor,0
trend,validate,0
sparsity,variously,0
sparsity,wide,0
sparsity,water-splitting,0
sparsity,tcga,0
sparsity,three-dimensional,0
sparsity,thousands,0
sparsity,tubes,0
sparsity,viable,0
sparsity,trna,0
sparsity,string,0
sparsity,topologically,0
sparsity,wavelengths,0
sparsity,trypanosoma,0
sparsity,videos,0
sparsity,years,0
sparsity,theory,0
sparsity,understanding,0
sparsity,technologies,0
sparsity,svm,0
sparsity,unsupervised,0
sparsity,transformer,0
sparsity,water,0
sparsity,wiki,0
sparsity,surge,0
sparsity,vehicle,0
sparsity,subgraph,0
sparsity,xps,0
sparsity,unconventional,0
sparsity,unifying,0
sparsity,ternary,0
sparsity,trend,0
sparsity,surface,0
sparsity,spatial-temporal,0
sparsity,step,0
sparsity,synthetic,0
sparsity,visual,0
sparsity,splitting,0
sparsity,unit,0
sparsity,utilization,0
sparsity,video,0
sparsity,stability,0
faces,intuitively,0
faces,inferred,0
faces,variously,0
faces,wide,0
faces,interacts,0
faces,mikae,0
faces,lutea,0
faces,low-pass,0
faces,metal,0
faces,water-splitting,0
faces,nitride,0
faces,literature,0
faces,rarely,0
faces,pharmacology,0
faces,generally,0
faces,meiosis,0
faces,increasing,0
faces,reduced,0
faces,gap,0
faces,roofs,0
faces,hyperlinks,0
faces,independently,0
faces,obtained,0
faces,standards,0
faces,rna,0
faces,tcga,0
faces,pei-gcn,0
faces,gqa,0
faces,membranes,0
faces,pharmacological,0
faces,recombination,0
faces,thousands,0
faces,hours,0
faces,owing,0
faces,roads,0
faces,seoul,0
faces,proteins,0
faces,time-consuming,0
faces,prohibitively,0
faces,psycholinguistic,0
faces,heterojunction,0
faces,nitrogen-rich,0
faces,tubes,0
faces,liquid,0
faces,graphitic,0
faces,granger,0
faces,mixed,0
faces,self-healing,0
faces,smoothing,0
faces,perform,0
faces,households,0
faces,viable,0
faces,trna,0
faces,outperform,0
faces,string,0
faces,sgc,0
faces,u-shaped,0
faces,pressure,0
faces,requirement,0
faces,numerous,0
faces,separation,0
faces,topologically,0
faces,wavelengths,0
faces,sets,0
faces,markers,0
faces,n-acetyltransferase,0
faces,holes,0
faces,resulting,0
faces,photocatalyst,0
faces,investigations,0
faces,trypanosoma,0
faces,sciences,0
faces,medica,0
faces,plant,0
faces,transformers,0
faces,harmful,0
faces,language,0
faces,theory,0
faces,heavily,0
faces,hemisphere,0
faces,gps,0
faces,obu,0
faces,material,0
faces,heparin,0
faces,typically,0
faces,understanding,0
faces,imdb,0
faces,kitti,0
faces,s-triazine,0
faces,mscoco,0
faces,heterogeneous,0
faces,sites,0
faces,points,0
faces,photoreduction,0
faces,lstm,0
faces,smiles,0
faces,technologies,0
faces,svm,0
faces,knn,0
faces,softmax,0
faces,formed,0
faces,patients,0
faces,patient,0
faces,rnas,0
faces,fourier,0
faces,initiative,0
faces,pca,0
faces,recently,0
faces,fixation,0
faces,molecules,0
faces,molecule,0
faces,ntu,0
faces,matthews,0
faces,secure,0
faces,nlp,0
faces,water,0
faces,wiki,0
faces,nanosized,0
faces,surge,0
faces,kinetics,0
faces,skeleton,0
faces,vehicle,0
faces,guided,0
faces,layer,0
faces,subgraph,0
faces,ftir,0
faces,xps,0
faces,skeleton-based,0
faces,skeletongait,0
faces,graph-based,0
faces,informative,0
faces,metsulfuron,0
faces,meaningful,0
faces,revealed,0
faces,gcaru,0
faces,probability,0
faces,pubmed,0
faces,sentiments,0
faces,kinetoplastid,0
faces,unconventional,0
faces,mcc,0
faces,fenton,0
faces,generative,0
faces,unifying,0
faces,laplacian,0
faces,updated,0
faces,global,0
faces,u-net,0
faces,supervised,0
faces,generate,0
faces,psf,0
faces,optimal,0
faces,presentation,0
faces,indonesia,0
faces,pooling,0
faces,intratesticular,0
faces,human,0
faces,factors,0
faces,propagation,0
faces,single-granular,0
faces,optical,0
faces,predict,0
faces,ternary,0
faces,trend,0
faces,static,0
faces,gene,0
faces,surface,0
faces,immune,0
faces,gat,0
faces,interaction,0
faces,layers,0
faces,step,0
faces,machine,0
faces,traffic,0
faces,synthetic,0
faces,real,0
faces,layouts,0
faces,remote,0
faces,splitting,0
faces,rgb,0
faces,previous,0
faces,include,0
faces,learns,0
faces,photocatalytic,0
faces,variation,0
faces,identifying,0
faces,reactions,0
faces,gated,0
faces,light,0
faces,functions,0
faces,targets,0
faces,multi-scale,0
faces,structures,0
faces,neighbors,0
faces,part,0
faces,progress,0
faces,sample,0
faces,pollutants,0
faces,tree,0
faces,motion,0
faces,protein,0
faces,point,0
recent,variously,0
recent,water-splitting,0
recent,roofs,0
recent,standards,0
recent,three-dimensional,0
recent,recombination,0
recent,roads,0
recent,seoul,0
recent,tubes,0
recent,self-healing,0
recent,trna,0
recent,string,0
recent,sgc,0
recent,u-shaped,0
recent,separation,0
recent,topologically,0
recent,wavelengths,0
recent,trypanosoma,0
recent,sciences,0
recent,s-triazine,0
recent,sites,0
recent,smiles,0
recent,rnas,0
recent,wiki,0
recent,subgraph,0
recent,skeletongait,0
recent,unconventional,0
recent,u-net,0
recent,single-granular,0
recent,ternary,0
recent,splitting,0
static,variously,0
static,wide,0
static,water-splitting,0
static,tcga,0
static,three-dimensional,0
static,tubes,0
static,viable,0
static,trna,0
static,string,0
static,u-shaped,0
static,topologically,0
static,wavelengths,0
static,trypanosoma,0
static,theory,0
static,technologies,0
static,unsupervised,0
static,water,0
static,wiki,0
static,vehicle,0
static,xps,0
static,unconventional,0
static,unifying,0
static,topic,0
static,u-net,0
static,tumor,0
static,target,0
static,ternary,0
static,surface,0
static,synthetic,0
static,success,0
static,variation,0
static,targets,0
static,video,0
static,tree,0
static,types,0
gene,intuitively,0
gene,variously,0
gene,mikae,0
gene,lutea,0
gene,low-pass,0
gene,metal,0
gene,water-splitting,0
gene,nitride,0
gene,rarely,0
gene,pharmacology,0
gene,meiosis,0
gene,roofs,0
gene,hyperlinks,0
gene,systems,0
gene,standards,0
gene,pei-gcn,0
gene,gqa,0
gene,pharmacological,0
gene,three-dimensional,0
gene,recombination,0
gene,real-world,0
gene,owing,0
gene,roads,0
gene,seoul,0
gene,prohibitively,0
gene,psycholinguistic,0
gene,heterojunction,0
gene,nitrogen-rich,0
gene,tubes,0
gene,graphitic,0
gene,granger,0
gene,mixed,0
gene,self-healing,0
gene,smoothing,0
gene,perform,0
gene,households,0
gene,viable,0
gene,trna,0
gene,string,0
gene,sgc,0
gene,u-shaped,0
gene,requirement,0
gene,separation,0
gene,topologically,0
gene,wavelengths,0
gene,n-acetyltransferase,0
gene,holes,0
gene,photocatalyst,0
gene,investigations,0
gene,sciences,0
gene,medica,0
gene,transformers,0
gene,harmful,0
gene,videos,0
gene,rely,0
gene,heavily,0
gene,hemisphere,0
gene,gps,0
gene,obu,0
gene,heparin,0
gene,relation,0
gene,typically,0
gene,imdb,0
gene,kitti,0
gene,s-triazine,0
gene,mscoco,0
gene,photoreduction,0
gene,lstm,0
gene,smiles,0
gene,knn,0
gene,ntu,0
gene,matthews,0
gene,secure,0
gene,words,0
gene,transformer,0
gene,wiki,0
gene,nanosized,0
gene,surge,0
gene,kinetics,0
gene,vehicle,0
gene,guided,0
gene,subgraph,0
gene,xps,0
gene,pose,0
gene,skeleton-based,0
gene,skeletongait,0
gene,metsulfuron,0
gene,pubmed,0
gene,sentiments,0
gene,kinetoplastid,0
gene,unconventional,0
gene,mcc,0
gene,generative,0
gene,unifying,0
gene,laplacian,0
gene,topic,0
gene,u-net,0
gene,supervised,0
gene,psf,0
gene,presentation,0
gene,indonesia,0
gene,pooling,0
gene,intratesticular,0
gene,technique,0
gene,single-granular,0
gene,optical,0
gene,modalities,0
gene,user,0
gene,recognition,0
gene,ternary,0
gene,static,0
gene,temporal,0
gene,spatial-temporal,0
gene,layers,0
gene,traffic,0
gene,visual,0
gene,layouts,0
gene,remote,0
gene,splitting,0
gene,rgb,0
gene,photocatalytic,0
gene,variation,0
gene,reactions,0
gene,memory,0
gene,unit,0
gene,multi-scale,0
gene,video,0
gene,pollutants,0
gene,motion,0
gene,remarkable,0
surface,variously,0
surface,water-splitting,0
surface,tcga,0
surface,thousands,0
surface,tasks,0
surface,time-consuming,0
surface,tubes,0
surface,trna,0
surface,u-shaped,0
surface,topologically,0
surface,wavelengths,0
surface,trypanosoma,0
surface,transformers,0
surface,typically,0
surface,unsupervised,0
surface,words,0
surface,transformer,0
surface,wiki,0
surface,surge,0
surface,vehicle,0
surface,unconventional,0
surface,unifying,0
surface,updated,0
surface,u-net,0
surface,works,0
surface,user,0
surface,trend,0
surface,traffic,0
surface,visual,0
surface,video,0
surface,tree,0
significant,variously,0
significant,water-splitting,0
significant,tubes,0
significant,smoothing,0
significant,viable,0
significant,trna,0
significant,string,0
significant,topologically,0
significant,wavelengths,0
significant,trypanosoma,0
significant,smiles,0
significant,wiki,0
significant,skeletongait,0
significant,unconventional,0
significant,u-net,0
significant,single-granular,0
immune,intuitively,0
immune,inferred,0
immune,variously,0
immune,wide,0
immune,specifically,0
immune,mikae,0
immune,lutea,0
immune,input,0
immune,low-pass,0
immune,metal,0
immune,water-splitting,0
immune,nitride,0
immune,literature,0
immune,pharmacology,0
immune,meiosis,0
immune,increasing,0
immune,reduced,0
immune,roofs,0
immune,independently,0
immune,systems,0
immune,standards,0
immune,noise,0
immune,rna,0
immune,pei-gcn,0
immune,membranes,0
immune,result,0
immune,pharmacological,0
immune,three-dimensional,0
immune,problem,0
immune,node,0
immune,limited,0
immune,recombination,0
immune,real-world,0
immune,thousands,0
immune,owing,0
immune,roads,0
immune,tasks,0
immune,seoul,0
immune,time-consuming,0
immune,prohibitively,0
immune,psycholinguistic,0
immune,nitrogen-rich,0
immune,tubes,0
immune,liquid,0
immune,nodes,0
immune,mixed,0
immune,self-healing,0
immune,similar,0
immune,smoothing,0
immune,strategy,0
immune,presents,0
immune,viable,0
immune,trna,0
immune,outperform,0
immune,string,0
immune,sgc,0
immune,u-shaped,0
immune,samples,0
immune,pressure,0
immune,requirement,0
immune,separation,0
immune,topologically,0
immune,wavelengths,0
immune,sets,0
immune,n-acetyltransferase,0
immune,resulting,0
immune,photocatalyst,0
immune,investigations,0
immune,trypanosoma,0
immune,sciences,0
immune,medica,0
immune,plant,0
immune,transformers,0
immune,videos,0
immune,years,0
immune,language,0
immune,theory,0
immune,rely,0
immune,obu,0
immune,relation,0
immune,relations,0
immune,typically,0
immune,kitti,0
immune,s-triazine,0
immune,mscoco,0
immune,points,0
immune,improve,0
immune,photoreduction,0
immune,lstm,0
immune,smiles,0
immune,svm,0
immune,knn,0
immune,softmax,0
immune,rnas,0
immune,initiative,0
immune,pca,0
immune,recently,0
immune,molecules,0
immune,molecule,0
immune,ntu,0
immune,unsupervised,0
immune,matthews,0
immune,secure,0
immune,nlp,0
immune,words,0
immune,transformer,0
immune,water,0
immune,wiki,0
immune,nanosized,0
immune,surge,0
immune,kinetics,0
immune,skeleton,0
immune,vehicle,0
immune,subgraph,0
immune,xps,0
immune,pose,0
immune,skeleton-based,0
immune,skeletongait,0
immune,informative,0
immune,metsulfuron,0
immune,meaningful,0
immune,probability,0
immune,pubmed,0
immune,sentiments,0
immune,kinetoplastid,0
immune,unconventional,0
immune,mcc,0
immune,optimization,0
immune,relationships,0
immune,representation,0
immune,unifying,0
immune,laplacian,0
immune,topic,0
immune,updated,0
immune,training,0
immune,u-net,0
immune,supervised,0
immune,works,0
immune,psf,0
immune,optimal,0
immune,indonesia,0
immune,pooling,0
immune,intratesticular,0
immune,technique,0
immune,propagation,0
immune,learn,0
immune,neighbor,0
immune,single-granular,0
immune,optical,0
immune,modalities,0
immune,representations,0
immune,introduce,0
immune,user,0
immune,management,0
immune,ternary,0
immune,trend,0
immune,sparsity,0
immune,recent,0
immune,static,0
immune,knowledge,0
immune,temporal,0
immune,predicting,0
immune,spatial-temporal,0
immune,layers,0
immune,task,0
immune,traffic,0
immune,synthetic,0
immune,real,0
immune,visual,0
immune,layouts,0
immune,remote,0
immune,splitting,0
immune,parameters,0
immune,rgb,0
immune,improved,0
immune,processing,0
immune,pairs,0
immune,include,0
immune,learns,0
immune,photocatalytic,0
immune,success,0
immune,variation,0
immune,reactions,0
immune,memory,0
immune,unit,0
immune,light,0
immune,targets,0
immune,multi-scale,0
immune,utilization,0
immune,structures,0
immune,part,0
immune,progress,0
immune,video,0
immune,sample,0
immune,pollutants,0
immune,tree,0
immune,motion,0
knowledge,variously,0
knowledge,mikae,0
knowledge,lutea,0
knowledge,low-pass,0
knowledge,water-splitting,0
knowledge,meiosis,0
knowledge,roofs,0
knowledge,standards,0
knowledge,pei-gcn,0
knowledge,membranes,0
knowledge,three-dimensional,0
knowledge,roads,0
knowledge,seoul,0
knowledge,prohibitively,0
knowledge,psycholinguistic,0
knowledge,nitrogen-rich,0
knowledge,tubes,0
knowledge,self-healing,0
knowledge,viable,0
knowledge,trna,0
knowledge,u-shaped,0
knowledge,requirement,0
knowledge,topologically,0
knowledge,wavelengths,0
knowledge,markers,0
knowledge,n-acetyltransferase,0
knowledge,trypanosoma,0
knowledge,sciences,0
knowledge,medica,0
knowledge,plant,0
knowledge,obu,0
knowledge,s-triazine,0
knowledge,photoreduction,0
knowledge,svm,0
knowledge,softmax,0
knowledge,molecule,0
knowledge,ntu,0
knowledge,matthews,0
knowledge,nanosized,0
knowledge,surge,0
knowledge,xps,0
knowledge,skeletongait,0
knowledge,metsulfuron,0
knowledge,unconventional,0
knowledge,mcc,0
knowledge,psf,0
knowledge,presentation,0
knowledge,single-granular,0
knowledge,ternary,0
knowledge,layouts,0
knowledge,splitting,0
knowledge,reactions,0
temporal,variously,0
temporal,water-splitting,0
temporal,thousands,0
temporal,tubes,0
temporal,trna,0
temporal,topologically,0
temporal,wavelengths,0
temporal,trypanosoma,0
temporal,wiki,0
temporal,xps,0
temporal,unconventional,0
temporal,unifying,0
temporal,tumor,0
identification,inferred,0
identification,variously,0
identification,mikae,0
identification,lutea,0
identification,low-pass,0
identification,water-splitting,0
identification,nitride,0
identification,pharmacology,0
identification,reduced,0
identification,roofs,0
identification,standards,0
identification,tcga,0
identification,pei-gcn,0
identification,membranes,0
identification,recombination,0
identification,thousands,0
identification,roads,0
identification,seoul,0
identification,psycholinguistic,0
identification,nitrogen-rich,0
identification,tubes,0
identification,liquid,0
identification,mixed,0
identification,self-healing,0
identification,smoothing,0
identification,viable,0
identification,trna,0
identification,string,0
identification,sgc,0
identification,u-shaped,0
identification,pressure,0
identification,separation,0
identification,topologically,0
identification,wavelengths,0
identification,photocatalyst,0
identification,investigations,0
identification,sciences,0
identification,medica,0
identification,language,0
identification,theory,0
identification,rely,0
identification,obu,0
identification,relation,0
identification,imdb,0
identification,kitti,0
identification,s-triazine,0
identification,mscoco,0
identification,points,0
identification,photoreduction,0
identification,smiles,0
identification,knn,0
identification,patient,0
identification,initiative,0
identification,pca,0
identification,molecule,0
identification,ntu,0
identification,matthews,0
identification,secure,0
identification,nlp,0
identification,wiki,0
identification,nanosized,0
identification,surge,0
identification,kinetics,0
identification,skeleton,0
identification,subgraph,0
identification,xps,0
identification,pose,0
identification,skeleton-based,0
identification,skeletongait,0
identification,metsulfuron,0
identification,meaningful,0
identification,revealed,0
identification,methodology,0
identification,pubmed,0
identification,optimization,0
identification,unifying,0
identification,laplacian,0
identification,updated,0
identification,u-net,0
identification,works,0
identification,psf,0
identification,indonesia,0
identification,intratesticular,0
identification,single-granular,0
identification,optical,0
identification,user,0
identification,tumor,0
identification,ternary,0
identification,trend,0
identification,sparsity,0
identification,static,0
identification,surface,0
identification,immune,0
identification,spatial-temporal,0
identification,synthetic,0
identification,layouts,0
identification,remote,0
identification,splitting,0
identification,photocatalytic,0
identification,reactions,0
identification,multi-scale,0
identification,part,0
identification,pollutants,0
identification,remarkable,0
predicting,variously,0
predicting,water-splitting,0
predicting,reduced,0
predicting,roofs,0
predicting,three-dimensional,0
predicting,recombination,0
predicting,roads,0
predicting,seoul,0
predicting,prohibitively,0
predicting,psycholinguistic,0
predicting,tubes,0
predicting,self-healing,0
predicting,smoothing,0
predicting,trna,0
predicting,string,0
predicting,sgc,0
predicting,u-shaped,0
predicting,pressure,0
predicting,separation,0
predicting,topologically,0
predicting,wavelengths,0
predicting,trypanosoma,0
predicting,typically,0
predicting,s-triazine,0
predicting,secure,0
predicting,transformer,0
predicting,wiki,0
predicting,surge,0
predicting,subgraph,0
predicting,xps,0
predicting,skeleton-based,0
predicting,skeletongait,0
predicting,revealed,0
predicting,pubmed,0
predicting,unconventional,0
predicting,unifying,0
predicting,u-net,0
predicting,psf,0
predicting,presentation,0
predicting,single-granular,0
predicting,ternary,0
predicting,sparsity,0
predicting,surface,0
predicting,synthetic,0
predicting,remote,0
predicting,splitting,0
predicting,variation,0
predicting,reactions,0
predicting,tree,0
number,variously,0
number,water-splitting,0
number,pharmacology,0
number,roofs,0
number,standards,0
number,pei-gcn,0
number,three-dimensional,0
number,recombination,0
number,seoul,0
number,psycholinguistic,0
number,tubes,0
number,self-healing,0
number,viable,0
number,trna,0
number,string,0
number,sgc,0
number,u-shaped,0
number,topologically,0
number,wavelengths,0
number,transformers,0
number,videos,0
number,theory,0
number,obu,0
number,smiles,0
number,secure,0
number,wiki,0
number,surge,0
number,subgraph,0
number,skeletongait,0
number,probability,0
number,pubmed,0
number,sentiments,0
number,u-net,0
number,psf,0
number,single-granular,0
number,static,0
number,splitting,0
number,utilization,0
number,pollutants,0
validate,variously,0
validate,water-splitting,0
validate,viable,0
validate,wavelengths,0
validate,water,0
validate,wiki,0
validate,xps,0
validate,variation,0
gat,intuitively,0
gat,inferred,0
gat,variously,0
gat,interacts,0
gat,mikae,0
gat,lutea,0
gat,low-pass,0
gat,metal,0
gat,water-splitting,0
gat,nitride,0
gat,pharmacology,0
gat,meiosis,0
gat,roofs,0
gat,hyperlinks,0
gat,independently,0
gat,systems,0
gat,standards,0
gat,tcga,0
gat,pei-gcn,0
gat,gqa,0
gat,membranes,0
gat,pharmacological,0
gat,three-dimensional,0
gat,recombination,0
gat,thousands,0
gat,hours,0
gat,owing,0
gat,roads,0
gat,seoul,0
gat,prohibitively,0
gat,psycholinguistic,0
gat,heterojunction,0
gat,nitrogen-rich,0
gat,tubes,0
gat,liquid,0
gat,graphitic,0
gat,granger,0
gat,self-healing,0
gat,smoothing,0
gat,households,0
gat,trna,0
gat,string,0
gat,sgc,0
gat,u-shaped,0
gat,pressure,0
gat,requirement,0
gat,separation,0
gat,topologically,0
gat,wavelengths,0
gat,markers,0
gat,n-acetyltransferase,0
gat,holes,0
gat,photocatalyst,0
gat,investigations,0
gat,trypanosoma,0
gat,sciences,0
gat,medica,0
gat,plant,0
gat,transformers,0
gat,harmful,0
gat,videos,0
gat,theory,0
gat,hemisphere,0
gat,gps,0
gat,obu,0
gat,material,0
gat,heparin,0
gat,typically,0
gat,kitti,0
gat,s-triazine,0
gat,mscoco,0
gat,sites,0
gat,photoreduction,0
gat,technologies,0
gat,knn,0
gat,initiative,0
gat,pca,0
gat,ntu,0
gat,matthews,0
gat,secure,0
gat,nlp,0
gat,words,0
gat,transformer,0
gat,nanosized,0
gat,kinetics,0
gat,subgraph,0
gat,xps,0
gat,pose,0
gat,skeleton-based,0
gat,skeletongait,0
gat,informative,0
gat,metsulfuron,0
gat,revealed,0
gat,gcaru,0
gat,probability,0
gat,sentiments,0
gat,kinetoplastid,0
gat,unconventional,0
gat,mcc,0
gat,generative,0
gat,laplacian,0
gat,topic,0
gat,u-net,0
gat,psf,0
gat,presentation,0
gat,indonesia,0
gat,pooling,0
gat,intratesticular,0
gat,single-granular,0
gat,optical,0
gat,modalities,0
gat,ternary,0
gat,trend,0
gat,sparsity,0
gat,gene,0
gat,surface,0
gat,synthetic,0
gat,layouts,0
gat,splitting,0
gat,rgb,0
gat,learns,0
gat,photocatalytic,0
gat,variation,0
gat,reactions,0
gat,patterns,0
gat,light,0
gat,utilization,0
gat,progress,0
gat,video,0
gat,pollutants,0
gat,tree,0
gat,motion,0
gat,remarkable,0
spatial-temporal,variously,0
spatial-temporal,water-splitting,0
spatial-temporal,standards,0
spatial-temporal,tcga,0
spatial-temporal,thousands,0
spatial-temporal,time-consuming,0
spatial-temporal,tubes,0
spatial-temporal,viable,0
spatial-temporal,trna,0
spatial-temporal,string,0
spatial-temporal,u-shaped,0
spatial-temporal,topologically,0
spatial-temporal,wavelengths,0
spatial-temporal,trypanosoma,0
spatial-temporal,understanding,0
spatial-temporal,technologies,0
spatial-temporal,svm,0
spatial-temporal,words,0
spatial-temporal,wiki,0
spatial-temporal,subgraph,0
spatial-temporal,xps,0
spatial-temporal,unconventional,0
spatial-temporal,unifying,0
spatial-temporal,updated,0
spatial-temporal,u-net,0
spatial-temporal,tumor,0
spatial-temporal,ternary,0
spatial-temporal,surface,0
spatial-temporal,synthetic,0
spatial-temporal,splitting,0
spatial-temporal,success,0
spatial-temporal,variation,0
single,variously,0
single,water-splitting,0
single,standards,0
single,tcga,0
single,tubes,0
single,viable,0
single,trna,0
single,u-shaped,0
single,topologically,0
single,wavelengths,0
single,trypanosoma,0
single,transformers,0
single,theory,0
single,smiles,0
single,svm,0
single,softmax,0
single,wiki,0
single,subgraph,0
single,xps,0
single,skeletongait,0
single,unconventional,0
single,updated,0
single,u-net,0
single,single-granular,0
single,ternary,0
single,splitting,0
interaction,variously,0
interaction,mikae,0
interaction,lutea,0
interaction,low-pass,0
interaction,water-splitting,0
interaction,pharmacology,0
interaction,roofs,0
interaction,standards,0
interaction,pei-gcn,0
interaction,membranes,0
interaction,recombination,0
interaction,owing,0
interaction,roads,0
interaction,seoul,0
interaction,prohibitively,0
interaction,psycholinguistic,0
interaction,nitrogen-rich,0
interaction,tubes,0
interaction,liquid,0
interaction,self-healing,0
interaction,trna,0
interaction,string,0
interaction,sgc,0
interaction,u-shaped,0
interaction,pressure,0
interaction,requirement,0
interaction,topologically,0
interaction,wavelengths,0
interaction,markers,0
interaction,sciences,0
interaction,medica,0
interaction,plant,0
interaction,obu,0
interaction,kitti,0
interaction,s-triazine,0
interaction,photoreduction,0
interaction,smiles,0
interaction,knn,0
interaction,pca,0
interaction,molecule,0
interaction,wiki,0
interaction,nanosized,0
interaction,surge,0
interaction,skeletongait,0
interaction,metsulfuron,0
interaction,meaningful,0
interaction,sentiments,0
interaction,unifying,0
interaction,laplacian,0
interaction,u-net,0
interaction,psf,0
interaction,presentation,0
interaction,intratesticular,0
interaction,single-granular,0
interaction,synthetic,0
interaction,layouts,0
interaction,splitting,0
interaction,reactions,0
layers,variously,0
layers,mikae,0
layers,lutea,0
layers,low-pass,0
layers,metal,0
layers,water-splitting,0
layers,pharmacology,0
layers,meiosis,0
layers,roofs,0
layers,standards,0
layers,rna,0
layers,tcga,0
layers,pei-gcn,0
layers,membranes,0
layers,pharmacological,0
layers,recombination,0
layers,roads,0
layers,seoul,0
layers,prohibitively,0
layers,psycholinguistic,0
layers,nitrogen-rich,0
layers,tubes,0
layers,liquid,0
layers,self-healing,0
layers,viable,0
layers,trna,0
layers,string,0
layers,pressure,0
layers,separation,0
layers,topologically,0
layers,wavelengths,0
layers,markers,0
layers,n-acetyltransferase,0
layers,photocatalyst,0
layers,trypanosoma,0
layers,sciences,0
layers,medica,0
layers,plant,0
layers,theory,0
layers,obu,0
layers,understanding,0
layers,s-triazine,0
layers,mscoco,0
layers,points,0
layers,photoreduction,0
layers,technologies,0
layers,patient,0
layers,rnas,0
layers,pca,0
layers,ntu,0
layers,secure,0
layers,water,0
layers,wiki,0
layers,nanosized,0
layers,surge,0
layers,vehicle,0
layers,subgraph,0
layers,xps,0
layers,skeletongait,0
layers,metsulfuron,0
layers,probability,0
layers,sentiments,0
layers,unconventional,0
layers,mcc,0
layers,unifying,0
layers,updated,0
layers,psf,0
layers,presentation,0
layers,single-granular,0
layers,tumor,0
layers,ternary,0
layers,trend,0
layers,layouts,0
layers,splitting,0
layers,rgb,0
layers,photocatalytic,0
layers,reactions,0
layers,utilization,0
layers,part,0
task,variously,0
task,water-splitting,0
task,tubes,0
task,viable,0
task,trna,0
task,u-shaped,0
task,topologically,0
task,wavelengths,0
task,trypanosoma,0
task,wiki,0
task,xps,0
task,unconventional,0
task,ternary,0
challenging,variously,0
challenging,interacts,0
challenging,mikae,0
challenging,eastern,0
challenging,colomatta,0
challenging,lutea,0
challenging,low-pass,0
challenging,metal,0
challenging,cocatalyst-free,0
challenging,water-splitting,0
challenging,concentrated,0
challenging,curated,0
challenging,meiosis,0
challenging,roofs,0
challenging,hyperlinks,0
challenging,continuation,0
challenging,standards,0
challenging,rna,0
challenging,pei-gcn,0
challenging,gqa,0
challenging,membranes,0
challenging,dempster-shafer,0
challenging,determination,0
challenging,seoul,0
challenging,proteins,0
challenging,prohibitively,0
challenging,psycholinguistic,0
challenging,heterojunction,0
challenging,nitrogen-rich,0
challenging,tubes,0
challenging,liquid,0
challenging,granger,0
challenging,self-healing,0
challenging,dual-stimulus,0
challenging,households,0
challenging,viable,0
challenging,trna,0
challenging,cutting-thin,0
challenging,sgc,0
challenging,u-shaped,0
challenging,couplings,0
challenging,pressure,0
challenging,topologically,0
challenging,wavelengths,0
challenging,markers,0
challenging,n-acetyltransferase,0
challenging,holes,0
challenging,investigations,0
challenging,trypanosoma,0
challenging,medica,0
challenging,theory,0
challenging,hemisphere,0
challenging,material,0
challenging,heparin,0
challenging,imdb,0
challenging,kitti,0
challenging,s-triazine,0
challenging,mscoco,0
challenging,photoreduction,0
challenging,smiles,0
challenging,chloroform,0
challenging,escherichia,0
challenging,rnas,0
challenging,fourier,0
challenging,initiative,0
challenging,pca,0
challenging,decades,0
challenging,fixation,0
challenging,molecules,0
challenging,molecule,0
challenging,matthews,0
challenging,wiki,0
challenging,nanosized,0
challenging,dft,0
challenging,ftir,0
challenging,xps,0
challenging,euler,0
challenging,skeletongait,0
challenging,informative,0
challenging,metsulfuron,0
challenging,revealed,0
challenging,gcaru,0
challenging,pubmed,0
challenging,sentiments,0
challenging,kinetoplastid,0
challenging,unconventional,0
challenging,mcc,0
challenging,fenton,0
challenging,dmax,0
challenging,unifying,0
challenging,laplacian,0
challenging,updated,0
challenging,u-net,0
challenging,psf,0
challenging,indonesia,0
challenging,intratesticular,0
challenging,single-granular,0
challenging,optical,0
challenging,immune,0
challenging,reactions,0
challenging,correction,0
challenging,tree,0
energy,intuitively,0
energy,inferred,0
energy,variously,0
energy,interacts,0
energy,mikae,0
energy,lutea,0
energy,ignore,0
energy,low-pass,0
energy,water-splitting,0
energy,literature,0
energy,rarely,0
energy,pharmacology,0
energy,generally,0
energy,meiosis,0
energy,roofs,0
energy,hyperlinks,0
energy,independently,0
energy,explicitly,0
energy,standards,0
energy,extracting,0
energy,rna,0
energy,tcga,0
energy,pei-gcn,0
energy,gqa,0
energy,membranes,0
energy,pharmacological,0
energy,hours,0
energy,roads,0
energy,seoul,0
energy,proteins,0
energy,prohibitively,0
energy,psycholinguistic,0
energy,nitrogen-rich,0
energy,tubes,0
energy,liquid,0
energy,granger,0
energy,self-healing,0
energy,smoothing,0
energy,households,0
energy,trna,0
energy,outperform,0
energy,string,0
energy,sgc,0
energy,u-shaped,0
energy,pressure,0
energy,f-score,0
energy,requirement,0
energy,numerous,0
energy,topologically,0
energy,wavelengths,0
energy,markers,0
energy,n-acetyltransferase,0
energy,investigations,0
energy,trypanosoma,0
energy,medica,0
energy,plant,0
energy,transformers,0
energy,harmful,0
energy,heavily,0
energy,hemisphere,0
energy,gps,0
energy,obu,0
energy,heparin,0
energy,relation,0
energy,relations,0
energy,typically,0
energy,imdb,0
energy,kitti,0
energy,s-triazine,0
energy,mscoco,0
energy,ethereum,0
energy,smiles,0
energy,technologies,0
energy,knn,0
energy,softmax,0
energy,formed,0
energy,escherichia,0
energy,euclidean,0
energy,patients,0
energy,patient,0
energy,rnas,0
energy,initiative,0
energy,pca,0
energy,fixation,0
energy,ntu,0
energy,unsupervised,0
energy,matthews,0
energy,secure,0
energy,nlp,0
energy,words,0
energy,transformer,0
energy,wiki,0
energy,nanosized,0
energy,surge,0
energy,guided,0
energy,layer,0
energy,subgraph,0
energy,pose,0
energy,euler,0
energy,skeletongait,0
energy,informative,0
energy,metsulfuron,0
energy,gcaru,0
energy,pubmed,0
energy,sentiments,0
energy,kinetoplastid,0
energy,unconventional,0
energy,mcc,0
energy,fenton,0
energy,unifying,0
energy,laplacian,0
energy,updated,0
energy,u-net,0
energy,supervised,0
energy,psf,0
energy,presentation,0
energy,indonesia,0
energy,intratesticular,0
energy,propagation,0
energy,single-granular,0
energy,modalities,0
energy,expression,0
energy,tumor,0
energy,sparsity,0
energy,static,0
energy,gene,0
energy,immune,0
energy,synthetic,0
energy,layouts,0
energy,rgb,0
energy,include,0
energy,learns,0
energy,identifying,0
energy,multi-scale,0
energy,neighbors,0
energy,progress,0
step,variously,0
step,water-splitting,0
step,tcga,0
step,thousands,0
step,tubes,0
step,trna,0
step,string,0
step,u-shaped,0
step,topologically,0
step,wavelengths,0
step,trypanosoma,0
step,transformers,0
step,theory,0
step,unsupervised,0
step,words,0
step,wiki,0
step,surge,0
step,subgraph,0
step,unconventional,0
step,unifying,0
step,topic,0
step,updated,0
step,tumor,0
step,visual,0
step,utilization,0
step,tree,0
machine,variously,0
machine,mikae,0
machine,water-splitting,0
machine,nitride,0
machine,pharmacology,0
machine,meiosis,0
machine,tcga,0
machine,pei-gcn,0
machine,membranes,0
machine,pharmacological,0
machine,recombination,0
machine,thousands,0
machine,roads,0
machine,seoul,0
machine,prohibitively,0
machine,psycholinguistic,0
machine,nitrogen-rich,0
machine,tubes,0
machine,mixed,0
machine,self-healing,0
machine,smoothing,0
machine,trna,0
machine,string,0
machine,topologically,0
machine,wavelengths,0
machine,markers,0
machine,n-acetyltransferase,0
machine,photocatalyst,0
machine,trypanosoma,0
machine,sciences,0
machine,medica,0
machine,plant,0
machine,obu,0
machine,s-triazine,0
machine,mscoco,0
machine,photoreduction,0
machine,smiles,0
machine,softmax,0
machine,ntu,0
machine,matthews,0
machine,secure,0
machine,nlp,0
machine,transformer,0
machine,wiki,0
machine,nanosized,0
machine,surge,0
machine,subgraph,0
machine,xps,0
machine,pose,0
machine,skeletongait,0
machine,metsulfuron,0
machine,unconventional,0
machine,mcc,0
machine,updated,0
machine,psf,0
machine,presentation,0
machine,single-granular,0
machine,optical,0
machine,ternary,0
machine,trend,0
machine,spatial-temporal,0
machine,splitting,0
machine,rgb,0
machine,photocatalytic,0
machine,variation,0
machine,reactions,0
machine,multi-scale,0
machine,neighbors,0
machine,pollutants,0
traffic,variously,0
traffic,water-splitting,0
traffic,tubes,0
traffic,viable,0
traffic,trna,0
traffic,wavelengths,0
traffic,trypanosoma,0
traffic,transformers,0
traffic,words,0
traffic,water,0
traffic,wiki,0
traffic,xps,0
traffic,unconventional,0
traffic,unifying,0
traffic,updated,0
traffic,u-net,0
traffic,tumor,0
traffic,visual,0
traffic,tree,0
communication,drug-drug,0
communication,intuitively,0
communication,variously,0
communication,demonstrates,0
communication,dual,0
communication,interacts,0
communication,mikae,0
communication,eastern,0
communication,lutea,0
communication,connecting,0
communication,low-pass,0
communication,metal,0
communication,water-splitting,0
communication,nitride,0
communication,literature,0
communication,rarely,0
communication,concentrated,0
communication,pharmacology,0
communication,published,0
communication,curated,0
communication,meiosis,0
communication,roofs,0
communication,differently,0
communication,explicitly,0
communication,obtained,0
communication,continuation,0
communication,standards,0
communication,noise,0
communication,extracting,0
communication,rna,0
communication,tcga,0
communication,pei-gcn,0
communication,gqa,0
communication,pharmacological,0
communication,three-dimensional,0
communication,fast,0
communication,recombination,0
communication,dempster-shafer,0
communication,thousands,0
communication,hours,0
communication,owing,0
communication,roads,0
communication,determination,0
communication,process,0
communication,seoul,0
communication,encoded,0
communication,time-consuming,0
communication,prohibitively,0
communication,elsevier,0
communication,psycholinguistic,0
communication,heterojunction,0
communication,nitrogen-rich,0
communication,tubes,0
communication,liquid,0
communication,work,0
communication,graphitic,0
communication,granger,0
communication,established,0
communication,mixed,0
communication,excellent,0
communication,self-healing,0
communication,dual-stimulus,0
communication,households,0
communication,viable,0
communication,trna,0
communication,outperform,0
communication,cutting-thin,0
communication,string,0
communication,descriptor,0
communication,sgc,0
communication,u-shaped,0
communication,couplings,0
communication,pressure,0
communication,f-score,0
communication,numerous,0
communication,topologically,0
communication,wavelengths,0
communication,simultaneously,0
communication,markers,0
communication,n-acetyltransferase,0
communication,holes,0
communication,resulting,0
communication,photocatalyst,0
communication,investigations,0
communication,trypanosoma,0
communication,sciences,0
communication,medica,0
communication,plant,0
communication,transformers,0
communication,harmful,0
communication,years,0
communication,theory,0
communication,rely,0
communication,heavily,0
communication,hemisphere,0
communication,gps,0
communication,obu,0
communication,material,0
communication,heparin,0
communication,relation,0
communication,typically,0
communication,imdb,0
communication,kitti,0
communication,s-triazine,0
communication,mscoco,0
communication,sites,0
communication,points,0
communication,photoreduction,0
communication,ethereum,0
communication,smiles,0
communication,svm,0
communication,knn,0
communication,formed,0
communication,escherichia,0
communication,euclidean,0
communication,patient,0
communication,similarity,0
communication,rnas,0
communication,fourier,0
communication,initiative,0
communication,pca,0
communication,decades,0
communication,copy,0
communication,recently,0
communication,fixation,0
communication,molecules,0
communication,molecule,0
communication,ntu,0
communication,edges,0
communication,unsupervised,0
communication,matthews,0
communication,secure,0
communication,nlp,0
communication,transformer,0
communication,water,0
communication,wiki,0
communication,nanosized,0
communication,surge,0
communication,data-driven,0
communication,kinetics,0
communication,dft,0
communication,guided,0
communication,end,0
communication,subgraph,0
communication,ftir,0
communication,xps,0
communication,pose,0
communication,skeleton-based,0
communication,euler,0
communication,skeletongait,0
communication,informative,0
communication,metsulfuron,0
communication,meaningful,0
communication,revealed,0
communication,gcaru,0
communication,probability,0
communication,methodology,0
communication,pubmed,0
communication,sentiments,0
communication,electron,0
communication,kinetoplastid,0
communication,unconventional,0
communication,mcc,0
communication,representation,0
communication,represent,0
communication,fenton,0
communication,generative,0
communication,dmax,0
communication,unifying,0
communication,embeddings,0
communication,topic,0
communication,updated,0
communication,u-net,0
communication,supervised,0
communication,works,0
communication,psf,0
communication,presentation,0
communication,indonesia,0
communication,pooling,0
communication,intratesticular,0
communication,factors,0
communication,daily,0
communication,neighbor,0
communication,evolution,0
communication,single-granular,0
communication,optical,0
communication,desirable,0
communication,modalities,0
communication,dense,0
communication,ternary,0
communication,sparsity,0
communication,faces,0
communication,recent,0
communication,static,0
communication,surface,0
communication,immune,0
communication,knowledge,0
communication,identification,0
communication,predicting,0
communication,gat,0
communication,spatial-temporal,0
communication,layers,0
communication,visual,0
communication,layouts,0
communication,splitting,0
communication,rgb,0
communication,conditions,0
communication,pairs,0
communication,include,0
communication,learns,0
communication,photocatalytic,0
communication,success,0
communication,variation,0
communication,identifying,0
communication,reactions,0
communication,correction,0
communication,constructing,0
communication,light,0
communication,functions,0
communication,targets,0
communication,utilization,0
communication,neighbors,0
communication,progress,0
communication,video,0
communication,sample,0
communication,pollutants,0
communication,diffusion,0
communication,tree,0
communication,protein,0
communication,reported,0
communication,remarkable,0
synthetic,variously,0
synthetic,wide,0
synthetic,water-splitting,0
synthetic,systems,0
synthetic,tcga,0
synthetic,three-dimensional,0
synthetic,thousands,0
synthetic,time-consuming,0
synthetic,tubes,0
synthetic,viable,0
synthetic,trna,0
synthetic,u-shaped,0
synthetic,topologically,0
synthetic,wavelengths,0
synthetic,trypanosoma,0
synthetic,transformers,0
synthetic,videos,0
synthetic,years,0
synthetic,theory,0
synthetic,typically,0
synthetic,technologies,0
synthetic,words,0
synthetic,wiki,0
synthetic,xps,0
synthetic,unconventional,0
synthetic,topic,0
synthetic,updated,0
synthetic,u-net,0
synthetic,user,0
synthetic,tumor,0
synthetic,trend,0
synthetic,temporal,0
synthetic,visual,0
synthetic,variation,0
synthetic,unit,0
synthetic,targets,0
synthetic,utilization,0
synthetic,video,0
synthetic,tree,0
real,water-splitting,0
real,roofs,0
real,standards,0
real,tcga,0
real,recombination,0
real,seoul,0
real,tubes,0
real,self-healing,0
real,viable,0
real,trna,0
real,sgc,0
real,u-shaped,0
real,topologically,0
real,wavelengths,0
real,trypanosoma,0
real,sciences,0
real,transformers,0
real,s-triazine,0
real,smiles,0
real,svm,0
real,softmax,0
real,rnas,0
real,wiki,0
real,surge,0
real,xps,0
real,skeletongait,0
real,unconventional,0
real,unifying,0
real,u-net,0
real,single-granular,0
real,tumor,0
real,ternary,0
real,splitting,0
real,targets,0
visual,water-splitting,0
visual,wavelengths,0
visual,water,0
visual,wiki,0
visual,xps,0
layouts,named,0
layouts,variously,0
layouts,wide,0
layouts,mikae,0
layouts,lutea,0
layouts,low-pass,0
layouts,metal,0
layouts,water-splitting,0
layouts,nitride,0
layouts,literature,0
layouts,rarely,0
layouts,pharmacology,0
layouts,meiosis,0
layouts,reduced,0
layouts,roofs,0
layouts,obtained,0
layouts,systems,0
layouts,standards,0
layouts,noise,0
layouts,rna,0
layouts,tcga,0
layouts,pei-gcn,0
layouts,proposes,0
layouts,membranes,0
layouts,result,0
layouts,pharmacological,0
layouts,three-dimensional,0
layouts,node,0
layouts,limited,0
layouts,recombination,0
layouts,real-world,0
layouts,thousands,0
layouts,owing,0
layouts,roads,0
layouts,tasks,0
layouts,utilized,0
layouts,process,0
layouts,seoul,0
layouts,proteins,0
layouts,time-consuming,0
layouts,prohibitively,0
layouts,psycholinguistic,0
layouts,nitrogen-rich,0
layouts,tubes,0
layouts,liquid,0
layouts,mixed,0
layouts,self-healing,0
layouts,similar,0
layouts,smoothing,0
layouts,study,0
layouts,strategy,0
layouts,presents,0
layouts,viable,0
layouts,trna,0
layouts,string,0
layouts,sgc,0
layouts,u-shaped,0
layouts,samples,0
layouts,pressure,0
layouts,requirement,0
layouts,numerous,0
layouts,separation,0
layouts,topologically,0
layouts,wavelengths,0
layouts,sets,0
layouts,simultaneously,0
layouts,markers,0
layouts,n-acetyltransferase,0
layouts,resulting,0
layouts,photocatalyst,0
layouts,trypanosoma,0
layouts,sciences,0
layouts,medica,0
layouts,plant,0
layouts,transformers,0
layouts,videos,0
layouts,years,0
layouts,theory,0
layouts,leading,0
layouts,rely,0
layouts,obu,0
layouts,material,0
layouts,relation,0
layouts,relations,0
layouts,typically,0
layouts,understanding,0
layouts,s-triazine,0
layouts,mscoco,0
layouts,sites,0
layouts,points,0
layouts,photoreduction,0
layouts,lstm,0
layouts,smiles,0
layouts,technologies,0
layouts,svm,0
layouts,softmax,0
layouts,patients,0
layouts,patient,0
layouts,similarity,0
layouts,rnas,0
layouts,pca,0
layouts,recently,0
layouts,molecules,0
layouts,molecule,0
layouts,ntu,0
layouts,matthews,0
layouts,secure,0
layouts,nlp,0
layouts,system,0
layouts,water,0
layouts,wiki,0
layouts,nanosized,0
layouts,surge,0
layouts,skeleton,0
layouts,vehicle,0
layouts,subgraph,0
layouts,xps,0
layouts,pose,0
layouts,skeleton-based,0
layouts,skeletongait,0
layouts,metsulfuron,0
layouts,meaningful,0
layouts,revealed,0
layouts,probability,0
layouts,spatial,0
layouts,pubmed,0
layouts,sentiments,0
layouts,role,0
layouts,unconventional,0
layouts,mcc,0
layouts,representation,0
layouts,represent,0
layouts,unifying,0
layouts,updated,0
layouts,local,0
layouts,u-net,0
layouts,supervised,0
layouts,works,0
layouts,showed,0
layouts,psf,0
layouts,presentation,0
layouts,pooling,0
layouts,technique,0
layouts,propagation,0
layouts,learn,0
layouts,neighbor,0
layouts,single-granular,0
layouts,optical,0
layouts,modalities,0
layouts,module,0
layouts,representations,0
layouts,neural,0
layouts,user,0
layouts,management,0
layouts,tumor,0
layouts,target,0
layouts,recognition,0
layouts,ternary,0
layouts,trend,0
layouts,sparsity,0
layouts,static,0
layouts,surface,0
layouts,temporal,0
layouts,predicting,0
layouts,validate,0
layouts,spatial-temporal,0
layouts,step,0
layouts,traffic,0
layouts,synthetic,0
layouts,real,0
layouts,remote,0
layouts,splitting,0
layouts,rgb,0
layouts,processing,0
layouts,pairs,0
layouts,learns,0
layouts,photocatalytic,0
layouts,success,0
layouts,variation,0
layouts,reactions,0
layouts,memory,0
layouts,unit,0
layouts,patterns,0
layouts,light,0
layouts,targets,0
layouts,multi-scale,0
layouts,utilization,0
layouts,structures,0
layouts,neighbors,0
layouts,part,0
layouts,progress,0
layouts,video,0
layouts,sample,0
layouts,pollutants,0
layouts,tree,0
layouts,motion,0
layouts,types,0
layouts,protein,0
layouts,point,0
layouts,reported,0
layouts,remarkable,0
cells,intuitively,0
cells,variously,0
cells,wide,0
cells,demonstrates,0
cells,mikae,0
cells,eastern,0
cells,colomatta,0
cells,lutea,0
cells,input,0
cells,ignore,0
cells,considered,0
cells,low-pass,0
cells,metal,0
cells,cocatalyst-free,0
cells,water-splitting,0
cells,literature,0
cells,concentrated,0
cells,pharmacology,0
cells,curated,0
cells,meiosis,0
cells,roofs,0
cells,hyperlinks,0
cells,differently,0
cells,explicitly,0
cells,continuation,0
cells,systems,0
cells,standards,0
cells,extracting,0
cells,pei-gcn,0
cells,gqa,0
cells,three-dimensional,0
cells,node,0
cells,fast,0
cells,real-world,0
cells,dempster-shafer,0
cells,thousands,0
cells,hours,0
cells,roads,0
cells,seoul,0
cells,encoded,0
cells,prohibitively,0
cells,psycholinguistic,0
cells,heterojunction,0
cells,nitrogen-rich,0
cells,tubes,0
cells,liquid,0
cells,granger,0
cells,self-healing,0
cells,dual-stimulus,0
cells,smoothing,0
cells,households,0
cells,presents,0
cells,viable,0
cells,trna,0
cells,outperform,0
cells,string,0
cells,descriptor,0
cells,sgc,0
cells,u-shaped,0
cells,couplings,0
cells,pressure,0
cells,f-score,0
cells,separation,0
cells,topologically,0
cells,wavelengths,0
cells,n-acetyltransferase,0
cells,holes,0
cells,investigations,0
cells,sciences,0
cells,medica,0
cells,transformers,0
cells,harmful,0
cells,videos,0
cells,theory,0
cells,leading,0
cells,rely,0
cells,decisions,0
cells,heavily,0
cells,hemisphere,0
cells,gps,0
cells,obu,0
cells,heparin,0
cells,relations,0
cells,typically,0
cells,imdb,0
cells,kitti,0
cells,s-triazine,0
cells,mscoco,0
cells,sites,0
cells,cloud,0
cells,photoreduction,0
cells,ethereum,0
cells,smiles,0
cells,svm,0
cells,chloroform,0
cells,formed,0
cells,escherichia,0
cells,euclidean,0
cells,rnas,0
cells,fourier,0
cells,initiative,0
cells,pca,0
cells,fixation,0
cells,molecules,0
cells,ntu,0
cells,matthews,0
cells,secure,0
cells,nlp,0
cells,words,0
cells,transformer,0
cells,wiki,0
cells,nanosized,0
cells,surge,0
cells,data-driven,0
cells,kinetics,0
cells,dft,0
cells,vehicle,0
cells,guided,0
cells,subgraph,0
cells,ftir,0
cells,pose,0
cells,skeleton-based,0
cells,euler,0
cells,skeletongait,0
cells,informative,0
cells,dependencies,0
cells,metsulfuron,0
cells,conduct,0
cells,meaningful,0
cells,gcaru,0
cells,probability,0
cells,methodology,0
cells,pubmed,0
cells,sentiments,0
cells,kinetoplastid,0
cells,unconventional,0
cells,cgcnimp,0
cells,mcc,0
cells,relationships,0
cells,fenton,0
cells,generative,0
cells,dmax,0
cells,unifying,0
cells,laplacian,0
cells,topic,0
cells,updated,0
cells,supervised,0
cells,works,0
cells,psf,0
cells,presentation,0
cells,indonesia,0
cells,pooling,0
cells,intratesticular,0
cells,propagation,0
cells,daily,0
cells,cfz,0
cells,single-granular,0
cells,modalities,0
cells,user,0
cells,set,0
cells,faces,0
cells,static,0
cells,spatial-temporal,0
cells,energy,0
cells,traffic,0
cells,synthetic,0
cells,visual,0
cells,layouts,0
cells,splitting,0
cells,rgb,0
cells,pairs,0
cells,variation,0
cells,reactions,0
cells,unit,0
cells,gated,0
cells,field,0
cells,correction,0
cells,constructing,0
cells,multi-scale,0
cells,neighbors,0
cells,video,0
cells,focuses,0
cells,pollutants,0
cells,diffusion,0
cells,motion,0
cells,point,0
cells,remarkable,0
remote,variously,0
remote,water-splitting,0
remote,roofs,0
remote,standards,0
remote,rna,0
remote,tcga,0
remote,thousands,0
remote,roads,0
remote,seoul,0
remote,tubes,0
remote,self-healing,0
remote,similar,0
remote,smoothing,0
remote,viable,0
remote,trna,0
remote,string,0
remote,sgc,0
remote,u-shaped,0
remote,requirement,0
remote,separation,0
remote,topologically,0
remote,wavelengths,0
remote,trypanosoma,0
remote,sciences,0
remote,transformers,0
remote,s-triazine,0
remote,sites,0
remote,smiles,0
remote,svm,0
remote,softmax,0
remote,rnas,0
remote,unsupervised,0
remote,secure,0
remote,water,0
remote,wiki,0
remote,surge,0
remote,vehicle,0
remote,subgraph,0
remote,xps,0
remote,skeletongait,0
remote,revealed,0
remote,sentiments,0
remote,unconventional,0
remote,unifying,0
remote,technique,0
remote,single-granular,0
remote,user,0
remote,studies,0
remote,ternary,0
remote,sparsity,0
remote,surface,0
remote,validate,0
remote,spatial-temporal,0
remote,step,0
remote,splitting,0
remote,structural,0
remote,utilization,0
remote,structures,0
remote,video,0
remote,stability,0
remote,reported,0
analysis,intuitively,0
analysis,inferred,0
analysis,variously,0
analysis,mikae,0
analysis,eastern,0
analysis,bulbosa,0
analysis,colomatta,0
analysis,lutea,0
analysis,low-pass,0
analysis,cocatalyst-free,0
analysis,water-splitting,0
analysis,concentrated,0
analysis,pharmacology,0
analysis,curated,0
analysis,meiosis,0
analysis,roofs,0
analysis,hyperlinks,0
analysis,continuation,0
analysis,pei-gcn,0
analysis,gqa,0
analysis,dempster-shafer,0
analysis,roads,0
analysis,seoul,0
analysis,prohibitively,0
analysis,psycholinguistic,0
analysis,nitrogen-rich,0
analysis,tubes,0
analysis,self-healing,0
analysis,dual-stimulus,0
analysis,households,0
analysis,apartments,0
analysis,trna,0
analysis,cutting-thin,0
analysis,string,0
analysis,sgc,0
analysis,u-shaped,0
analysis,topologically,0
analysis,wavelengths,0
analysis,trypanosoma,0
analysis,sciences,0
analysis,medica,0
analysis,transformers,0
analysis,hemisphere,0
analysis,obu,0
analysis,heparin,0
analysis,artifact,0
analysis,s-triazine,0
analysis,mscoco,0
analysis,ethereum,0
analysis,smiles,0
analysis,chloroform,0
analysis,formed,0
analysis,fixation,0
analysis,secure,0
analysis,wiki,0
analysis,nanosized,0
analysis,canadian,0
analysis,euler,0
analysis,skeletongait,0
analysis,metsulfuron,0
analysis,gcaru,0
analysis,kinetoplastid,0
analysis,unconventional,0
analysis,mcc,0
analysis,auprc,0
analysis,fenton,0
analysis,dmax,0
analysis,unifying,0
analysis,u-net,0
analysis,presentation,0
analysis,indonesia,0
analysis,intratesticular,0
analysis,daily,0
analysis,cfz,0
analysis,single-granular,0
analysis,splitting,0
splitting,variously,0
splitting,wide,0
splitting,water-splitting,0
splitting,standards,0
splitting,tcga,0
splitting,three-dimensional,0
splitting,thousands,0
splitting,tasks,0
splitting,utilized,0
splitting,time-consuming,0
splitting,trna,0
splitting,string,0
splitting,u-shaped,0
splitting,topologically,0
splitting,wavelengths,0
splitting,trypanosoma,0
splitting,transformers,0
splitting,videos,0
splitting,years,0
splitting,theory,0
splitting,typically,0
splitting,understanding,0
splitting,technologies,0
splitting,svm,0
splitting,unsupervised,0
splitting,words,0
splitting,system,0
splitting,wiki,0
splitting,surge,0
splitting,vehicle,0
splitting,subgraph,0
splitting,xps,0
splitting,unconventional,0
splitting,unifying,0
splitting,topic,0
splitting,updated,0
splitting,training,0
splitting,u-net,0
splitting,supervised,0
splitting,works,0
splitting,technique,0
splitting,time,0
splitting,user,0
splitting,tumor,0
splitting,studies,0
splitting,ternary,0
splitting,trend,0
splitting,static,0
splitting,validate,0
splitting,task,0
splitting,traffic,0
splitting,synthetic,0
splitting,visual,0
splitting,structural,0
splitting,success,0
splitting,variation,0
splitting,unit,0
splitting,targets,0
splitting,utilization,0
splitting,structures,0
splitting,video,0
splitting,traditional,0
splitting,tree,0
splitting,types,0
parameters,variously,0
parameters,water-splitting,0
parameters,pharmacology,0
parameters,roofs,0
parameters,standards,0
parameters,rna,0
parameters,pei-gcn,0
parameters,thousands,0
parameters,roads,0
parameters,seoul,0
parameters,prohibitively,0
parameters,psycholinguistic,0
parameters,tubes,0
parameters,self-healing,0
parameters,viable,0
parameters,trna,0
parameters,string,0
parameters,u-shaped,0
parameters,topologically,0
parameters,wavelengths,0
parameters,trypanosoma,0
parameters,sciences,0
parameters,plant,0
parameters,transformers,0
parameters,s-triazine,0
parameters,photoreduction,0
parameters,rnas,0
parameters,pca,0
parameters,secure,0
parameters,wiki,0
parameters,surge,0
parameters,subgraph,0
parameters,skeletongait,0
parameters,pubmed,0
parameters,sentiments,0
parameters,unconventional,0
parameters,unifying,0
parameters,u-net,0
parameters,psf,0
parameters,presentation,0
parameters,pooling,0
parameters,single-granular,0
parameters,tumor,0
parameters,sparsity,0
parameters,splitting,0
parameters,progress,0
parameters,tree,0
rgb,variously,0
rgb,water-splitting,0
rgb,roofs,0
rgb,standards,0
rgb,rna,0
rgb,tcga,0
rgb,three-dimensional,0
rgb,thousands,0
rgb,roads,0
rgb,seoul,0
rgb,time-consuming,0
rgb,tubes,0
rgb,self-healing,0
rgb,smoothing,0
rgb,viable,0
rgb,trna,0
rgb,string,0
rgb,sgc,0
rgb,u-shaped,0
rgb,separation,0
rgb,topologically,0
rgb,wavelengths,0
rgb,trypanosoma,0
rgb,sciences,0
rgb,transformers,0
rgb,theory,0
rgb,typically,0
rgb,s-triazine,0
rgb,sites,0
rgb,smiles,0
rgb,technologies,0
rgb,svm,0
rgb,rnas,0
rgb,unsupervised,0
rgb,secure,0
rgb,words,0
rgb,water,0
rgb,wiki,0
rgb,surge,0
rgb,subgraph,0
rgb,xps,0
rgb,sentiments,0
rgb,unconventional,0
rgb,unifying,0
rgb,topic,0
rgb,updated,0
rgb,u-net,0
rgb,technique,0
rgb,single-granular,0
rgb,user,0
rgb,tumor,0
rgb,ternary,0
rgb,sparsity,0
rgb,static,0
rgb,surface,0
rgb,step,0
rgb,synthetic,0
rgb,splitting,0
rgb,success,0
rgb,targets,0
rgb,stability,0
rgb,sample,0
rgb,tree,0
improved,intuitively,0
improved,variously,0
improved,interacts,0
improved,mikae,0
improved,lutea,0
improved,low-pass,0
improved,water-splitting,0
improved,pharmacology,0
improved,meiosis,0
improved,roofs,0
improved,independently,0
improved,standards,0
improved,rna,0
improved,tcga,0
improved,pei-gcn,0
improved,pharmacological,0
improved,roads,0
improved,seoul,0
improved,time-consuming,0
improved,prohibitively,0
improved,psycholinguistic,0
improved,nitrogen-rich,0
improved,tubes,0
improved,liquid,0
improved,self-healing,0
improved,smoothing,0
improved,viable,0
improved,trna,0
improved,string,0
improved,u-shaped,0
improved,pressure,0
improved,topologically,0
improved,wavelengths,0
improved,n-acetyltransferase,0
improved,trypanosoma,0
improved,sciences,0
improved,medica,0
improved,plant,0
improved,obu,0
improved,kitti,0
improved,s-triazine,0
improved,photoreduction,0
improved,svm,0
improved,knn,0
improved,softmax,0
improved,rnas,0
improved,initiative,0
improved,pca,0
improved,secure,0
improved,wiki,0
improved,nanosized,0
improved,subgraph,0
improved,skeletongait,0
improved,metsulfuron,0
improved,kinetoplastid,0
improved,unconventional,0
improved,unifying,0
improved,psf,0
improved,presentation,0
improved,indonesia,0
improved,intratesticular,0
improved,single-granular,0
improved,modalities,0
improved,tumor,0
improved,static,0
improved,splitting,0
show,variously,0
show,water-splitting,0
show,standards,0
show,tubes,0
show,viable,0
show,string,0
show,topologically,0
show,wavelengths,0
show,single-granular,0
show,ternary,0
large,variously,0
large,mikae,0
large,lutea,0
large,water-splitting,0
large,meiosis,0
large,roofs,0
large,standards,0
large,pei-gcn,0
large,membranes,0
large,three-dimensional,0
large,roads,0
large,seoul,0
large,prohibitively,0
large,psycholinguistic,0
large,nitrogen-rich,0
large,tubes,0
large,liquid,0
large,self-healing,0
large,trna,0
large,sgc,0
large,u-shaped,0
large,pressure,0
large,topologically,0
large,wavelengths,0
large,markers,0
large,n-acetyltransferase,0
large,trypanosoma,0
large,sciences,0
large,medica,0
large,videos,0
large,obu,0
large,s-triazine,0
large,mscoco,0
large,smiles,0
large,matthews,0
large,secure,0
large,wiki,0
large,nanosized,0
large,surge,0
large,subgraph,0
large,skeletongait,0
large,metsulfuron,0
large,revealed,0
large,sentiments,0
large,unconventional,0
large,mcc,0
large,psf,0
large,presentation,0
large,single-granular,0
large,optical,0
large,management,0
large,trend,0
large,layouts,0
large,splitting,0
large,tree,0
processing,variously,0
processing,water-splitting,0
processing,rarely,0
processing,roofs,0
processing,tcga,0
processing,recombination,0
processing,thousands,0
processing,roads,0
processing,seoul,0
processing,time-consuming,0
processing,prohibitively,0
processing,psycholinguistic,0
processing,tubes,0
processing,self-healing,0
processing,smoothing,0
processing,viable,0
processing,trna,0
processing,string,0
processing,sgc,0
processing,topologically,0
processing,wavelengths,0
processing,sciences,0
processing,s-triazine,0
processing,rnas,0
processing,secure,0
processing,wiki,0
processing,surge,0
processing,subgraph,0
processing,xps,0
processing,skeletongait,0
processing,unifying,0
processing,psf,0
processing,propagation,0
processing,single-granular,0
processing,ternary,0
processing,surface,0
processing,reactions,0
processing,progress,0
conditions,intuitively,0
conditions,inferred,0
conditions,variously,0
conditions,interacts,0
conditions,mikae,0
conditions,eastern,0
conditions,lutea,0
conditions,low-pass,0
conditions,water-splitting,0
conditions,pharmacology,0
conditions,meiosis,0
conditions,roofs,0
conditions,hyperlinks,0
conditions,differently,0
conditions,explicitly,0
conditions,continuation,0
conditions,standards,0
conditions,tcga,0
conditions,pei-gcn,0
conditions,gqa,0
conditions,three-dimensional,0
conditions,dempster-shafer,0
conditions,owing,0
conditions,seoul,0
conditions,prohibitively,0
conditions,psycholinguistic,0
conditions,nitrogen-rich,0
conditions,tubes,0
conditions,liquid,0
conditions,granger,0
conditions,self-healing,0
conditions,dual-stimulus,0
conditions,smoothing,0
conditions,households,0
conditions,presents,0
conditions,viable,0
conditions,cutting-thin,0
conditions,sgc,0
conditions,u-shaped,0
conditions,pressure,0
conditions,f-score,0
conditions,requirement,0
conditions,topologically,0
conditions,wavelengths,0
conditions,holes,0
conditions,sciences,0
conditions,medica,0
conditions,harmful,0
conditions,theory,0
conditions,rely,0
conditions,heavily,0
conditions,hemisphere,0
conditions,heparin,0
conditions,understanding,0
conditions,imdb,0
conditions,kitti,0
conditions,s-triazine,0
conditions,mscoco,0
conditions,points,0
conditions,photoreduction,0
conditions,ethereum,0
conditions,smiles,0
conditions,svm,0
conditions,knn,0
conditions,softmax,0
conditions,formed,0
conditions,rnas,0
conditions,initiative,0
conditions,pca,0
conditions,fixation,0
conditions,ntu,0
conditions,matthews,0
conditions,secure,0
conditions,wiki,0
conditions,nanosized,0
conditions,surge,0
conditions,data-driven,0
conditions,dft,0
conditions,guided,0
conditions,end,0
conditions,subgraph,0
conditions,skeleton-based,0
conditions,euler,0
conditions,metsulfuron,0
conditions,pubmed,0
conditions,sentiments,0
conditions,kinetoplastid,0
conditions,unconventional,0
conditions,mcc,0
conditions,generative,0
conditions,dmax,0
conditions,laplacian,0
conditions,u-net,0
conditions,psf,0
conditions,indonesia,0
conditions,pooling,0
conditions,intratesticular,0
conditions,single-granular,0
conditions,modalities,0
conditions,tumor,0
conditions,dense,0
conditions,trend,0
conditions,sparsity,0
conditions,gat,0
conditions,layouts,0
conditions,correction,0
conditions,multi-scale,0
conditions,neighbors,0
conditions,video,0
conditions,focuses,0
conditions,diffusion,0
previous,variously,0
previous,wide,0
previous,water-splitting,0
previous,roofs,0
previous,standards,0
previous,tcga,0
previous,recombination,0
previous,thousands,0
previous,seoul,0
previous,prohibitively,0
previous,psycholinguistic,0
previous,tubes,0
previous,self-healing,0
previous,smoothing,0
previous,viable,0
previous,trna,0
previous,string,0
previous,u-shaped,0
previous,requirement,0
previous,separation,0
previous,topologically,0
previous,wavelengths,0
previous,trypanosoma,0
previous,sciences,0
previous,s-triazine,0
previous,smiles,0
previous,technologies,0
previous,svm,0
previous,secure,0
previous,water,0
previous,wiki,0
previous,surge,0
previous,subgraph,0
previous,xps,0
previous,skeletongait,0
previous,pubmed,0
previous,unconventional,0
previous,unifying,0
previous,u-net,0
previous,psf,0
previous,single-granular,0
previous,ternary,0
previous,synthetic,0
previous,splitting,0
previous,reactions,0
previous,targets,0
previous,utilization,0
pairs,variously,0
pairs,water-splitting,0
pairs,rarely,0
pairs,pharmacology,0
pairs,roofs,0
pairs,standards,0
pairs,rna,0
pairs,tcga,0
pairs,pei-gcn,0
pairs,result,0
pairs,pharmacological,0
pairs,three-dimensional,0
pairs,roads,0
pairs,seoul,0
pairs,prohibitively,0
pairs,psycholinguistic,0
pairs,tubes,0
pairs,self-healing,0
pairs,smoothing,0
pairs,viable,0
pairs,string,0
pairs,sgc,0
pairs,u-shaped,0
pairs,pressure,0
pairs,requirement,0
pairs,topologically,0
pairs,wavelengths,0
pairs,sets,0
pairs,trypanosoma,0
pairs,sciences,0
pairs,plant,0
pairs,transformers,0
pairs,videos,0
pairs,theory,0
pairs,s-triazine,0
pairs,points,0
pairs,smiles,0
pairs,svm,0
pairs,softmax,0
pairs,patient,0
pairs,secure,0
pairs,wiki,0
pairs,surge,0
pairs,vehicle,0
pairs,subgraph,0
pairs,skeletongait,0
pairs,probability,0
pairs,unconventional,0
pairs,unifying,0
pairs,topic,0
pairs,updated,0
pairs,u-net,0
pairs,supervised,0
pairs,works,0
pairs,psf,0
pairs,presentation,0
pairs,single-granular,0
pairs,user,0
pairs,tumor,0
pairs,trend,0
pairs,sparsity,0
pairs,static,0
pairs,synthetic,0
pairs,remote,0
pairs,splitting,0
pairs,success,0
pairs,variation,0
pairs,part,0
pairs,progress,0
pairs,protein,0
pairs,point,0
pairs,reported,0
employed,intuitively,0
employed,inferred,0
employed,variously,0
employed,interacts,0
employed,mikae,0
employed,lutea,0
employed,low-pass,0
employed,water-splitting,0
employed,rarely,0
employed,pharmacology,0
employed,meiosis,0
employed,roofs,0
employed,hyperlinks,0
employed,standards,0
employed,tcga,0
employed,pei-gcn,0
employed,gqa,0
employed,membranes,0
employed,fast,0
employed,hours,0
employed,seoul,0
employed,encoded,0
employed,prohibitively,0
employed,psycholinguistic,0
employed,nitrogen-rich,0
employed,tubes,0
employed,liquid,0
employed,granger,0
employed,self-healing,0
employed,households,0
employed,viable,0
employed,trna,0
employed,string,0
employed,sgc,0
employed,u-shaped,0
employed,pressure,0
employed,f-score,0
employed,topologically,0
employed,wavelengths,0
employed,markers,0
employed,n-acetyltransferase,0
employed,trypanosoma,0
employed,sciences,0
employed,medica,0
employed,plant,0
employed,theory,0
employed,rely,0
employed,hemisphere,0
employed,gps,0
employed,obu,0
employed,heparin,0
employed,imdb,0
employed,kitti,0
employed,points,0
employed,smiles,0
employed,svm,0
employed,knn,0
employed,formed,0
employed,escherichia,0
employed,pca,0
employed,fixation,0
employed,matthews,0
employed,wiki,0
employed,nanosized,0
employed,surge,0
employed,end,0
employed,subgraph,0
employed,pose,0
employed,euler,0
employed,skeletongait,0
employed,metsulfuron,0
employed,gcaru,0
employed,pubmed,0
employed,sentiments,0
employed,kinetoplastid,0
employed,unconventional,0
employed,mcc,0
employed,fenton,0
employed,unifying,0
employed,u-net,0
employed,psf,0
employed,presentation,0
employed,indonesia,0
employed,intratesticular,0
employed,single-granular,0
employed,faces,0
employed,immune,0
employed,layouts,0
employed,splitting,0
employed,protein,0
employed,remarkable,0
include,named,0
include,intuitively,0
include,inferred,0
include,variously,0
include,wide,0
include,interacts,0
include,mikae,0
include,lutea,0
include,low-pass,0
include,water-splitting,0
include,nitride,0
include,literature,0
include,rarely,0
include,pharmacology,0
include,meiosis,0
include,roofs,0
include,systems,0
include,standards,0
include,noise,0
include,pei-gcn,0
include,proposes,0
include,membranes,0
include,result,0
include,three-dimensional,0
include,recombination,0
include,thousands,0
include,owing,0
include,roads,0
include,utilized,0
include,seoul,0
include,proteins,0
include,prohibitively,0
include,psycholinguistic,0
include,nitrogen-rich,0
include,tubes,0
include,liquid,0
include,mixed,0
include,self-healing,0
include,similar,0
include,smoothing,0
include,strategy,0
include,presents,0
include,viable,0
include,trna,0
include,outperform,0
include,string,0
include,u-shaped,0
include,pressure,0
include,requirement,0
include,separation,0
include,topologically,0
include,wavelengths,0
include,markers,0
include,n-acetyltransferase,0
include,photocatalyst,0
include,investigations,0
include,trypanosoma,0
include,sciences,0
include,medica,0
include,plant,0
include,transformers,0
include,language,0
include,obu,0
include,material,0
include,typically,0
include,kitti,0
include,s-triazine,0
include,mscoco,0
include,sites,0
include,points,0
include,photoreduction,0
include,smiles,0
include,technologies,0
include,svm,0
include,knn,0
include,softmax,0
include,rnas,0
include,initiative,0
include,pca,0
include,ntu,0
include,unsupervised,0
include,matthews,0
include,secure,0
include,nlp,0
include,water,0
include,wiki,0
include,nanosized,0
include,surge,0
include,kinetics,0
include,subgraph,0
include,xps,0
include,pose,0
include,skeleton-based,0
include,skeletongait,0
include,informative,0
include,metsulfuron,0
include,meaningful,0
include,revealed,0
include,probability,0
include,methodology,0
include,sentiments,0
include,kinetoplastid,0
include,unconventional,0
include,mcc,0
include,optimization,0
include,relationships,0
include,unifying,0
include,laplacian,0
include,topic,0
include,u-net,0
include,supervised,0
include,psf,0
include,optimal,0
include,presentation,0
include,indonesia,0
include,pooling,0
include,intratesticular,0
include,technique,0
include,learn,0
include,neighbor,0
include,single-granular,0
include,optical,0
include,modalities,0
include,user,0
include,tumor,0
include,ternary,0
include,trend,0
include,sparsity,0
include,static,0
include,surface,0
include,predicting,0
include,spatial-temporal,0
include,layers,0
include,layouts,0
include,splitting,0
include,parameters,0
include,rgb,0
include,previous,0
include,pairs,0
include,learns,0
include,photocatalytic,0
include,variation,0
include,patterns,0
include,light,0
include,targets,0
include,neighbors,0
include,progress,0
include,stability,0
include,pollutants,0
include,point,0
include,remarkable,0
captures,drug-drug,0
captures,intuitively,0
captures,inferred,0
captures,variously,0
captures,wide,0
captures,interacts,0
captures,mikae,0
captures,eastern,0
captures,colomatta,0
captures,lutea,0
captures,connecting,0
captures,considered,0
captures,low-pass,0
captures,metal,0
captures,cocatalyst-free,0
captures,water-splitting,0
captures,nitride,0
captures,rarely,0
captures,concentrated,0
captures,pharmacology,0
captures,published,0
captures,curated,0
captures,meiosis,0
captures,reduced,0
captures,gap,0
captures,roofs,0
captures,hyperlinks,0
captures,independently,0
captures,differently,0
captures,explicitly,0
captures,continuation,0
captures,standards,0
captures,rna,0
captures,tcga,0
captures,pei-gcn,0
captures,gqa,0
captures,membranes,0
captures,pharmacological,0
captures,three-dimensional,0
captures,recombination,0
captures,dempster-shafer,0
captures,thousands,0
captures,hours,0
captures,owing,0
captures,roads,0
captures,determination,0
captures,seoul,0
captures,proteins,0
captures,prohibitively,0
captures,psycholinguistic,0
captures,heterojunction,0
captures,nitrogen-rich,0
captures,tubes,0
captures,chemical,0
captures,liquid,0
captures,graphitic,0
captures,granger,0
captures,self-healing,0
captures,dual-stimulus,0
captures,households,0
captures,viable,0
captures,trna,0
captures,cutting-thin,0
captures,string,0
captures,descriptor,0
captures,sgc,0
captures,couplings,0
captures,f-score,0
captures,separation,0
captures,topologically,0
captures,wavelengths,0
captures,markers,0
captures,n-acetyltransferase,0
captures,holes,0
captures,photocatalyst,0
captures,investigations,0
captures,trypanosoma,0
captures,sciences,0
captures,medica,0
captures,plant,0
captures,harmful,0
captures,theory,0
captures,heavily,0
captures,hemisphere,0
captures,gps,0
captures,obu,0
captures,material,0
captures,heparin,0
captures,typically,0
captures,imdb,0
captures,kitti,0
captures,s-triazine,0
captures,mscoco,0
captures,sites,0
captures,cloud,0
captures,photoreduction,0
captures,ethereum,0
captures,smiles,0
captures,catalysts,0
captures,technologies,0
captures,svm,0
captures,knn,0
captures,softmax,0
captures,chloroform,0
captures,formed,0
captures,escherichia,0
captures,euclidean,0
captures,rnas,0
captures,fourier,0
captures,pca,0
captures,decades,0
captures,copy,0
captures,fixation,0
captures,molecules,0
captures,molecule,0
captures,ntu,0
captures,matthews,0
captures,secure,0
captures,nlp,0
captures,words,0
captures,water,0
captures,wiki,0
captures,nanosized,0
captures,surge,0
captures,kinetics,0
captures,dft,0
captures,guided,0
captures,subgraph,0
captures,ftir,0
captures,xps,0
captures,euler,0
captures,skeletongait,0
captures,informative,0
captures,metsulfuron,0
captures,meaningful,0
captures,revealed,0
captures,gcaru,0
captures,probability,0
captures,methodology,0
captures,pubmed,0
captures,sentiments,0
captures,electron,0
captures,kinetoplastid,0
captures,unconventional,0
captures,cgcnimp,0
captures,mcc,0
captures,fenton,0
captures,generative,0
captures,dmax,0
captures,topic,0
captures,updated,0
captures,supervised,0
captures,works,0
captures,showed,0
captures,psf,0
captures,presentation,0
captures,indonesia,0
captures,pooling,0
captures,intratesticular,0
captures,evolution,0
captures,cfz,0
captures,single-granular,0
captures,optical,0
captures,modalities,0
captures,high,0
captures,tumor,0
captures,dense,0
captures,identify,0
captures,ternary,0
captures,sparsity,0
captures,faces,0
captures,immune,0
captures,gat,0
captures,communication,0
captures,layouts,0
captures,cells,0
captures,remote,0
captures,splitting,0
captures,pairs,0
captures,include,0
captures,photocatalytic,0
captures,success,0
captures,reactions,0
captures,field,0
captures,correction,0
captures,functions,0
captures,targets,0
captures,part,0
captures,focuses,0
captures,stability,0
captures,sample,0
captures,pollutants,0
captures,tree,0
captures,protein,0
captures,point,0
captures,reported,0
captures,center,0
learns,variously,0
learns,mikae,0
learns,lutea,0
learns,low-pass,0
learns,metal,0
learns,water-splitting,0
learns,nitride,0
learns,literature,0
learns,rarely,0
learns,pharmacology,0
learns,published,0
learns,meiosis,0
learns,reduced,0
learns,roofs,0
learns,standards,0
learns,rna,0
learns,tcga,0
learns,pei-gcn,0
learns,membranes,0
learns,three-dimensional,0
learns,recombination,0
learns,owing,0
learns,roads,0
learns,seoul,0
learns,proteins,0
learns,prohibitively,0
learns,psycholinguistic,0
learns,nitrogen-rich,0
learns,tubes,0
learns,liquid,0
learns,mixed,0
learns,self-healing,0
learns,viable,0
learns,trna,0
learns,sgc,0
learns,u-shaped,0
learns,pressure,0
learns,requirement,0
learns,numerous,0
learns,topologically,0
learns,wavelengths,0
learns,markers,0
learns,n-acetyltransferase,0
learns,photocatalyst,0
learns,trypanosoma,0
learns,sciences,0
learns,medica,0
learns,plant,0
learns,videos,0
learns,theory,0
learns,obu,0
learns,material,0
learns,s-triazine,0
learns,mscoco,0
learns,sites,0
learns,photoreduction,0
learns,smiles,0
learns,svm,0
learns,softmax,0
learns,rnas,0
learns,pca,0
learns,molecule,0
learns,ntu,0
learns,matthews,0
learns,secure,0
learns,water,0
learns,wiki,0
learns,nanosized,0
learns,surge,0
learns,vehicle,0
learns,subgraph,0
learns,xps,0
learns,pose,0
learns,metsulfuron,0
learns,revealed,0
learns,probability,0
learns,sentiments,0
learns,unconventional,0
learns,mcc,0
learns,unifying,0
learns,updated,0
learns,u-net,0
learns,psf,0
learns,presentation,0
learns,single-granular,0
learns,optical,0
learns,modalities,0
learns,management,0
learns,tumor,0
learns,ternary,0
learns,synthetic,0
learns,splitting,0
learns,pairs,0
learns,photocatalytic,0
learns,variation,0
learns,reactions,0
learns,unit,0
learns,light,0
learns,video,0
learns,pollutants,0
learns,tree,0
learns,motion,0
learns,point,0
learns,reported,0
learns,remarkable,0
achieves,intuitively,0
achieves,variously,0
achieves,anchored,0
achieves,interacts,0
achieves,mikae,0
achieves,eastern,0
achieves,bulbosa,0
achieves,colomatta,0
achieves,lutea,0
achieves,connecting,0
achieves,cocatalyst-free,0
achieves,water-splitting,0
achieves,concentrated,0
achieves,pharmacology,0
achieves,curated,0
achieves,meiosis,0
achieves,roofs,0
achieves,cancers,0
achieves,hyperlinks,0
achieves,continuation,0
achieves,tcga,0
achieves,pei-gcn,0
achieves,gqa,0
achieves,assist,0
achieves,membranes,0
achieves,dempster-shafer,0
achieves,hours,0
achieves,alternatively,0
achieves,determination,0
achieves,seoul,0
achieves,prohibitively,0
achieves,psycholinguistic,0
achieves,heterojunction,0
achieves,nitrogen-rich,0
achieves,tubes,0
achieves,chemical,0
achieves,liquid,0
achieves,self-healing,0
achieves,dual-stimulus,0
achieves,households,0
achieves,apartments,0
achieves,viable,0
achieves,trna,0
achieves,cutting-thin,0
achieves,string,0
achieves,sgc,0
achieves,couplings,0
achieves,f-score,0
achieves,separation,0
achieves,topologically,0
achieves,wavelengths,0
achieves,markers,0
achieves,n-acetyltransferase,0
achieves,photocatalyst,0
achieves,investigations,0
achieves,trypanosoma,0
achieves,sciences,0
achieves,medica,0
achieves,plant,0
achieves,harmful,0
achieves,heavily,0
achieves,gps,0
achieves,obu,0
achieves,material,0
achieves,heparin,0
achieves,kitti,0
achieves,artifact,0
achieves,s-triazine,0
achieves,mscoco,0
achieves,photoreduction,0
achieves,catalysts,0
achieves,technologies,0
achieves,knn,0
achieves,softmax,0
achieves,chloroform,0
achieves,formed,0
achieves,escherichia,0
achieves,pca,0
achieves,fixation,0
achieves,matthews,0
achieves,water,0
achieves,wiki,0
achieves,nanosized,0
achieves,surge,0
achieves,dft,0
achieves,ftir,0
achieves,xps,0
achieves,skeletongait,0
achieves,metsulfuron,0
achieves,gcaru,0
achieves,sentiments,0
achieves,kinetoplastid,0
achieves,unconventional,0
achieves,fenton,0
achieves,unifying,0
achieves,showed,0
achieves,psf,0
achieves,indonesia,0
achieves,intratesticular,0
achieves,aminoacyl,0
achieves,cfz,0
achieves,single-granular,0
achieves,optical,0
achieves,desirable,0
achieves,tumor,0
achieves,immune,0
achieves,layouts,0
achieves,splitting,0
achieves,reactions,0
achieves,functions,0
achieves,adsorption,0
achieves,bind,0
achieves,band,0
embedding,intuitively,0
embedding,variously,0
embedding,interacts,0
embedding,mikae,0
embedding,lutea,0
embedding,low-pass,0
embedding,metal,0
embedding,water-splitting,0
embedding,nitride,0
embedding,pharmacology,0
embedding,meiosis,0
embedding,roofs,0
embedding,hyperlinks,0
embedding,standards,0
embedding,rna,0
embedding,tcga,0
embedding,pei-gcn,0
embedding,gqa,0
embedding,membranes,0
embedding,pharmacological,0
embedding,three-dimensional,0
embedding,recombination,0
embedding,hours,0
embedding,roads,0
embedding,seoul,0
embedding,prohibitively,0
embedding,psycholinguistic,0
embedding,heterojunction,0
embedding,nitrogen-rich,0
embedding,tubes,0
embedding,liquid,0
embedding,graphitic,0
embedding,granger,0
embedding,self-healing,0
embedding,households,0
embedding,viable,0
embedding,trna,0
embedding,u-shaped,0
embedding,pressure,0
embedding,f-score,0
embedding,topologically,0
embedding,wavelengths,0
embedding,markers,0
embedding,n-acetyltransferase,0
embedding,holes,0
embedding,photocatalyst,0
embedding,trypanosoma,0
embedding,sciences,0
embedding,medica,0
embedding,harmful,0
embedding,hemisphere,0
embedding,gps,0
embedding,obu,0
embedding,material,0
embedding,heparin,0
embedding,s-triazine,0
embedding,mscoco,0
embedding,photoreduction,0
embedding,smiles,0
embedding,softmax,0
embedding,escherichia,0
embedding,patient,0
embedding,rnas,0
embedding,fourier,0
embedding,pca,0
embedding,fixation,0
embedding,molecules,0
embedding,molecule,0
embedding,ntu,0
embedding,matthews,0
embedding,wiki,0
embedding,nanosized,0
embedding,kinetics,0
embedding,guided,0
embedding,ftir,0
embedding,xps,0
embedding,skeletongait,0
embedding,metsulfuron,0
embedding,gcaru,0
embedding,probability,0
embedding,sentiments,0
embedding,kinetoplastid,0
embedding,unconventional,0
embedding,mcc,0
embedding,fenton,0
embedding,u-net,0
embedding,psf,0
embedding,presentation,0
embedding,indonesia,0
embedding,intratesticular,0
embedding,single-granular,0
embedding,optical,0
embedding,ternary,0
embedding,trend,0
embedding,faces,0
embedding,surface,0
embedding,immune,0
embedding,splitting,0
embedding,rgb,0
embedding,pairs,0
embedding,photocatalytic,0
embedding,reactions,0
embedding,pollutants,0
embedding,reported,0
effective,intuitively,0
effective,interacts,0
effective,mikae,0
effective,lutea,0
effective,low-pass,0
effective,water-splitting,0
effective,meiosis,0
effective,hyperlinks,0
effective,tcga,0
effective,gqa,0
effective,thousands,0
effective,hours,0
effective,seoul,0
effective,prohibitively,0
effective,psycholinguistic,0
effective,nitrogen-rich,0
effective,tubes,0
effective,granger,0
effective,smoothing,0
effective,households,0
effective,viable,0
effective,trna,0
effective,sgc,0
effective,requirement,0
effective,topologically,0
effective,wavelengths,0
effective,n-acetyltransferase,0
effective,trypanosoma,0
effective,hemisphere,0
effective,gps,0
effective,obu,0
effective,heparin,0
effective,imdb,0
effective,kitti,0
effective,s-triazine,0
effective,mscoco,0
effective,smiles,0
effective,knn,0
effective,escherichia,0
effective,rnas,0
effective,fourier,0
effective,pca,0
effective,fixation,0
effective,molecule,0
effective,matthews,0
effective,wiki,0
effective,nanosized,0
effective,euler,0
effective,skeletongait,0
effective,gcaru,0
effective,kinetoplastid,0
effective,unconventional,0
effective,mcc,0
effective,unifying,0
effective,psf,0
effective,indonesia,0
effective,intratesticular,0
effective,single-granular,0
effective,immune,0
photocatalytic,variously,0
photocatalytic,water-splitting,0
photocatalytic,roofs,0
photocatalytic,standards,0
photocatalytic,rna,0
photocatalytic,tcga,0
photocatalytic,three-dimensional,0
photocatalytic,problem,0
photocatalytic,thousands,0
photocatalytic,roads,0
photocatalytic,tasks,0
photocatalytic,seoul,0
photocatalytic,proteins,0
photocatalytic,time-consuming,0
photocatalytic,prohibitively,0
photocatalytic,psycholinguistic,0
photocatalytic,self-healing,0
photocatalytic,smoothing,0
photocatalytic,trna,0
photocatalytic,string,0
photocatalytic,sgc,0
photocatalytic,u-shaped,0
photocatalytic,requirement,0
photocatalytic,topologically,0
photocatalytic,wavelengths,0
photocatalytic,sets,0
photocatalytic,trypanosoma,0
photocatalytic,sciences,0
photocatalytic,plant,0
photocatalytic,transformers,0
photocatalytic,videos,0
photocatalytic,rely,0
photocatalytic,relation,0
photocatalytic,relations,0
photocatalytic,typically,0
photocatalytic,s-triazine,0
photocatalytic,points,0
photocatalytic,smiles,0
photocatalytic,svm,0
photocatalytic,softmax,0
photocatalytic,similarity,0
photocatalytic,rnas,0
photocatalytic,unsupervised,0
photocatalytic,secure,0
photocatalytic,words,0
photocatalytic,transformer,0
photocatalytic,wiki,0
photocatalytic,surge,0
photocatalytic,vehicle,0
photocatalytic,subgraph,0
photocatalytic,skeleton-based,0
photocatalytic,skeletongait,0
photocatalytic,probability,0
photocatalytic,pubmed,0
photocatalytic,sentiments,0
photocatalytic,unconventional,0
photocatalytic,relationships,0
photocatalytic,representation,0
photocatalytic,represent,0
photocatalytic,unifying,0
photocatalytic,topic,0
photocatalytic,updated,0
photocatalytic,training,0
photocatalytic,u-net,0
photocatalytic,supervised,0
photocatalytic,works,0
photocatalytic,psf,0
photocatalytic,presentation,0
photocatalytic,pooling,0
photocatalytic,prediction,0
photocatalytic,propagation,0
photocatalytic,single-granular,0
photocatalytic,representations,0
photocatalytic,user,0
photocatalytic,predict,0
photocatalytic,tumor,0
photocatalytic,target,0
photocatalytic,recognition,0
photocatalytic,trend,0
photocatalytic,sparsity,0
photocatalytic,static,0
photocatalytic,temporal,0
photocatalytic,predicting,0
photocatalytic,validate,0
photocatalytic,spatial-temporal,0
photocatalytic,single,0
photocatalytic,task,0
photocatalytic,traffic,0
photocatalytic,visual,0
photocatalytic,remote,0
photocatalytic,rgb,0
photocatalytic,processing,0
photocatalytic,success,0
photocatalytic,unit,0
photocatalytic,progress,0
photocatalytic,video,0
photocatalytic,traditional,0
photocatalytic,tree,0
structural,variously,0
structural,water-splitting,0
structural,tubes,0
structural,viable,0
structural,trna,0
structural,topologically,0
structural,wavelengths,0
structural,trypanosoma,0
structural,unconventional,0
structural,unifying,0
structural,tumor,0
success,variously,0
success,wide,0
success,water-splitting,0
success,tcga,0
success,three-dimensional,0
success,tubes,0
success,viable,0
success,trna,0
success,u-shaped,0
success,topologically,0
success,wavelengths,0
success,trypanosoma,0
success,videos,0
success,technologies,0
success,svm,0
success,wiki,0
success,surge,0
success,vehicle,0
success,xps,0
success,unconventional,0
success,unifying,0
success,topic,0
success,updated,0
success,u-net,0
success,user,0
success,ternary,0
success,trend,0
success,surface,0
success,variation,0
success,utilization,0
cases,drug-drug,0
cases,intuitively,0
cases,variously,0
cases,interacts,0
cases,mikae,0
cases,eastern,0
cases,colomatta,0
cases,lutea,0
cases,connecting,0
cases,low-pass,0
cases,metal,0
cases,cocatalyst-free,0
cases,water-splitting,0
cases,nitride,0
cases,concentrated,0
cases,pharmacology,0
cases,curated,0
cases,meiosis,0
cases,roofs,0
cases,hyperlinks,0
cases,differently,0
cases,explicitly,0
cases,continuation,0
cases,standards,0
cases,tcga,0
cases,pei-gcn,0
cases,gqa,0
cases,membranes,0
cases,result,0
cases,pharmacological,0
cases,efficient,0
cases,fast,0
cases,recombination,0
cases,dempster-shafer,0
cases,thousands,0
cases,hours,0
cases,roads,0
cases,determination,0
cases,seoul,0
cases,proteins,0
cases,encoded,0
cases,time-consuming,0
cases,prohibitively,0
cases,psycholinguistic,0
cases,heterojunction,0
cases,nitrogen-rich,0
cases,tubes,0
cases,chemical,0
cases,liquid,0
cases,graphitic,0
cases,granger,0
cases,established,0
cases,mixed,0
cases,excellent,0
cases,self-healing,0
cases,dual-stimulus,0
cases,smoothing,0
cases,households,0
cases,viable,0
cases,trna,0
cases,cutting-thin,0
cases,descriptor,0
cases,explore,0
cases,sgc,0
cases,u-shaped,0
cases,couplings,0
cases,pressure,0
cases,f-score,0
cases,requirement,0
cases,separation,0
cases,topologically,0
cases,wavelengths,0
cases,n-acetyltransferase,0
cases,holes,0
cases,photocatalyst,0
cases,investigations,0
cases,trypanosoma,0
cases,sciences,0
cases,medica,0
cases,plant,0
cases,harmful,0
cases,videos,0
cases,theory,0
cases,heavily,0
cases,hemisphere,0
cases,obu,0
cases,heparin,0
cases,firstly,0
cases,imdb,0
cases,kitti,0
cases,s-triazine,0
cases,mscoco,0
cases,sites,0
cases,points,0
cases,photoreduction,0
cases,ethereum,0
cases,smiles,0
cases,catalysts,0
cases,technologies,0
cases,knn,0
cases,softmax,0
cases,chloroform,0
cases,formed,0
cases,escherichia,0
cases,euclidean,0
cases,rnas,0
cases,fourier,0
cases,fixation,0
cases,molecules,0
cases,molecule,0
cases,ntu,0
cases,matthews,0
cases,secure,0
cases,nlp,0
cases,words,0
cases,wiki,0
cases,nanosized,0
cases,surge,0
cases,data-driven,0
cases,kinetics,0
cases,dft,0
cases,skeleton,0
cases,layer,0
cases,subgraph,0
cases,ftir,0
cases,xps,0
cases,skeleton-based,0
cases,euler,0
cases,skeletongait,0
cases,informative,0
cases,metsulfuron,0
cases,gcaru,0
cases,pubmed,0
cases,sentiments,0
cases,electron,0
cases,kinetoplastid,0
cases,unconventional,0
cases,cgcnimp,0
cases,mcc,0
cases,fenton,0
cases,dmax,0
cases,unifying,0
cases,laplacian,0
cases,updated,0
cases,correlations,0
cases,u-net,0
cases,supervised,0
cases,psf,0
cases,pooling,0
cases,technique,0
cases,propagation,0
cases,neighbor,0
cases,evolution,0
cases,cfz,0
cases,single-granular,0
cases,optical,0
cases,focus,0
cases,desirable,0
cases,user,0
cases,ternary,0
cases,trend,0
cases,sparsity,0
cases,faces,0
cases,static,0
cases,immune,0
cases,identification,0
cases,communication,0
cases,layouts,0
cases,splitting,0
cases,rgb,0
cases,learns,0
cases,photocatalytic,0
cases,structural,0
cases,variation,0
cases,reactions,0
cases,patterns,0
cases,correction,0
cases,constructing,0
cases,light,0
cases,utilization,0
cases,progress,0
cases,video,0
cases,stability,0
cases,pollutants,0
cases,diffusion,0
cases,tree,0
cases,remarkable,0
variation,variously,0
variation,water-splitting,0
variation,viable,0
variation,wavelengths,0
variation,wiki,0
variation,vehicle,0
variation,visual,0
identifying,intuitively,0
identifying,inferred,0
identifying,variously,0
identifying,interacts,0
identifying,mikae,0
identifying,lutea,0
identifying,low-pass,0
identifying,metal,0
identifying,water-splitting,0
identifying,nitride,0
identifying,rarely,0
identifying,meiosis,0
identifying,roofs,0
identifying,standards,0
identifying,pei-gcn,0
identifying,membranes,0
identifying,three-dimensional,0
identifying,recombination,0
identifying,thousands,0
identifying,roads,0
identifying,seoul,0
identifying,prohibitively,0
identifying,psycholinguistic,0
identifying,nitrogen-rich,0
identifying,tubes,0
identifying,liquid,0
identifying,mixed,0
identifying,self-healing,0
identifying,viable,0
identifying,trna,0
identifying,sgc,0
identifying,u-shaped,0
identifying,pressure,0
identifying,requirement,0
identifying,separation,0
identifying,topologically,0
identifying,wavelengths,0
identifying,n-acetyltransferase,0
identifying,photocatalyst,0
identifying,trypanosoma,0
identifying,sciences,0
identifying,medica,0
identifying,theory,0
identifying,obu,0
identifying,kitti,0
identifying,s-triazine,0
identifying,mscoco,0
identifying,photoreduction,0
identifying,smiles,0
identifying,knn,0
identifying,softmax,0
identifying,initiative,0
identifying,molecules,0
identifying,molecule,0
identifying,ntu,0
identifying,matthews,0
identifying,secure,0
identifying,transformer,0
identifying,water,0
identifying,wiki,0
identifying,nanosized,0
identifying,surge,0
identifying,kinetics,0
identifying,xps,0
identifying,pose,0
identifying,skeleton-based,0
identifying,skeletongait,0
identifying,metsulfuron,0
identifying,meaningful,0
identifying,pubmed,0
identifying,sentiments,0
identifying,kinetoplastid,0
identifying,unconventional,0
identifying,mcc,0
identifying,laplacian,0
identifying,updated,0
identifying,u-net,0
identifying,psf,0
identifying,optimal,0
identifying,presentation,0
identifying,indonesia,0
identifying,intratesticular,0
identifying,single-granular,0
identifying,optical,0
identifying,user,0
identifying,tumor,0
identifying,ternary,0
identifying,sparsity,0
identifying,static,0
identifying,surface,0
identifying,validate,0
identifying,layouts,0
identifying,remote,0
identifying,splitting,0
identifying,rgb,0
identifying,include,0
identifying,photocatalytic,0
identifying,reactions,0
identifying,light,0
identifying,neighbors,0
identifying,video,0
identifying,stability,0
identifying,pollutants,0
identifying,point,0
identifying,remarkable,0
important,variously,0
important,interacts,0
important,mikae,0
important,lutea,0
important,water-splitting,0
important,pharmacology,0
important,meiosis,0
important,roofs,0
important,pei-gcn,0
important,membranes,0
important,seoul,0
important,prohibitively,0
important,psycholinguistic,0
important,nitrogen-rich,0
important,tubes,0
important,self-healing,0
important,trna,0
important,sgc,0
important,u-shaped,0
important,pressure,0
important,topologically,0
important,wavelengths,0
important,n-acetyltransferase,0
important,trypanosoma,0
important,sciences,0
important,medica,0
important,obu,0
important,kitti,0
important,s-triazine,0
important,mscoco,0
important,photoreduction,0
important,rnas,0
important,matthews,0
important,wiki,0
important,nanosized,0
important,surge,0
important,skeletongait,0
important,metsulfuron,0
important,kinetoplastid,0
important,unconventional,0
important,unifying,0
important,updated,0
important,psf,0
important,presentation,0
important,indonesia,0
important,intratesticular,0
important,single-granular,0
important,layouts,0
reactions,variously,0
reactions,specifically,0
reactions,water-splitting,0
reactions,roofs,0
reactions,systems,0
reactions,tcga,0
reactions,real-world,0
reactions,thousands,0
reactions,roads,0
reactions,tasks,0
reactions,seoul,0
reactions,time-consuming,0
reactions,tubes,0
reactions,self-healing,0
reactions,smoothing,0
reactions,viable,0
reactions,trna,0
reactions,sgc,0
reactions,u-shaped,0
reactions,samples,0
reactions,requirement,0
reactions,topologically,0
reactions,wavelengths,0
reactions,simultaneously,0
reactions,resulting,0
reactions,trypanosoma,0
reactions,sciences,0
reactions,transformers,0
reactions,videos,0
reactions,theory,0
reactions,rely,0
reactions,relation,0
reactions,relations,0
reactions,typically,0
reactions,understanding,0
reactions,s-triazine,0
reactions,smiles,0
reactions,technologies,0
reactions,svm,0
reactions,softmax,0
reactions,similarity,0
reactions,unsupervised,0
reactions,secure,0
reactions,words,0
reactions,transformer,0
reactions,wiki,0
reactions,surge,0
reactions,skeleton,0
reactions,vehicle,0
reactions,subgraph,0
reactions,skeleton-based,0
reactions,skeletongait,0
reactions,sentiments,0
reactions,role,0
reactions,unconventional,0
reactions,relationships,0
reactions,represent,0
reactions,unifying,0
reactions,updated,0
reactions,training,0
reactions,u-net,0
reactions,supervised,0
reactions,works,0
reactions,single-granular,0
reactions,tumor,0
reactions,target,0
reactions,recognition,0
reactions,trend,0
reactions,sparsity,0
reactions,static,0
reactions,temporal,0
reactions,validate,0
reactions,spatial-temporal,0
reactions,single,0
reactions,traffic,0
reactions,synthetic,0
reactions,real,0
reactions,visual,0
reactions,remote,0
reactions,rgb,0
reactions,variation,0
reactions,unit,0
reactions,video,0
reactions,traditional,0
reactions,tree,0
memory,variously,0
memory,mikae,0
memory,metal,0
memory,water-splitting,0
memory,nitride,0
memory,pharmacology,0
memory,roofs,0
memory,standards,0
memory,rna,0
memory,tcga,0
memory,pei-gcn,0
memory,pharmacological,0
memory,recombination,0
memory,thousands,0
memory,seoul,0
memory,proteins,0
memory,time-consuming,0
memory,prohibitively,0
memory,psycholinguistic,0
memory,nitrogen-rich,0
memory,tubes,0
memory,self-healing,0
memory,trna,0
memory,string,0
memory,sgc,0
memory,u-shaped,0
memory,requirement,0
memory,separation,0
memory,topologically,0
memory,wavelengths,0
memory,n-acetyltransferase,0
memory,photocatalyst,0
memory,trypanosoma,0
memory,plant,0
memory,theory,0
memory,obu,0
memory,typically,0
memory,s-triazine,0
memory,mscoco,0
memory,photoreduction,0
memory,svm,0
memory,rnas,0
memory,pca,0
memory,ntu,0
memory,nlp,0
memory,wiki,0
memory,nanosized,0
memory,surge,0
memory,subgraph,0
memory,xps,0
memory,skeletongait,0
memory,metsulfuron,0
memory,revealed,0
memory,sentiments,0
memory,unconventional,0
memory,unifying,0
memory,u-net,0
memory,psf,0
memory,presentation,0
memory,single-granular,0
memory,optical,0
memory,modalities,0
memory,tumor,0
memory,ternary,0
memory,splitting,0
memory,pairs,0
memory,photocatalytic,0
memory,targets,0
memory,progress,0
memory,tree,0
memory,reported,0
unit,variously,0
unit,water-splitting,0
unit,viable,0
unit,wavelengths,0
unit,unsupervised,0
unit,wiki,0
unit,xps,0
unit,updated,0
unit,utilization,0
unit,video,0
gated,intuitively,0
gated,inferred,0
gated,variously,0
gated,interacts,0
gated,mikae,0
gated,lutea,0
gated,low-pass,0
gated,metal,0
gated,water-splitting,0
gated,nitride,0
gated,present,0
gated,literature,0
gated,pharmacology,0
gated,meiosis,0
gated,roofs,0
gated,hyperlinks,0
gated,independently,0
gated,rna,0
gated,tcga,0
gated,pei-gcn,0
gated,gqa,0
gated,membranes,0
gated,pharmacological,0
gated,three-dimensional,0
gated,recombination,0
gated,thousands,0
gated,hours,0
gated,seoul,0
gated,proteins,0
gated,time-consuming,0
gated,prohibitively,0
gated,psycholinguistic,0
gated,heterojunction,0
gated,nitrogen-rich,0
gated,tubes,0
gated,liquid,0
gated,graphitic,0
gated,granger,0
gated,mixed,0
gated,self-healing,0
gated,smoothing,0
gated,households,0
gated,viable,0
gated,trna,0
gated,string,0
gated,sgc,0
gated,u-shaped,0
gated,pressure,0
gated,separation,0
gated,topologically,0
gated,wavelengths,0
gated,markers,0
gated,n-acetyltransferase,0
gated,holes,0
gated,photocatalyst,0
gated,investigations,0
gated,trypanosoma,0
gated,sciences,0
gated,medica,0
gated,transformers,0
gated,harmful,0
gated,videos,0
gated,years,0
gated,theory,0
gated,leading,0
gated,hemisphere,0
gated,material,0
gated,heparin,0
gated,relation,0
gated,imdb,0
gated,s-triazine,0
gated,mscoco,0
gated,sites,0
gated,photoreduction,0
gated,smiles,0
gated,svm,0
gated,knn,0
gated,patients,0
gated,patient,0
gated,rnas,0
gated,initiative,0
gated,pca,0
gated,ntu,0
gated,unsupervised,0
gated,matthews,0
gated,secure,0
gated,nlp,0
gated,transformer,0
gated,wiki,0
gated,nanosized,0
gated,surge,0
gated,kinetics,0
gated,skeleton,0
gated,guided,0
gated,subgraph,0
gated,xps,0
gated,pose,0
gated,skeleton-based,0
gated,skeletongait,0
gated,informative,0
gated,metsulfuron,0
gated,meaningful,0
gated,gcaru,0
gated,probability,0
gated,methodology,0
gated,pubmed,0
gated,sentiments,0
gated,kinetoplastid,0
gated,unconventional,0
gated,mcc,0
gated,generative,0
gated,unifying,0
gated,updated,0
gated,u-net,0
gated,supervised,0
gated,psf,0
gated,presentation,0
gated,indonesia,0
gated,pooling,0
gated,intratesticular,0
gated,propagation,0
gated,single-granular,0
gated,optical,0
gated,modalities,0
gated,tumor,0
gated,ternary,0
gated,sparsity,0
gated,gene,0
gated,immune,0
gated,synthetic,0
gated,visual,0
gated,layouts,0
gated,splitting,0
gated,rgb,0
gated,learns,0
gated,photocatalytic,0
gated,success,0
gated,reactions,0
gated,light,0
gated,targets,0
gated,multi-scale,0
gated,progress,0
gated,video,0
gated,stability,0
gated,pollutants,0
gated,protein,0
gated,reported,0
gated,remarkable,0
patterns,variously,0
patterns,water-splitting,0
patterns,rarely,0
patterns,pharmacology,0
patterns,roofs,0
patterns,standards,0
patterns,tcga,0
patterns,pei-gcn,0
patterns,pharmacological,0
patterns,recombination,0
patterns,thousands,0
patterns,roads,0
patterns,time-consuming,0
patterns,prohibitively,0
patterns,psycholinguistic,0
patterns,tubes,0
patterns,self-healing,0
patterns,smoothing,0
patterns,trna,0
patterns,string,0
patterns,sgc,0
patterns,separation,0
patterns,topologically,0
patterns,wavelengths,0
patterns,photocatalyst,0
patterns,trypanosoma,0
patterns,sciences,0
patterns,transformers,0
patterns,s-triazine,0
patterns,photoreduction,0
patterns,smiles,0
patterns,svm,0
patterns,pca,0
patterns,secure,0
patterns,wiki,0
patterns,surge,0
patterns,xps,0
patterns,skeleton-based,0
patterns,probability,0
patterns,pubmed,0
patterns,sentiments,0
patterns,unconventional,0
patterns,unifying,0
patterns,updated,0
patterns,u-net,0
patterns,psf,0
patterns,presentation,0
patterns,single-granular,0
patterns,tumor,0
patterns,ternary,0
patterns,splitting,0
patterns,photocatalytic,0
patterns,variation,0
patterns,remarkable,0
field,intuitively,0
field,variously,0
field,interacts,0
field,mikae,0
field,lutea,0
field,water-splitting,0
field,rarely,0
field,meiosis,0
field,roofs,0
field,hyperlinks,0
field,standards,0
field,rna,0
field,pei-gcn,0
field,gqa,0
field,membranes,0
field,three-dimensional,0
field,hours,0
field,seoul,0
field,prohibitively,0
field,psycholinguistic,0
field,nitrogen-rich,0
field,tubes,0
field,liquid,0
field,granger,0
field,mixed,0
field,self-healing,0
field,households,0
field,trna,0
field,string,0
field,u-shaped,0
field,topologically,0
field,wavelengths,0
field,markers,0
field,n-acetyltransferase,0
field,investigations,0
field,trypanosoma,0
field,sciences,0
field,medica,0
field,heavily,0
field,hemisphere,0
field,gps,0
field,obu,0
field,heparin,0
field,imdb,0
field,kitti,0
field,s-triazine,0
field,mscoco,0
field,photoreduction,0
field,knn,0
field,rnas,0
field,initiative,0
field,pca,0
field,fixation,0
field,matthews,0
field,secure,0
field,nanosized,0
field,surge,0
field,guided,0
field,subgraph,0
field,skeletongait,0
field,informative,0
field,metsulfuron,0
field,sentiments,0
field,kinetoplastid,0
field,unconventional,0
field,mcc,0
field,unifying,0
field,updated,0
field,psf,0
field,presentation,0
field,indonesia,0
field,intratesticular,0
field,ternary,0
field,static,0
field,immune,0
field,splitting,0
field,part,0
correction,drug-drug,0
correction,paper,0
correction,named,0
correction,method,0
correction,intuitively,0
correction,inferred,0
correction,variously,0
correction,wide,0
correction,specifically,0
correction,demonstrates,0
correction,dual,0
correction,interacts,0
correction,mikae,0
correction,eastern,0
correction,lutea,0
correction,existing,0
correction,ignore,0
correction,low-pass,0
correction,metal,0
correction,water-splitting,0
correction,nitride,0
correction,present,0
correction,pharmacology,0
correction,published,0
correction,curated,0
correction,generally,0
correction,meiosis,0
correction,increasing,0
correction,reduced,0
correction,gap,0
correction,developed,0
correction,roofs,0
correction,hyperlinks,0
correction,independently,0
correction,differently,0
correction,explicitly,0
correction,obtained,0
correction,systems,0
correction,standards,0
correction,noise,0
correction,extracting,0
correction,rna,0
correction,tcga,0
correction,pei-gcn,0
correction,gqa,0
correction,proposes,0
correction,critical,0
correction,membranes,0
correction,pharmacological,0
correction,efficient,0
correction,three-dimensional,0
correction,node,0
correction,performance,0
correction,limited,0
correction,fast,0
correction,recombination,0
correction,dempster-shafer,0
correction,thousands,0
correction,hours,0
correction,owing,0
correction,propose,0
correction,roads,0
correction,tasks,0
correction,utilized,0
correction,determination,0
correction,seoul,0
correction,proteins,0
correction,encoded,0
correction,time-consuming,0
correction,experimental,0
correction,prohibitively,0
correction,elsevier,0
correction,psycholinguistic,0
correction,heterojunction,0
correction,nitrogen-rich,0
correction,tubes,0
correction,liquid,0
correction,graphitic,0
correction,granger,0
correction,nodes,0
correction,established,0
correction,mixed,0
correction,excellent,0
correction,self-healing,0
correction,dual-stimulus,0
correction,similar,0
correction,smoothing,0
correction,perform,0
correction,households,0
correction,presents,0
correction,viable,0
correction,trna,0
correction,outperform,0
correction,cutting-thin,0
correction,string,0
correction,descriptor,0
correction,explore,0
correction,sgc,0
correction,u-shaped,0
correction,samples,0
correction,couplings,0
correction,pressure,0
correction,f-score,0
correction,graphs,0
correction,requirement,0
correction,numerous,0
correction,topologically,0
correction,wavelengths,0
correction,sets,0
correction,simultaneously,0
correction,markers,0
correction,n-acetyltransferase,0
correction,holes,0
correction,photocatalyst,0
correction,trypanosoma,0
correction,sciences,0
correction,medica,0
correction,plant,0
correction,transformers,0
correction,harmful,0
correction,videos,0
correction,language,0
correction,theory,0
correction,leading,0
correction,rely,0
correction,decisions,0
correction,heavily,0
correction,hemisphere,0
correction,gps,0
correction,obu,0
correction,material,0
correction,gcns,0
correction,heparin,0
correction,relation,0
correction,relations,0
correction,typically,0
correction,firstly,0
correction,understanding,0
correction,imdb,0
correction,kitti,0
correction,s-triazine,0
correction,mscoco,0
correction,heterogeneous,0
correction,due,0
correction,sites,0
correction,points,0
correction,efficiency,0
correction,photoreduction,0
correction,ethereum,0
correction,lstm,0
correction,smiles,0
correction,technologies,0
correction,svm,0
correction,knn,0
correction,softmax,0
correction,formed,0
correction,escherichia,0
correction,euclidean,0
correction,patients,0
correction,patient,0
correction,similarity,0
correction,rnas,0
correction,fourier,0
correction,initiative,0
correction,pca,0
correction,decades,0
correction,recently,0
correction,fixation,0
correction,molecules,0
correction,molecule,0
correction,ntu,0
correction,edges,0
correction,unsupervised,0
correction,matthews,0
correction,secure,0
correction,nlp,0
correction,words,0
correction,transformer,0
correction,system,0
correction,water,0
correction,wiki,0
correction,nanosized,0
correction,effectively,0
correction,surge,0
correction,data-driven,0
correction,kinetics,0
correction,dft,0
correction,vehicle,0
correction,guided,0
correction,end,0
correction,layer,0
correction,subgraph,0
correction,ftir,0
correction,xps,0
correction,pose,0
correction,euler,0
correction,skeletongait,0
correction,graph-based,0
correction,informative,0
correction,dependencies,0
correction,metsulfuron,0
correction,meaningful,0
correction,revealed,0
correction,gcaru,0
correction,probability,0
correction,methodology,0
correction,spatial,0
correction,pubmed,0
correction,sentiments,0
correction,electron,0
correction,kinetoplastid,0
correction,unconventional,0
correction,mcc,0
correction,optimization,0
correction,relationships,0
correction,representation,0
correction,represent,0
correction,fenton,0
correction,generative,0
correction,dmax,0
correction,unifying,0
correction,embeddings,0
correction,laplacian,0
correction,topic,0
correction,updated,0
correction,global,0
correction,local,0
correction,deep,0
correction,correlations,0
correction,u-net,0
correction,supervised,0
correction,error,0
correction,works,0
correction,generate,0
correction,showed,0
correction,psf,0
correction,presentation,0
correction,indonesia,0
correction,pooling,0
correction,dataset,0
correction,intratesticular,0
correction,technique,0
correction,prediction,0
correction,factors,0
correction,propagation,0
correction,daily,0
correction,learn,0
correction,evolution,0
correction,single-granular,0
correction,optical,0
correction,focus,0
correction,desirable,0
correction,modalities,0
correction,module,0
correction,representations,0
correction,introduce,0
correction,expression,0
correction,user,0
correction,management,0
correction,predict,0
correction,set,0
correction,fully,0
correction,tumor,0
correction,target,0
correction,dense,0
correction,identify,0
correction,ternary,0
correction,trend,0
correction,sparsity,0
correction,faces,0
correction,recent,0
correction,static,0
correction,gene,0
correction,surface,0
correction,immune,0
correction,knowledge,0
correction,temporal,0
correction,identification,0
correction,predicting,0
correction,validate,0
correction,gat,0
correction,interaction,0
correction,task,0
correction,energy,0
correction,step,0
correction,machine,0
correction,traffic,0
correction,synthetic,0
correction,real,0
correction,visual,0
correction,layouts,0
correction,remote,0
correction,splitting,0
correction,parameters,0
correction,rgb,0
correction,improved,0
correction,large,0
correction,pairs,0
correction,employed,0
correction,include,0
correction,learns,0
correction,effective,0
correction,photocatalytic,0
correction,structural,0
correction,success,0
correction,variation,0
correction,identifying,0
correction,important,0
correction,reactions,0
correction,memory,0
correction,unit,0
correction,gated,0
correction,patterns,0
correction,field,0
correction,great,0
correction,light,0
correction,functions,0
correction,targets,0
correction,multi-scale,0
correction,utilization,0
correction,structures,0
correction,part,0
correction,progress,0
correction,video,0
correction,focuses,0
correction,traditional,0
correction,stability,0
correction,sample,0
correction,designed,0
correction,pollutants,0
correction,diffusion,0
correction,tree,0
correction,motion,0
correction,types,0
correction,protein,0
correction,point,0
correction,reported,0
correction,remarkable,0
constructing,drug-drug,0
constructing,intuitively,0
constructing,inferred,0
constructing,variously,0
constructing,mikae,0
constructing,eastern,0
constructing,lutea,0
constructing,low-pass,0
constructing,metal,0
constructing,water-splitting,0
constructing,rarely,0
constructing,pharmacology,0
constructing,curated,0
constructing,generally,0
constructing,meiosis,0
constructing,gap,0
constructing,hyperlinks,0
constructing,differently,0
constructing,continuation,0
constructing,standards,0
constructing,rna,0
constructing,tcga,0
constructing,pei-gcn,0
constructing,gqa,0
constructing,membranes,0
constructing,pharmacological,0
constructing,dempster-shafer,0
constructing,hours,0
constructing,roads,0
constructing,determination,0
constructing,seoul,0
constructing,encoded,0
constructing,prohibitively,0
constructing,psycholinguistic,0
constructing,heterojunction,0
constructing,nitrogen-rich,0
constructing,tubes,0
constructing,liquid,0
constructing,graphitic,0
constructing,granger,0
constructing,mixed,0
constructing,excellent,0
constructing,self-healing,0
constructing,dual-stimulus,0
constructing,smoothing,0
constructing,households,0
constructing,presents,0
constructing,viable,0
constructing,trna,0
constructing,outperform,0
constructing,cutting-thin,0
constructing,string,0
constructing,descriptor,0
constructing,sgc,0
constructing,u-shaped,0
constructing,couplings,0
constructing,pressure,0
constructing,f-score,0
constructing,requirement,0
constructing,separation,0
constructing,topologically,0
constructing,wavelengths,0
constructing,markers,0
constructing,n-acetyltransferase,0
constructing,holes,0
constructing,photocatalyst,0
constructing,investigations,0
constructing,trypanosoma,0
constructing,sciences,0
constructing,medica,0
constructing,plant,0
constructing,harmful,0
constructing,videos,0
constructing,rely,0
constructing,heavily,0
constructing,hemisphere,0
constructing,gps,0
constructing,obu,0
constructing,material,0
constructing,heparin,0
constructing,imdb,0
constructing,kitti,0
constructing,s-triazine,0
constructing,mscoco,0
constructing,photoreduction,0
constructing,smiles,0
constructing,svm,0
constructing,knn,0
constructing,formed,0
constructing,escherichia,0
constructing,rnas,0
constructing,fourier,0
constructing,pca,0
constructing,decades,0
constructing,fixation,0
constructing,molecules,0
constructing,molecule,0
constructing,ntu,0
constructing,unsupervised,0
constructing,matthews,0
constructing,nlp,0
constructing,words,0
constructing,water,0
constructing,wiki,0
constructing,nanosized,0
constructing,surge,0
constructing,data-driven,0
constructing,kinetics,0
constructing,dft,0
constructing,vehicle,0
constructing,guided,0
constructing,end,0
constructing,ftir,0
constructing,xps,0
constructing,euler,0
constructing,skeletongait,0
constructing,metsulfuron,0
constructing,gcaru,0
constructing,probability,0
constructing,sentiments,0
constructing,evaluation,0
constructing,kinetoplastid,0
constructing,unconventional,0
constructing,mcc,0
constructing,fenton,0
constructing,dmax,0
constructing,unifying,0
constructing,topic,0
constructing,updated,0
constructing,u-net,0
constructing,works,0
constructing,psf,0
constructing,presentation,0
constructing,indonesia,0
constructing,intratesticular,0
constructing,single-granular,0
constructing,optical,0
constructing,ternary,0
constructing,sparsity,0
constructing,synthetic,0
constructing,layouts,0
constructing,splitting,0
constructing,rgb,0
constructing,include,0
constructing,variation,0
constructing,reactions,0
constructing,correction,0
constructing,targets,0
constructing,part,0
constructing,focuses,0
constructing,motion,0
constructing,reported,0
comprehensive,drug-drug,0
comprehensive,inferred,0
comprehensive,variously,0
comprehensive,demonstrates,0
comprehensive,mikae,0
comprehensive,eastern,0
comprehensive,lutea,0
comprehensive,water-splitting,0
comprehensive,literature,0
comprehensive,rarely,0
comprehensive,concentrated,0
comprehensive,pharmacology,0
comprehensive,curated,0
comprehensive,meiosis,0
comprehensive,roofs,0
comprehensive,independently,0
comprehensive,differently,0
comprehensive,continuation,0
comprehensive,tcga,0
comprehensive,pei-gcn,0
comprehensive,gqa,0
comprehensive,pharmacological,0
comprehensive,three-dimensional,0
comprehensive,fast,0
comprehensive,recombination,0
comprehensive,dempster-shafer,0
comprehensive,thousands,0
comprehensive,hours,0
comprehensive,roads,0
comprehensive,determination,0
comprehensive,seoul,0
comprehensive,encoded,0
comprehensive,prohibitively,0
comprehensive,psycholinguistic,0
comprehensive,heterojunction,0
comprehensive,nitrogen-rich,0
comprehensive,tubes,0
comprehensive,granger,0
comprehensive,self-healing,0
comprehensive,dual-stimulus,0
comprehensive,households,0
comprehensive,trna,0
comprehensive,cutting-thin,0
comprehensive,string,0
comprehensive,descriptor,0
comprehensive,couplings,0
comprehensive,pressure,0
comprehensive,f-score,0
comprehensive,requirement,0
comprehensive,topologically,0
comprehensive,wavelengths,0
comprehensive,n-acetyltransferase,0
comprehensive,holes,0
comprehensive,photocatalyst,0
comprehensive,trypanosoma,0
comprehensive,sciences,0
comprehensive,medica,0
comprehensive,plant,0
comprehensive,harmful,0
comprehensive,hemisphere,0
comprehensive,gps,0
comprehensive,obu,0
comprehensive,heparin,0
comprehensive,imdb,0
comprehensive,s-triazine,0
comprehensive,mscoco,0
comprehensive,photoreduction,0
comprehensive,ethereum,0
comprehensive,smiles,0
comprehensive,svm,0
comprehensive,knn,0
comprehensive,escherichia,0
comprehensive,fourier,0
comprehensive,initiative,0
comprehensive,pca,0
comprehensive,molecules,0
comprehensive,ntu,0
comprehensive,wiki,0
comprehensive,nanosized,0
comprehensive,dft,0
comprehensive,vehicle,0
comprehensive,subgraph,0
comprehensive,ftir,0
comprehensive,xps,0
comprehensive,euler,0
comprehensive,skeletongait,0
comprehensive,metsulfuron,0
comprehensive,pubmed,0
comprehensive,kinetoplastid,0
comprehensive,unconventional,0
comprehensive,fenton,0
comprehensive,dmax,0
comprehensive,psf,0
comprehensive,presentation,0
comprehensive,indonesia,0
comprehensive,intratesticular,0
comprehensive,single-granular,0
comprehensive,synthetic,0
comprehensive,layouts,0
comprehensive,variation,0
comprehensive,reactions,0
comprehensive,correction,0
accurate,drug-drug,0
accurate,variously,0
accurate,actions,0
accurate,anchored,0
accurate,interacts,0
accurate,mikae,0
accurate,eastern,0
accurate,bulbosa,0
accurate,colomatta,0
accurate,lutea,0
accurate,benefit,0
accurate,low-pass,0
accurate,cocatalyst-free,0
accurate,water-splitting,0
accurate,concentrated,0
accurate,pharmacology,0
accurate,curated,0
accurate,meiosis,0
accurate,roofs,0
accurate,hyperlinks,0
accurate,differently,0
accurate,continuation,0
accurate,tcga,0
accurate,pei-gcn,0
accurate,gqa,0
accurate,assist,0
accurate,membranes,0
accurate,recombination,0
accurate,dempster-shafer,0
accurate,thousands,0
accurate,hours,0
accurate,seoul,0
accurate,prohibitively,0
accurate,psycholinguistic,0
accurate,attack,0
accurate,heterojunction,0
accurate,nitrogen-rich,0
accurate,tubes,0
accurate,granger,0
accurate,self-healing,0
accurate,dual-stimulus,0
accurate,smoothing,0
accurate,apartments,0
accurate,viable,0
accurate,trna,0
accurate,cutting-thin,0
accurate,sgc,0
accurate,couplings,0
accurate,f-score,0
accurate,topologically,0
accurate,wavelengths,0
accurate,markers,0
accurate,n-acetyltransferase,0
accurate,holes,0
accurate,photocatalyst,0
accurate,trypanosoma,0
accurate,sciences,0
accurate,medica,0
accurate,plant,0
accurate,achievement,0
accurate,hemisphere,0
accurate,heparin,0
accurate,imdb,0
accurate,kitti,0
accurate,artifact,0
accurate,s-triazine,0
accurate,photoreduction,0
accurate,ethereum,0
accurate,smiles,0
accurate,catalysts,0
accurate,svm,0
accurate,knn,0
accurate,chloroform,0
accurate,escherichia,0
accurate,rnas,0
accurate,fourier,0
accurate,pca,0
accurate,decades,0
accurate,fixation,0
accurate,ntu,0
accurate,secure,0
accurate,wiki,0
accurate,nanosized,0
accurate,surge,0
accurate,dft,0
accurate,guided,0
accurate,ftir,0
accurate,xps,0
accurate,euler,0
accurate,skeletongait,0
accurate,metsulfuron,0
accurate,gcaru,0
accurate,pubmed,0
accurate,sentiments,0
accurate,kinetoplastid,0
accurate,unconventional,0
accurate,cgcnimp,0
accurate,mcc,0
accurate,auprc,0
accurate,fenton,0
accurate,dmax,0
accurate,laplacian,0
accurate,psf,0
accurate,aminoacyl,0
accurate,cfz,0
accurate,single-granular,0
accurate,optical,0
accurate,ternary,0
accurate,immune,0
accurate,layouts,0
accurate,splitting,0
accurate,photocatalytic,0
accurate,reactions,0
accurate,adsorption,0
accurate,progress,0
accurate,tree,0
accurate,remarkable,0
accurate,bind,0
accurate,band,0
great,inferred,0
great,variously,0
great,interacts,0
great,mikae,0
great,lutea,0
great,water-splitting,0
great,rarely,0
great,pharmacology,0
great,meiosis,0
great,roofs,0
great,hyperlinks,0
great,standards,0
great,rna,0
great,pei-gcn,0
great,pharmacological,0
great,thousands,0
great,hours,0
great,seoul,0
great,proteins,0
great,prohibitively,0
great,psycholinguistic,0
great,nitrogen-rich,0
great,tubes,0
great,liquid,0
great,self-healing,0
great,trna,0
great,string,0
great,sgc,0
great,pressure,0
great,topologically,0
great,wavelengths,0
great,markers,0
great,n-acetyltransferase,0
great,investigations,0
great,trypanosoma,0
great,medica,0
great,harmful,0
great,heavily,0
great,hemisphere,0
great,obu,0
great,material,0
great,imdb,0
great,kitti,0
great,s-triazine,0
great,mscoco,0
great,smiles,0
great,svm,0
great,knn,0
great,initiative,0
great,pca,0
great,matthews,0
great,secure,0
great,nanosized,0
great,surge,0
great,skeletongait,0
great,metsulfuron,0
great,methodology,0
great,kinetoplastid,0
great,unconventional,0
great,mcc,0
great,laplacian,0
great,updated,0
great,psf,0
great,presentation,0
great,indonesia,0
great,intratesticular,0
great,neighbor,0
great,layouts,0
great,targets,0
great,utilization,0
action,drug-drug,0
action,inferred,0
action,variously,0
action,anchored,0
action,interacts,0
action,mikae,0
action,eastern,0
action,bulbosa,0
action,colomatta,0
action,lutea,0
action,benefit,0
action,low-pass,0
action,cocatalyst-free,0
action,water-splitting,0
action,pharmacology,0
action,curated,0
action,meiosis,0
action,roofs,0
action,cancers,0
action,hyperlinks,0
action,independently,0
action,differently,0
action,continuation,0
action,standards,0
action,rna,0
action,tcga,0
action,pei-gcn,0
action,gqa,0
action,assist,0
action,beneficial,0
action,pharmacological,0
action,three-dimensional,0
action,recombination,0
action,dempster-shafer,0
action,thousands,0
action,hours,0
action,roads,0
action,alternatively,0
action,seoul,0
action,encoded,0
action,prohibitively,0
action,psycholinguistic,0
action,nitrogen-rich,0
action,tubes,0
action,chemical,0
action,liquid,0
action,graphitic,0
action,granger,0
action,mixed,0
action,self-healing,0
action,dual-stimulus,0
action,smoothing,0
action,households,0
action,apartments,0
action,viable,0
action,trna,0
action,cutting-thin,0
action,string,0
action,sgc,0
action,u-shaped,0
action,couplings,0
action,pressure,0
action,f-score,0
action,requirement,0
action,topologically,0
action,wavelengths,0
action,markers,0
action,n-acetyltransferase,0
action,holes,0
action,investigations,0
action,trypanosoma,0
action,sciences,0
action,medica,0
action,plant,0
action,transformers,0
action,harmful,0
action,theory,0
action,decisions,0
action,heavily,0
action,hemisphere,0
action,gps,0
action,obu,0
action,heparin,0
action,imdb,0
action,kitti,0
action,artifact,0
action,s-triazine,0
action,mscoco,0
action,photoreduction,0
action,ethereum,0
action,smiles,0
action,bidirectional,0
action,catalysts,0
action,technologies,0
action,knn,0
action,chloroform,0
action,formed,0
action,escherichia,0
action,euclidean,0
action,patients,0
action,patient,0
action,annotations,0
action,rnas,0
action,fourier,0
action,initiative,0
action,pca,0
action,decades,0
action,copy,0
action,fixation,0
action,molecule,0
action,matthews,0
action,secure,0
action,nlp,0
action,words,0
action,wiki,0
action,nanosized,0
action,dft,0
action,guided,0
action,ftir,0
action,euler,0
action,skeletongait,0
action,metsulfuron,0
action,gcaru,0
action,probability,0
action,methodology,0
action,pubmed,0
action,sentiments,0
action,kinetoplastid,0
action,unconventional,0
action,cgcnimp,0
action,mcc,0
action,auprc,0
action,fenton,0
action,dmax,0
action,unifying,0
action,laplacian,0
action,updated,0
action,u-net,0
action,psf,0
action,presentation,0
action,indonesia,0
action,intratesticular,0
action,aminoacyl,0
action,daily,0
action,cfz,0
action,single-granular,0
action,optical,0
action,desirable,0
action,sparsity,0
action,faces,0
action,gene,0
action,immune,0
action,layouts,0
action,splitting,0
action,include,0
action,cases,0
action,variation,0
action,reactions,0
action,gated,0
action,affected,0
action,stability,0
action,protein,0
action,reported,0
action,bind,0
action,band,0
light,variously,0
light,mikae,0
light,lutea,0
light,low-pass,0
light,water-splitting,0
light,pharmacology,0
light,meiosis,0
light,roofs,0
light,standards,0
light,rna,0
light,tcga,0
light,pharmacological,0
light,three-dimensional,0
light,thousands,0
light,roads,0
light,tasks,0
light,seoul,0
light,proteins,0
light,time-consuming,0
light,prohibitively,0
light,psycholinguistic,0
light,self-healing,0
light,smoothing,0
light,viable,0
light,trna,0
light,outperform,0
light,string,0
light,sgc,0
light,u-shaped,0
light,requirement,0
light,topologically,0
light,wavelengths,0
light,sets,0
light,markers,0
light,n-acetyltransferase,0
light,trypanosoma,0
light,plant,0
light,transformers,0
light,obu,0
light,s-triazine,0
light,mscoco,0
light,points,0
light,smiles,0
light,svm,0
light,softmax,0
light,patient,0
light,similarity,0
light,rnas,0
light,pca,0
light,unsupervised,0
light,matthews,0
light,secure,0
light,nlp,0
light,words,0
light,transformer,0
light,wiki,0
light,surge,0
light,vehicle,0
light,subgraph,0
light,skeletongait,0
light,metsulfuron,0
light,probability,0
light,pubmed,0
light,sentiments,0
light,unconventional,0
light,mcc,0
light,relationships,0
light,unifying,0
light,updated,0
light,u-net,0
light,supervised,0
light,psf,0
light,presentation,0
light,pooling,0
light,neighbor,0
light,single-granular,0
light,modalities,0
light,management,0
light,tumor,0
light,static,0
light,predicting,0
light,validate,0
light,single,0
light,machine,0
light,visual,0
light,multi-scale,0
light,motion,0
functions,intuitively,0
functions,inferred,0
functions,variously,0
functions,wide,0
functions,mikae,0
functions,lutea,0
functions,low-pass,0
functions,water-splitting,0
functions,nitride,0
functions,pharmacology,0
functions,meiosis,0
functions,roofs,0
functions,hyperlinks,0
functions,independently,0
functions,standards,0
functions,noise,0
functions,pei-gcn,0
functions,gqa,0
functions,membranes,0
functions,pharmacological,0
functions,recombination,0
functions,hours,0
functions,roads,0
functions,seoul,0
functions,time-consuming,0
functions,prohibitively,0
functions,psycholinguistic,0
functions,heterojunction,0
functions,nitrogen-rich,0
functions,tubes,0
functions,liquid,0
functions,graphitic,0
functions,granger,0
functions,mixed,0
functions,self-healing,0
functions,smoothing,0
functions,households,0
functions,strategy,0
functions,viable,0
functions,trna,0
functions,outperform,0
functions,string,0
functions,sgc,0
functions,u-shaped,0
functions,pressure,0
functions,requirement,0
functions,separation,0
functions,topologically,0
functions,wavelengths,0
functions,holes,0
functions,photocatalyst,0
functions,investigations,0
functions,trypanosoma,0
functions,sciences,0
functions,medica,0
functions,plant,0
functions,transformers,0
functions,harmful,0
functions,videos,0
functions,heavily,0
functions,hemisphere,0
functions,gps,0
functions,obu,0
functions,material,0
functions,heparin,0
functions,relation,0
functions,imdb,0
functions,kitti,0
functions,s-triazine,0
functions,mscoco,0
functions,photoreduction,0
functions,smiles,0
functions,knn,0
functions,softmax,0
functions,initiative,0
functions,pca,0
functions,ntu,0
functions,secure,0
functions,nlp,0
functions,wiki,0
functions,nanosized,0
functions,skeleton,0
functions,vehicle,0
functions,guided,0
functions,subgraph,0
functions,xps,0
functions,skeleton-based,0
functions,skeletongait,0
functions,metsulfuron,0
functions,meaningful,0
functions,gcaru,0
functions,pubmed,0
functions,sentiments,0
functions,kinetoplastid,0
functions,unconventional,0
functions,laplacian,0
functions,topic,0
functions,u-net,0
functions,psf,0
functions,optimal,0
functions,presentation,0
functions,indonesia,0
functions,pooling,0
functions,intratesticular,0
functions,single-granular,0
functions,optical,0
functions,management,0
functions,tumor,0
functions,target,0
functions,ternary,0
functions,spatial-temporal,0
functions,layouts,0
functions,splitting,0
functions,rgb,0
functions,processing,0
functions,learns,0
functions,photocatalytic,0
functions,light,0
functions,targets,0
functions,multi-scale,0
functions,progress,0
functions,video,0
functions,pollutants,0
functions,motion,0
functions,point,0
functions,remarkable,0
targets,variously,0
targets,wide,0
targets,water-splitting,0
targets,three-dimensional,0
targets,tubes,0
targets,viable,0
targets,u-shaped,0
targets,topologically,0
targets,wavelengths,0
targets,trypanosoma,0
targets,transformers,0
targets,videos,0
targets,theory,0
targets,understanding,0
targets,technologies,0
targets,water,0
targets,wiki,0
targets,vehicle,0
targets,xps,0
targets,unconventional,0
targets,unifying,0
targets,updated,0
targets,u-net,0
targets,works,0
targets,user,0
targets,ternary,0
targets,traffic,0
targets,variation,0
targets,unit,0
targets,video,0
targets,traditional,0
architecture,drug-drug,0
architecture,intuitively,0
architecture,inferred,0
architecture,variously,0
architecture,mikae,0
architecture,eastern,0
architecture,bulbosa,0
architecture,colomatta,0
architecture,lutea,0
architecture,benefit,0
architecture,connecting,0
architecture,low-pass,0
architecture,metal,0
architecture,cocatalyst-free,0
architecture,water-splitting,0
architecture,nitride,0
architecture,concentrated,0
architecture,pharmacology,0
architecture,curated,0
architecture,meiosis,0
architecture,roofs,0
architecture,cancers,0
architecture,hyperlinks,0
architecture,differently,0
architecture,continuation,0
architecture,standards,0
architecture,tcga,0
architecture,pei-gcn,0
architecture,gqa,0
architecture,assessment,0
architecture,membranes,0
architecture,pharmacological,0
architecture,fast,0
architecture,recombination,0
architecture,dempster-shafer,0
architecture,hours,0
architecture,roads,0
architecture,seoul,0
architecture,encoded,0
architecture,psycholinguistic,0
architecture,heterojunction,0
architecture,nitrogen-rich,0
architecture,tubes,0
architecture,liquid,0
architecture,graphitic,0
architecture,granger,0
architecture,self-healing,0
architecture,dual-stimulus,0
architecture,households,0
architecture,viable,0
architecture,trna,0
architecture,cutting-thin,0
architecture,descriptor,0
architecture,couplings,0
architecture,pressure,0
architecture,f-score,0
architecture,separation,0
architecture,topologically,0
architecture,wavelengths,0
architecture,markers,0
architecture,n-acetyltransferase,0
architecture,holes,0
architecture,photocatalyst,0
architecture,investigations,0
architecture,trypanosoma,0
architecture,sciences,0
architecture,medica,0
architecture,plant,0
architecture,hemisphere,0
architecture,gps,0
architecture,obu,0
architecture,material,0
architecture,heparin,0
architecture,kitti,0
architecture,artifact,0
architecture,s-triazine,0
architecture,mscoco,0
architecture,sites,0
architecture,photoreduction,0
architecture,catalysts,0
architecture,svm,0
architecture,knn,0
architecture,chloroform,0
architecture,escherichia,0
architecture,euclidean,0
architecture,rnas,0
architecture,pca,0
architecture,decades,0
architecture,fixation,0
architecture,nlp,0
architecture,water,0
architecture,wiki,0
architecture,nanosized,0
architecture,dft,0
architecture,canadian,0
architecture,subgraph,0
architecture,ftir,0
architecture,xps,0
architecture,euler,0
architecture,skeletongait,0
architecture,metsulfuron,0
architecture,gcaru,0
architecture,pubmed,0
architecture,sentiments,0
architecture,electron,0
architecture,kinetoplastid,0
architecture,unconventional,0
architecture,cgcnimp,0
architecture,mcc,0
architecture,auroc,0
architecture,auprc,0
architecture,fenton,0
architecture,dmax,0
architecture,unifying,0
architecture,embeddings,0
architecture,updated,0
architecture,psf,0
architecture,presentation,0
architecture,indonesia,0
architecture,intratesticular,0
architecture,cfz,0
architecture,single-granular,0
architecture,optical,0
architecture,desirable,0
architecture,tumor,0
architecture,ternary,0
architecture,static,0
architecture,surface,0
architecture,immune,0
architecture,step,0
architecture,splitting,0
architecture,photocatalytic,0
architecture,reactions,0
architecture,correction,0
architecture,light,0
architecture,targets,0
architecture,behaviors,0
architecture,center,0
architecture,bind,0
architecture,band,0
multi-scale,named,0
multi-scale,variously,0
multi-scale,wide,0
multi-scale,water-splitting,0
multi-scale,nitride,0
multi-scale,pharmacology,0
multi-scale,published,0
multi-scale,reduced,0
multi-scale,roofs,0
multi-scale,obtained,0
multi-scale,rna,0
multi-scale,tcga,0
multi-scale,pei-gcn,0
multi-scale,pharmacological,0
multi-scale,recombination,0
multi-scale,thousands,0
multi-scale,roads,0
multi-scale,seoul,0
multi-scale,proteins,0
multi-scale,time-consuming,0
multi-scale,prohibitively,0
multi-scale,psycholinguistic,0
multi-scale,nitrogen-rich,0
multi-scale,tubes,0
multi-scale,self-healing,0
multi-scale,similar,0
multi-scale,smoothing,0
multi-scale,presents,0
multi-scale,viable,0
multi-scale,trna,0
multi-scale,string,0
multi-scale,sgc,0
multi-scale,pressure,0
multi-scale,separation,0
multi-scale,topologically,0
multi-scale,wavelengths,0
multi-scale,n-acetyltransferase,0
multi-scale,photocatalyst,0
multi-scale,trypanosoma,0
multi-scale,sciences,0
multi-scale,plant,0
multi-scale,transformers,0
multi-scale,videos,0
multi-scale,theory,0
multi-scale,rely,0
multi-scale,obu,0
multi-scale,typically,0
multi-scale,s-triazine,0
multi-scale,sites,0
multi-scale,photoreduction,0
multi-scale,smiles,0
multi-scale,technologies,0
multi-scale,svm,0
multi-scale,rnas,0
multi-scale,pca,0
multi-scale,unsupervised,0
multi-scale,secure,0
multi-scale,nlp,0
multi-scale,words,0
multi-scale,water,0
multi-scale,wiki,0
multi-scale,nanosized,0
multi-scale,surge,0
multi-scale,subgraph,0
multi-scale,xps,0
multi-scale,skeletongait,0
multi-scale,revealed,0
multi-scale,pubmed,0
multi-scale,sentiments,0
multi-scale,unconventional,0
multi-scale,optimization,0
multi-scale,unifying,0
multi-scale,topic,0
multi-scale,updated,0
multi-scale,supervised,0
multi-scale,works,0
multi-scale,showed,0
multi-scale,psf,0
multi-scale,presentation,0
multi-scale,technique,0
multi-scale,single-granular,0
multi-scale,optical,0
multi-scale,user,0
multi-scale,set,0
multi-scale,tumor,0
multi-scale,target,0
multi-scale,ternary,0
multi-scale,static,0
multi-scale,surface,0
multi-scale,step,0
multi-scale,synthetic,0
multi-scale,photocatalytic,0
multi-scale,variation,0
multi-scale,reactions,0
multi-scale,targets,0
multi-scale,utilization,0
multi-scale,progress,0
multi-scale,stability,0
multi-scale,sample,0
multi-scale,pollutants,0
multi-scale,protein,0
multi-scale,reported,0
annotation,drug-drug,0
annotation,named,0
annotation,intuitively,0
annotation,inferred,0
annotation,variously,0
annotation,wide,0
annotation,dual,0
annotation,interacts,0
annotation,mikae,0
annotation,eastern,0
annotation,bulbosa,0
annotation,colomatta,0
annotation,lutea,0
annotation,input,0
annotation,benefit,0
annotation,connecting,0
annotation,low-pass,0
annotation,attributes,0
annotation,metal,0
annotation,cocatalyst-free,0
annotation,water-splitting,0
annotation,nitride,0
annotation,literature,0
annotation,rarely,0
annotation,concentrated,0
annotation,pharmacology,0
annotation,curated,0
annotation,generally,0
annotation,common,0
annotation,meiosis,0
annotation,reduced,0
annotation,roofs,0
annotation,cancers,0
annotation,hyperlinks,0
annotation,independently,0
annotation,differently,0
annotation,explicitly,0
annotation,continuation,0
annotation,standards,0
annotation,extracting,0
annotation,tcga,0
annotation,pei-gcn,0
annotation,gqa,0
annotation,membranes,0
annotation,beneficial,0
annotation,pharmacological,0
annotation,three-dimensional,0
annotation,recombination,0
annotation,dempster-shafer,0
annotation,thousands,0
annotation,hours,0
annotation,roads,0
annotation,utilized,0
annotation,determination,0
annotation,seoul,0
annotation,proteins,0
annotation,prohibitively,0
annotation,psycholinguistic,0
annotation,attack,0
annotation,heterojunction,0
annotation,nitrogen-rich,0
annotation,tubes,0
annotation,chemical,0
annotation,liquid,0
annotation,work,0
annotation,graphitic,0
annotation,granger,0
annotation,established,0
annotation,mixed,0
annotation,self-healing,0
annotation,dual-stimulus,0
annotation,similar,0
annotation,smoothing,0
annotation,perform,0
annotation,households,0
annotation,apartments,0
annotation,study,0
annotation,viable,0
annotation,trna,0
annotation,outperform,0
annotation,cutting-thin,0
annotation,string,0
annotation,descriptor,0
annotation,sgc,0
annotation,u-shaped,0
annotation,couplings,0
annotation,pressure,0
annotation,f-score,0
annotation,auc,0
annotation,requirement,0
annotation,numerous,0
annotation,separation,0
annotation,topologically,0
annotation,wavelengths,0
annotation,markers,0
annotation,n-acetyltransferase,0
annotation,holes,0
annotation,resulting,0
annotation,photocatalyst,0
annotation,investigations,0
annotation,trypanosoma,0
annotation,sciences,0
annotation,medica,0
annotation,plant,0
annotation,transformers,0
annotation,harmful,0
annotation,videos,0
annotation,years,0
annotation,theory,0
annotation,leading,0
annotation,rely,0
annotation,decisions,0
annotation,heavily,0
annotation,hemisphere,0
annotation,gps,0
annotation,obu,0
annotation,material,0
annotation,heparin,0
annotation,typically,0
annotation,imdb,0
annotation,kitti,0
annotation,artifact,0
annotation,s-triazine,0
annotation,mscoco,0
annotation,sites,0
annotation,points,0
annotation,photoreduction,0
annotation,ethereum,0
annotation,lstm,0
annotation,smiles,0
annotation,bidirectional,0
annotation,catalysts,0
annotation,technologies,0
annotation,capacity,0
annotation,svm,0
annotation,knn,0
annotation,softmax,0
annotation,chloroform,0
annotation,formed,0
annotation,escherichia,0
annotation,euclidean,0
annotation,patient,0
annotation,rnas,0
annotation,fourier,0
annotation,initiative,0
annotation,pca,0
annotation,decades,0
annotation,copy,0
annotation,fixation,0
annotation,molecules,0
annotation,molecule,0
annotation,ntu,0
annotation,matthews,0
annotation,secure,0
annotation,nlp,0
annotation,system,0
annotation,water,0
annotation,wiki,0
annotation,nanosized,0
annotation,surge,0
annotation,data-driven,0
annotation,kinetics,0
annotation,dft,0
annotation,skeleton,0
annotation,canadian,0
annotation,vehicle,0
annotation,guided,0
annotation,subgraph,0
annotation,ftir,0
annotation,xps,0
annotation,skeleton-based,0
annotation,euler,0
annotation,skeletongait,0
annotation,metsulfuron,0
annotation,conduct,0
annotation,revealed,0
annotation,gcaru,0
annotation,probability,0
annotation,methodology,0
annotation,pubmed,0
annotation,electron,0
annotation,evaluation,0
annotation,role,0
annotation,kinetoplastid,0
annotation,unconventional,0
annotation,cgcnimp,0
annotation,mcc,0
annotation,auroc,0
annotation,auprc,0
annotation,optimization,0
annotation,fenton,0
annotation,generative,0
annotation,dmax,0
annotation,unifying,0
annotation,laplacian,0
annotation,updated,0
annotation,global,0
annotation,u-net,0
annotation,error,0
annotation,showed,0
annotation,psf,0
annotation,optimal,0
annotation,presentation,0
annotation,indonesia,0
annotation,pooling,0
annotation,intratesticular,0
annotation,factors,0
annotation,propagation,0
annotation,evolution,0
annotation,cfz,0
annotation,single-granular,0
annotation,optical,0
annotation,desirable,0
annotation,user,0
annotation,management,0
annotation,tumor,0
annotation,target,0
annotation,dense,0
annotation,ternary,0
annotation,trend,0
annotation,sparsity,0
annotation,static,0
annotation,surface,0
annotation,significant,0
annotation,immune,0
annotation,gat,0
annotation,spatial-temporal,0
annotation,layers,0
annotation,synthetic,0
annotation,layouts,0
annotation,remote,0
annotation,splitting,0
annotation,rgb,0
annotation,improved,0
annotation,conditions,0
annotation,include,0
annotation,captures,0
annotation,learns,0
annotation,photocatalytic,0
annotation,structural,0
annotation,cases,0
annotation,variation,0
annotation,reactions,0
annotation,unit,0
annotation,gated,0
annotation,patterns,0
annotation,correction,0
annotation,light,0
annotation,functions,0
annotation,targets,0
annotation,utilization,0
annotation,part,0
annotation,progress,0
annotation,focuses,0
annotation,capturing,0
annotation,pollutants,0
annotation,diffusion,0
annotation,tree,0
annotation,motion,0
annotation,reported,0
annotation,background,0
annotation,center,0
annotation,bind,0
annotation,band,0
utilization,variously,0
utilization,water-splitting,0
utilization,viable,0
utilization,wavelengths,0
utilization,videos,0
utilization,wiki,0
utilization,xps,0
utilization,validate,0
utilization,visual,0
utilization,variation,0
aggregation,drug-drug,0
aggregation,inferred,0
aggregation,variously,0
aggregation,anchored,0
aggregation,interacts,0
aggregation,mikae,0
aggregation,eastern,0
aggregation,bulbosa,0
aggregation,colomatta,0
aggregation,lutea,0
aggregation,benefit,0
aggregation,low-pass,0
aggregation,metal,0
aggregation,cocatalyst-free,0
aggregation,water-splitting,0
aggregation,nitride,0
aggregation,rarely,0
aggregation,concentrated,0
aggregation,pharmacology,0
aggregation,curated,0
aggregation,generally,0
aggregation,meiosis,0
aggregation,roofs,0
aggregation,cancers,0
aggregation,hyperlinks,0
aggregation,differently,0
aggregation,continuation,0
aggregation,standards,0
aggregation,rna,0
aggregation,tcga,0
aggregation,pei-gcn,0
aggregation,gqa,0
aggregation,assessment,0
aggregation,membranes,0
aggregation,beneficial,0
aggregation,pharmacological,0
aggregation,three-dimensional,0
aggregation,recombination,0
aggregation,dempster-shafer,0
aggregation,thousands,0
aggregation,hours,0
aggregation,roads,0
aggregation,alternatively,0
aggregation,determination,0
aggregation,seoul,0
aggregation,proteins,0
aggregation,encoded,0
aggregation,time-consuming,0
aggregation,prohibitively,0
aggregation,psycholinguistic,0
aggregation,attack,0
aggregation,heterojunction,0
aggregation,nitrogen-rich,0
aggregation,tubes,0
aggregation,liquid,0
aggregation,graphitic,0
aggregation,granger,0
aggregation,mixed,0
aggregation,self-healing,0
aggregation,dual-stimulus,0
aggregation,households,0
aggregation,apartments,0
aggregation,viable,0
aggregation,trna,0
aggregation,cutting-thin,0
aggregation,string,0
aggregation,descriptor,0
aggregation,sgc,0
aggregation,u-shaped,0
aggregation,couplings,0
aggregation,pressure,0
aggregation,f-score,0
aggregation,requirement,0
aggregation,topologically,0
aggregation,wavelengths,0
aggregation,markers,0
aggregation,n-acetyltransferase,0
aggregation,holes,0
aggregation,photocatalyst,0
aggregation,investigations,0
aggregation,trypanosoma,0
aggregation,sciences,0
aggregation,medica,0
aggregation,plant,0
aggregation,transformers,0
aggregation,harmful,0
aggregation,videos,0
aggregation,language,0
aggregation,hemisphere,0
aggregation,gps,0
aggregation,obu,0
aggregation,material,0
aggregation,heparin,0
aggregation,imdb,0
aggregation,kitti,0
aggregation,artifact,0
aggregation,s-triazine,0
aggregation,sites,0
aggregation,photoreduction,0
aggregation,ethereum,0
aggregation,bidirectional,0
aggregation,catalysts,0
aggregation,svm,0
aggregation,knn,0
aggregation,softmax,0
aggregation,chloroform,0
aggregation,escherichia,0
aggregation,patient,0
aggregation,rnas,0
aggregation,fourier,0
aggregation,pca,0
aggregation,decades,0
aggregation,fixation,0
aggregation,molecule,0
aggregation,matthews,0
aggregation,nlp,0
aggregation,nanosized,0
aggregation,surge,0
aggregation,data-driven,0
aggregation,kinetics,0
aggregation,dft,0
aggregation,canadian,0
aggregation,vehicle,0
aggregation,subgraph,0
aggregation,ftir,0
aggregation,xps,0
aggregation,euler,0
aggregation,skeletongait,0
aggregation,metsulfuron,0
aggregation,meaningful,0
aggregation,gcaru,0
aggregation,methodology,0
aggregation,sentiments,0
aggregation,electron,0
aggregation,kinetoplastid,0
aggregation,unconventional,0
aggregation,cgcnimp,0
aggregation,mcc,0
aggregation,auroc,0
aggregation,auprc,0
aggregation,fenton,0
aggregation,generative,0
aggregation,dmax,0
aggregation,unifying,0
aggregation,psf,0
aggregation,presentation,0
aggregation,indonesia,0
aggregation,intratesticular,0
aggregation,aminoacyl,0
aggregation,cfz,0
aggregation,single-granular,0
aggregation,trend,0
aggregation,surface,0
aggregation,immune,0
aggregation,layouts,0
aggregation,cells,0
aggregation,splitting,0
aggregation,pairs,0
aggregation,include,0
aggregation,reactions,0
aggregation,multi-scale,0
aggregation,part,0
aggregation,behaviors,0
aggregation,reported,0
aggregation,center,0
aggregation,bind,0
aggregation,band,0
structures,variously,0
structures,water-splitting,0
structures,tcga,0
structures,thousands,0
structures,tubes,0
structures,viable,0
structures,trna,0
structures,topologically,0
structures,wavelengths,0
structures,trypanosoma,0
structures,svm,0
structures,wiki,0
structures,surge,0
structures,unconventional,0
structures,updated,0
structures,tree,0
neighbors,variously,0
neighbors,water-splitting,0
neighbors,nitride,0
neighbors,rarely,0
neighbors,pharmacology,0
neighbors,roofs,0
neighbors,standards,0
neighbors,rna,0
neighbors,pei-gcn,0
neighbors,pharmacological,0
neighbors,three-dimensional,0
neighbors,recombination,0
neighbors,thousands,0
neighbors,roads,0
neighbors,seoul,0
neighbors,prohibitively,0
neighbors,psycholinguistic,0
neighbors,nitrogen-rich,0
neighbors,tubes,0
neighbors,self-healing,0
neighbors,viable,0
neighbors,trna,0
neighbors,string,0
neighbors,sgc,0
neighbors,u-shaped,0
neighbors,pressure,0
neighbors,numerous,0
neighbors,separation,0
neighbors,topologically,0
neighbors,wavelengths,0
neighbors,photocatalyst,0
neighbors,trypanosoma,0
neighbors,sciences,0
neighbors,plant,0
neighbors,transformers,0
neighbors,videos,0
neighbors,theory,0
neighbors,rely,0
neighbors,obu,0
neighbors,s-triazine,0
neighbors,sites,0
neighbors,photoreduction,0
neighbors,smiles,0
neighbors,svm,0
neighbors,softmax,0
neighbors,patient,0
neighbors,rnas,0
neighbors,pca,0
neighbors,ntu,0
neighbors,secure,0
neighbors,words,0
neighbors,water,0
neighbors,wiki,0
neighbors,surge,0
neighbors,vehicle,0
neighbors,xps,0
neighbors,skeletongait,0
neighbors,revealed,0
neighbors,probability,0
neighbors,sentiments,0
neighbors,unconventional,0
neighbors,unifying,0
neighbors,u-net,0
neighbors,supervised,0
neighbors,psf,0
neighbors,presentation,0
neighbors,single-granular,0
neighbors,optical,0
neighbors,ternary,0
neighbors,synthetic,0
neighbors,splitting,0
neighbors,rgb,0
neighbors,photocatalytic,0
neighbors,variation,0
neighbors,reactions,0
neighbors,utilization,0
neighbors,progress,0
neighbors,video,0
neighbors,pollutants,0
neighbors,tree,0
neighbors,reported,0
adsorption,drug-drug,0
adsorption,paper,0
adsorption,named,0
adsorption,intuitively,0
adsorption,inferred,0
adsorption,variously,0
adsorption,wide,0
adsorption,dual,0
adsorption,anchored,0
adsorption,interacts,0
adsorption,mikae,0
adsorption,eastern,0
adsorption,bulbosa,0
adsorption,colomatta,0
adsorption,lutea,0
adsorption,input,0
adsorption,existing,0
adsorption,ignore,0
adsorption,benefit,0
adsorption,graph,0
adsorption,connecting,0
adsorption,considered,0
adsorption,low-pass,0
adsorption,attributes,0
adsorption,cocatalyst-free,0
adsorption,water-splitting,0
adsorption,literature,0
adsorption,rarely,0
adsorption,concentrated,0
adsorption,extract,0
adsorption,pharmacology,0
adsorption,curated,0
adsorption,generally,0
adsorption,common,0
adsorption,meiosis,0
adsorption,increasing,0
adsorption,gap,0
adsorption,roofs,0
adsorption,cancers,0
adsorption,hyperlinks,0
adsorption,independently,0
adsorption,differently,0
adsorption,explicitly,0
adsorption,generated,0
adsorption,continuation,0
adsorption,network,0
adsorption,networks,0
adsorption,noise,0
adsorption,extracting,0
adsorption,rna,0
adsorption,tcga,0
adsorption,pei-gcn,0
adsorption,gqa,0
adsorption,proposes,0
adsorption,assist,0
adsorption,critical,0
adsorption,assessment,0
adsorption,membranes,0
adsorption,models,0
adsorption,result,0
adsorption,beneficial,0
adsorption,pharmacological,0
adsorption,three-dimensional,0
adsorption,classification,0
adsorption,problem,0
adsorption,node,0
adsorption,limited,0
adsorption,real-world,0
adsorption,dempster-shafer,0
adsorption,thousands,0
adsorption,hours,0
adsorption,owing,0
adsorption,roads,0
adsorption,tasks,0
adsorption,alternatively,0
adsorption,determination,0
adsorption,seoul,0
adsorption,proteins,0
adsorption,encoded,0
adsorption,time-consuming,0
adsorption,prohibitively,0
adsorption,psycholinguistic,0
adsorption,attack,0
adsorption,heterojunction,0
adsorption,nitrogen-rich,0
adsorption,tubes,0
adsorption,liquid,0
adsorption,granger,0
adsorption,nodes,0
adsorption,mixed,0
adsorption,self-healing,0
adsorption,dual-stimulus,0
adsorption,similar,0
adsorption,smoothing,0
adsorption,households,0
adsorption,apartments,0
adsorption,viable,0
adsorption,trna,0
adsorption,outperform,0
adsorption,cutting-thin,0
adsorption,string,0
adsorption,descriptor,0
adsorption,sgc,0
adsorption,u-shaped,0
adsorption,couplings,0
adsorption,pressure,0
adsorption,f-score,0
adsorption,auc,0
adsorption,requirement,0
adsorption,numerous,0
adsorption,topologically,0
adsorption,wavelengths,0
adsorption,sets,0
adsorption,markers,0
adsorption,n-acetyltransferase,0
adsorption,resulting,0
adsorption,trypanosoma,0
adsorption,sciences,0
adsorption,medica,0
adsorption,plant,0
adsorption,transformers,0
adsorption,harmful,0
adsorption,videos,0
adsorption,features,0
adsorption,language,0
adsorption,rely,0
adsorption,decisions,0
adsorption,heavily,0
adsorption,hemisphere,0
adsorption,gps,0
adsorption,obu,0
adsorption,heparin,0
adsorption,relation,0
adsorption,relations,0
adsorption,typically,0
adsorption,understanding,0
adsorption,imdb,0
adsorption,kitti,0
adsorption,artifact,0
adsorption,convolutional,0
adsorption,s-triazine,0
adsorption,mscoco,0
adsorption,heterogeneous,0
adsorption,cnn,0
adsorption,cloud,0
adsorption,points,0
adsorption,photoreduction,0
adsorption,ethereum,0
adsorption,lstm,0
adsorption,smiles,0
adsorption,bidirectional,0
adsorption,catalysts,0
adsorption,technologies,0
adsorption,knn,0
adsorption,softmax,0
adsorption,chloroform,0
adsorption,formed,0
adsorption,euclidean,0
adsorption,patients,0
adsorption,patient,0
adsorption,similarity,0
adsorption,annotations,0
adsorption,rnas,0
adsorption,fourier,0
adsorption,initiative,0
adsorption,pca,0
adsorption,decades,0
adsorption,copy,0
adsorption,recently,0
adsorption,molecule,0
adsorption,ntu,0
adsorption,edges,0
adsorption,unsupervised,0
adsorption,matthews,0
adsorption,secure,0
adsorption,nlp,0
adsorption,words,0
adsorption,transformer,0
adsorption,wiki,0
adsorption,datasets,0
adsorption,nanosized,0
adsorption,effectively,0
adsorption,surge,0
adsorption,data-driven,0
adsorption,skeleton,0
adsorption,canadian,0
adsorption,framework,0
adsorption,vehicle,0
adsorption,guided,0
adsorption,subgraph,0
adsorption,pose,0
adsorption,skeleton-based,0
adsorption,euler,0
adsorption,skeletongait,0
adsorption,graph-based,0
adsorption,informative,0
adsorption,dependencies,0
adsorption,proposed,0
adsorption,metsulfuron,0
adsorption,conduct,0
adsorption,meaningful,0
adsorption,gcaru,0
adsorption,probability,0
adsorption,spatial,0
adsorption,pubmed,0
adsorption,sentiments,0
adsorption,information,0
adsorption,evaluation,0
adsorption,kinetoplastid,0
adsorption,unconventional,0
adsorption,cgcnimp,0
adsorption,mcc,0
adsorption,auroc,0
adsorption,auprc,0
adsorption,optimization,0
adsorption,relationships,0
adsorption,representation,0
adsorption,represent,0
adsorption,generative,0
adsorption,dmax,0
adsorption,unifying,0
adsorption,embeddings,0
adsorption,laplacian,0
adsorption,topic,0
adsorption,updated,0
adsorption,global,0
adsorption,deep,0
adsorption,correlations,0
adsorption,u-net,0
adsorption,supervised,0
adsorption,works,0
adsorption,generate,0
adsorption,psf,0
adsorption,presentation,0
adsorption,indonesia,0
adsorption,pooling,0
adsorption,dataset,0
adsorption,intratesticular,0
adsorption,technique,0
adsorption,factors,0
adsorption,propagation,0
adsorption,aminoacyl,0
adsorption,daily,0
adsorption,learn,0
adsorption,neighbor,0
adsorption,cfz,0
adsorption,single-granular,0
adsorption,optical,0
adsorption,focus,0
adsorption,desirable,0
adsorption,modalities,0
adsorption,module,0
adsorption,representations,0
adsorption,neural,0
adsorption,expression,0
adsorption,user,0
adsorption,management,0
adsorption,feature,0
adsorption,fully,0
adsorption,tumor,0
adsorption,dense,0
adsorption,recognition,0
adsorption,identify,0
adsorption,convolution,0
adsorption,challenges,0
adsorption,ternary,0
adsorption,trend,0
adsorption,sparsity,0
adsorption,faces,0
adsorption,static,0
adsorption,gene,0
adsorption,immune,0
adsorption,knowledge,0
adsorption,temporal,0
adsorption,identification,0
adsorption,predicting,0
adsorption,validate,0
adsorption,gat,0
adsorption,spatial-temporal,0
adsorption,single,0
adsorption,challenging,0
adsorption,step,0
adsorption,traffic,0
adsorption,communication,0
adsorption,real,0
adsorption,visual,0
adsorption,layouts,0
adsorption,cells,0
adsorption,remote,0
adsorption,splitting,0
adsorption,rgb,0
adsorption,processing,0
adsorption,previous,0
adsorption,pairs,0
adsorption,include,0
adsorption,captures,0
adsorption,learns,0
adsorption,embedding,0
adsorption,success,0
adsorption,cases,0
adsorption,variation,0
adsorption,identifying,0
adsorption,reactions,0
adsorption,memory,0
adsorption,gated,0
adsorption,patterns,0
adsorption,correction,0
adsorption,constructing,0
adsorption,comprehensive,0
adsorption,targets,0
adsorption,architecture,0
adsorption,multi-scale,0
adsorption,annotation,0
adsorption,utilization,0
adsorption,aggregation,0
adsorption,structures,0
adsorption,neighbors,0
adsorption,part,0
adsorption,progress,0
adsorption,video,0
adsorption,focuses,0
adsorption,traditional,0
adsorption,behaviors,0
adsorption,tree,0
adsorption,motion,0
adsorption,protein,0
adsorption,point,0
adsorption,reported,0
adsorption,remarkable,0
adsorption,background,0
adsorption,bind,0
part,variously,0
part,water-splitting,0
part,rarely,0
part,pharmacology,0
part,roofs,0
part,standards,0
part,rna,0
part,tcga,0
part,pei-gcn,0
part,pharmacological,0
part,three-dimensional,0
part,recombination,0
part,thousands,0
part,roads,0
part,seoul,0
part,prohibitively,0
part,psycholinguistic,0
part,tubes,0
part,self-healing,0
part,smoothing,0
part,presents,0
part,viable,0
part,trna,0
part,string,0
part,sgc,0
part,u-shaped,0
part,pressure,0
part,requirement,0
part,separation,0
part,topologically,0
part,wavelengths,0
part,simultaneously,0
part,trypanosoma,0
part,sciences,0
part,plant,0
part,transformers,0
part,typically,0
part,s-triazine,0
part,sites,0
part,points,0
part,photoreduction,0
part,smiles,0
part,technologies,0
part,rnas,0
part,pca,0
part,secure,0
part,wiki,0
part,subgraph,0
part,xps,0
part,skeleton-based,0
part,skeletongait,0
part,probability,0
part,sentiments,0
part,unconventional,0
part,relationships,0
part,unifying,0
part,topic,0
part,updated,0
part,u-net,0
part,works,0
part,psf,0
part,presentation,0
part,pooling,0
part,technique,0
part,single-granular,0
part,ternary,0
part,sparsity,0
part,static,0
part,remote,0
part,splitting,0
part,success,0
part,variation,0
part,tree,0
part,protein,0
part,remarkable,0
progress,variously,0
progress,water-splitting,0
progress,published,0
progress,roofs,0
progress,standards,0
progress,rna,0
progress,tcga,0
progress,result,0
progress,three-dimensional,0
progress,recombination,0
progress,thousands,0
progress,roads,0
progress,seoul,0
progress,proteins,0
progress,prohibitively,0
progress,psycholinguistic,0
progress,tubes,0
progress,self-healing,0
progress,smoothing,0
progress,viable,0
progress,trna,0
progress,string,0
progress,requirement,0
progress,separation,0
progress,topologically,0
progress,wavelengths,0
progress,resulting,0
progress,trypanosoma,0
progress,sciences,0
progress,transformers,0
progress,theory,0
progress,rely,0
progress,s-triazine,0
progress,sites,0
progress,smiles,0
progress,svm,0
progress,softmax,0
progress,rnas,0
progress,secure,0
progress,water,0
progress,wiki,0
progress,surge,0
progress,xps,0
progress,skeletongait,0
progress,revealed,0
progress,pubmed,0
progress,sentiments,0
progress,unconventional,0
progress,unifying,0
progress,topic,0
progress,updated,0
progress,works,0
progress,showed,0
progress,technique,0
progress,single-granular,0
progress,set,0
progress,tumor,0
progress,ternary,0
progress,trend,0
progress,sparsity,0
progress,static,0
progress,splitting,0
progress,success,0
progress,reactions,0
progress,unit,0
progress,stability,0
progress,tree,0
progress,remarkable,0
video,water-splitting,0
video,wavelengths,0
video,water,0
video,wiki,0
video,xps,0
focuses,inferred,0
focuses,variously,0
focuses,interacts,0
focuses,mikae,0
focuses,lutea,0
focuses,low-pass,0
focuses,metal,0
focuses,water-splitting,0
focuses,nitride,0
focuses,literature,0
focuses,pharmacology,0
focuses,meiosis,0
focuses,roofs,0
focuses,hyperlinks,0
focuses,standards,0
focuses,noise,0
focuses,tcga,0
focuses,pei-gcn,0
focuses,gqa,0
focuses,membranes,0
focuses,pharmacological,0
focuses,three-dimensional,0
focuses,recombination,0
focuses,hours,0
focuses,utilized,0
focuses,seoul,0
focuses,proteins,0
focuses,time-consuming,0
focuses,prohibitively,0
focuses,psycholinguistic,0
focuses,heterojunction,0
focuses,nitrogen-rich,0
focuses,tubes,0
focuses,liquid,0
focuses,graphitic,0
focuses,granger,0
focuses,mixed,0
focuses,self-healing,0
focuses,smoothing,0
focuses,households,0
focuses,presents,0
focuses,viable,0
focuses,trna,0
focuses,outperform,0
focuses,string,0
focuses,sgc,0
focuses,u-shaped,0
focuses,pressure,0
focuses,numerous,0
focuses,separation,0
focuses,topologically,0
focuses,wavelengths,0
focuses,markers,0
focuses,n-acetyltransferase,0
focuses,holes,0
focuses,photocatalyst,0
focuses,investigations,0
focuses,trypanosoma,0
focuses,sciences,0
focuses,medica,0
focuses,plant,0
focuses,transformers,0
focuses,harmful,0
focuses,theory,0
focuses,leading,0
focuses,hemisphere,0
focuses,gps,0
focuses,obu,0
focuses,material,0
focuses,heparin,0
focuses,imdb,0
focuses,kitti,0
focuses,s-triazine,0
focuses,mscoco,0
focuses,heterogeneous,0
focuses,photoreduction,0
focuses,lstm,0
focuses,smiles,0
focuses,knn,0
focuses,softmax,0
focuses,formed,0
focuses,patient,0
focuses,rnas,0
focuses,fourier,0
focuses,pca,0
focuses,molecules,0
focuses,molecule,0
focuses,ntu,0
focuses,matthews,0
focuses,secure,0
focuses,transformer,0
focuses,water,0
focuses,wiki,0
focuses,nanosized,0
focuses,kinetics,0
focuses,guided,0
focuses,layer,0
focuses,subgraph,0
focuses,ftir,0
focuses,xps,0
focuses,skeletongait,0
focuses,informative,0
focuses,metsulfuron,0
focuses,gcaru,0
focuses,methodology,0
focuses,pubmed,0
focuses,sentiments,0
focuses,kinetoplastid,0
focuses,unconventional,0
focuses,mcc,0
focuses,generative,0
focuses,laplacian,0
focuses,updated,0
focuses,u-net,0
focuses,supervised,0
focuses,showed,0
focuses,psf,0
focuses,presentation,0
focuses,indonesia,0
focuses,intratesticular,0
focuses,neighbor,0
focuses,single-granular,0
focuses,optical,0
focuses,management,0
focuses,fully,0
focuses,tumor,0
focuses,ternary,0
focuses,surface,0
focuses,immune,0
focuses,step,0
focuses,synthetic,0
focuses,layouts,0
focuses,remote,0
focuses,splitting,0
focuses,include,0
focuses,photocatalytic,0
focuses,variation,0
focuses,reactions,0
focuses,light,0
focuses,targets,0
focuses,multi-scale,0
focuses,progress,0
focuses,stability,0
focuses,pollutants,0
focuses,tree,0
focuses,protein,0
focuses,reported,0
focuses,remarkable,0
capturing,drug-drug,0
capturing,intuitively,0
capturing,inferred,0
capturing,variously,0
capturing,interacts,0
capturing,mikae,0
capturing,eastern,0
capturing,colomatta,0
capturing,lutea,0
capturing,connecting,0
capturing,low-pass,0
capturing,cocatalyst-free,0
capturing,water-splitting,0
capturing,nitride,0
capturing,rarely,0
capturing,concentrated,0
capturing,pharmacology,0
capturing,curated,0
capturing,meiosis,0
capturing,roofs,0
capturing,hyperlinks,0
capturing,differently,0
capturing,continuation,0
capturing,standards,0
capturing,noise,0
capturing,rna,0
capturing,tcga,0
capturing,pei-gcn,0
capturing,membranes,0
capturing,pharmacological,0
capturing,recombination,0
capturing,dempster-shafer,0
capturing,hours,0
capturing,roads,0
capturing,determination,0
capturing,seoul,0
capturing,proteins,0
capturing,prohibitively,0
capturing,psycholinguistic,0
capturing,heterojunction,0
capturing,nitrogen-rich,0
capturing,tubes,0
capturing,chemical,0
capturing,liquid,0
capturing,graphitic,0
capturing,granger,0
capturing,mixed,0
capturing,self-healing,0
capturing,dual-stimulus,0
capturing,presents,0
capturing,viable,0
capturing,trna,0
capturing,cutting-thin,0
capturing,string,0
capturing,descriptor,0
capturing,sgc,0
capturing,couplings,0
capturing,pressure,0
capturing,f-score,0
capturing,requirement,0
capturing,separation,0
capturing,topologically,0
capturing,wavelengths,0
capturing,markers,0
capturing,n-acetyltransferase,0
capturing,holes,0
capturing,photocatalyst,0
capturing,investigations,0
capturing,trypanosoma,0
capturing,sciences,0
capturing,medica,0
capturing,plant,0
capturing,theory,0
capturing,hemisphere,0
capturing,gps,0
capturing,obu,0
capturing,material,0
capturing,heparin,0
capturing,imdb,0
capturing,kitti,0
capturing,s-triazine,0
capturing,mscoco,0
capturing,photoreduction,0
capturing,ethereum,0
capturing,smiles,0
capturing,catalysts,0
capturing,svm,0
capturing,knn,0
capturing,softmax,0
capturing,chloroform,0
capturing,formed,0
capturing,escherichia,0
capturing,rnas,0
capturing,fourier,0
capturing,pca,0
capturing,decades,0
capturing,fixation,0
capturing,molecule,0
capturing,secure,0
capturing,wiki,0
capturing,nanosized,0
capturing,surge,0
capturing,data-driven,0
capturing,ftir,0
capturing,xps,0
capturing,euler,0
capturing,skeletongait,0
capturing,metsulfuron,0
capturing,revealed,0
capturing,gcaru,0
capturing,pubmed,0
capturing,sentiments,0
capturing,electron,0
capturing,kinetoplastid,0
capturing,unconventional,0
capturing,cgcnimp,0
capturing,mcc,0
capturing,fenton,0
capturing,dmax,0
capturing,unifying,0
capturing,laplacian,0
capturing,updated,0
capturing,u-net,0
capturing,psf,0
capturing,presentation,0
capturing,indonesia,0
capturing,intratesticular,0
capturing,cfz,0
capturing,single-granular,0
capturing,optical,0
capturing,desirable,0
capturing,target,0
capturing,dense,0
capturing,ternary,0
capturing,immune,0
capturing,gat,0
capturing,layouts,0
capturing,cells,0
capturing,splitting,0
capturing,photocatalytic,0
capturing,reactions,0
capturing,correction,0
capturing,pollutants,0
capturing,tree,0
traditional,variously,0
traditional,water-splitting,0
traditional,tubes,0
traditional,viable,0
traditional,trna,0
traditional,wavelengths,0
traditional,trypanosoma,0
traditional,wiki,0
traditional,unconventional,0
traditional,unifying,0
traditional,tumor,0
traditional,tree,0
affected,drug-drug,0
affected,intuitively,0
affected,inferred,0
affected,variously,0
affected,demonstrates,0
affected,dual,0
affected,anchored,0
affected,interacts,0
affected,mikae,0
affected,eastern,0
affected,bulbosa,0
affected,colomatta,0
affected,lutea,0
affected,benefit,0
affected,connecting,0
affected,low-pass,0
affected,metal,0
affected,cocatalyst-free,0
affected,water-splitting,0
affected,rarely,0
affected,concentrated,0
affected,pharmacology,0
affected,published,0
affected,curated,0
affected,generally,0
affected,meiosis,0
affected,gap,0
affected,roofs,0
affected,cancers,0
affected,hyperlinks,0
affected,differently,0
affected,explicitly,0
affected,continuation,0
affected,standards,0
affected,rna,0
affected,tcga,0
affected,pei-gcn,0
affected,gqa,0
affected,assist,0
affected,membranes,0
affected,beneficial,0
affected,pharmacological,0
affected,three-dimensional,0
affected,fast,0
affected,recombination,0
affected,dempster-shafer,0
affected,thousands,0
affected,hours,0
affected,owing,0
affected,alternatively,0
affected,determination,0
affected,seoul,0
affected,proteins,0
affected,prohibitively,0
affected,psycholinguistic,0
affected,attack,0
affected,heterojunction,0
affected,nitrogen-rich,0
affected,tubes,0
affected,graphitic,0
affected,granger,0
affected,established,0
affected,mixed,0
affected,excellent,0
affected,capability,0
affected,self-healing,0
affected,dual-stimulus,0
affected,smoothing,0
affected,households,0
affected,apartments,0
affected,presents,0
affected,viable,0
affected,trna,0
affected,cutting-thin,0
affected,string,0
affected,descriptor,0
affected,sgc,0
affected,u-shaped,0
affected,couplings,0
affected,pressure,0
affected,f-score,0
affected,auc,0
affected,requirement,0
affected,topologically,0
affected,wavelengths,0
affected,sets,0
affected,n-acetyltransferase,0
affected,resulting,0
affected,investigations,0
affected,trypanosoma,0
affected,sciences,0
affected,medica,0
affected,plant,0
affected,harmful,0
affected,language,0
affected,rely,0
affected,decisions,0
affected,heavily,0
affected,hemisphere,0
affected,gps,0
affected,obu,0
affected,material,0
affected,heparin,0
affected,relations,0
affected,typically,0
affected,understanding,0
affected,imdb,0
affected,kitti,0
affected,artifact,0
affected,s-triazine,0
affected,mscoco,0
affected,cloud,0
affected,photoreduction,0
affected,ethereum,0
affected,smiles,0
affected,bidirectional,0
affected,catalysts,0
affected,technologies,0
affected,svm,0
affected,knn,0
affected,softmax,0
affected,chloroform,0
affected,formed,0
affected,escherichia,0
affected,euclidean,0
affected,patient,0
affected,annotations,0
affected,rnas,0
affected,fourier,0
affected,initiative,0
affected,pca,0
affected,copy,0
affected,fixation,0
affected,molecule,0
affected,ntu,0
affected,edges,0
affected,matthews,0
affected,secure,0
affected,nlp,0
affected,words,0
affected,wiki,0
affected,nanosized,0
affected,data-driven,0
affected,dft,0
affected,canadian,0
affected,guided,0
affected,end,0
affected,subgraph,0
affected,ftir,0
affected,xps,0
affected,pose,0
affected,skeleton-based,0
affected,euler,0
affected,skeletongait,0
affected,metsulfuron,0
affected,meaningful,0
affected,revealed,0
affected,gcaru,0
affected,probability,0
affected,methodology,0
affected,pubmed,0
affected,sentiments,0
affected,kinetoplastid,0
affected,unconventional,0
affected,cgcnimp,0
affected,mcc,0
affected,auroc,0
affected,auprc,0
affected,fenton,0
affected,generative,0
affected,dmax,0
affected,unifying,0
affected,laplacian,0
affected,topic,0
affected,local,0
affected,u-net,0
affected,works,0
affected,psf,0
affected,presentation,0
affected,indonesia,0
affected,intratesticular,0
affected,aminoacyl,0
affected,evolution,0
affected,cfz,0
affected,single-granular,0
affected,optical,0
affected,desirable,0
affected,modalities,0
affected,introduce,0
affected,user,0
affected,tumor,0
affected,target,0
affected,dense,0
affected,ternary,0
affected,sparsity,0
affected,faces,0
affected,immune,0
affected,gat,0
affected,synthetic,0
affected,visual,0
affected,splitting,0
affected,rgb,0
affected,processing,0
affected,pairs,0
affected,include,0
affected,learns,0
affected,success,0
affected,reactions,0
affected,patterns,0
affected,field,0
affected,correction,0
affected,constructing,0
affected,comprehensive,0
affected,great,0
affected,targets,0
affected,structures,0
affected,progress,0
affected,focuses,0
affected,stability,0
affected,sample,0
affected,pollutants,0
affected,diffusion,0
affected,protein,0
affected,reported,0
affected,remarkable,0
affected,bind,0
affected,band,0
stability,variously,0
stability,water-splitting,0
stability,standards,0
stability,tcga,0
stability,three-dimensional,0
stability,thousands,0
stability,tubes,0
stability,trna,0
stability,string,0
stability,u-shaped,0
stability,topologically,0
stability,wavelengths,0
stability,trypanosoma,0
stability,transformers,0
stability,videos,0
stability,typically,0
stability,words,0
stability,wiki,0
stability,surge,0
stability,vehicle,0
stability,subgraph,0
stability,unconventional,0
stability,unifying,0
stability,topic,0
stability,updated,0
stability,u-net,0
stability,supervised,0
stability,user,0
stability,tumor,0
stability,trend,0
stability,static,0
stability,synthetic,0
stability,success,0
stability,targets,0
stability,video,0
stability,tree,0
sample,water-splitting,0
sample,standards,0
sample,tcga,0
sample,three-dimensional,0
sample,thousands,0
sample,seoul,0
sample,tubes,0
sample,self-healing,0
sample,smoothing,0
sample,trna,0
sample,string,0
sample,sgc,0
sample,u-shaped,0
sample,topologically,0
sample,wavelengths,0
sample,trypanosoma,0
sample,sciences,0
sample,videos,0
sample,smiles,0
sample,technologies,0
sample,secure,0
sample,words,0
sample,wiki,0
sample,surge,0
sample,vehicle,0
sample,subgraph,0
sample,skeletongait,0
sample,sentiments,0
sample,unconventional,0
sample,unifying,0
sample,updated,0
sample,technique,0
sample,single-granular,0
sample,tumor,0
sample,ternary,0
sample,trend,0
sample,sparsity,0
sample,traffic,0
sample,targets,0
sample,utilization,0
designed,inferred,0
designed,variously,0
designed,interacts,0
designed,mikae,0
designed,eastern,0
designed,lutea,0
designed,low-pass,0
designed,water-splitting,0
designed,pharmacology,0
designed,meiosis,0
designed,roofs,0
designed,differently,0
designed,standards,0
designed,tcga,0
designed,pei-gcn,0
designed,gqa,0
designed,membranes,0
designed,recombination,0
designed,thousands,0
designed,hours,0
designed,roads,0
designed,determination,0
designed,seoul,0
designed,prohibitively,0
designed,psycholinguistic,0
designed,nitrogen-rich,0
designed,tubes,0
designed,liquid,0
designed,granger,0
designed,self-healing,0
designed,dual-stimulus,0
designed,trna,0
designed,string,0
designed,sgc,0
designed,u-shaped,0
designed,pressure,0
designed,f-score,0
designed,topologically,0
designed,wavelengths,0
designed,markers,0
designed,n-acetyltransferase,0
designed,photocatalyst,0
designed,investigations,0
designed,trypanosoma,0
designed,sciences,0
designed,medica,0
designed,plant,0
designed,harmful,0
designed,hemisphere,0
designed,gps,0
designed,obu,0
designed,heparin,0
designed,imdb,0
designed,s-triazine,0
designed,photoreduction,0
designed,svm,0
designed,knn,0
designed,formed,0
designed,escherichia,0
designed,fourier,0
designed,pca,0
designed,matthews,0
designed,wiki,0
designed,nanosized,0
designed,ftir,0
designed,euler,0
designed,skeletongait,0
designed,metsulfuron,0
designed,gcaru,0
designed,methodology,0
designed,pubmed,0
designed,kinetoplastid,0
designed,unconventional,0
designed,mcc,0
designed,fenton,0
designed,dmax,0
designed,updated,0
designed,u-net,0
designed,psf,0
designed,presentation,0
designed,indonesia,0
designed,intratesticular,0
designed,single-granular,0
designed,immune,0
designed,reported,0
pollutants,variously,0
pollutants,specifically,0
pollutants,water-splitting,0
pollutants,rarely,0
pollutants,roofs,0
pollutants,standards,0
pollutants,rna,0
pollutants,tcga,0
pollutants,three-dimensional,0
pollutants,real-world,0
pollutants,thousands,0
pollutants,propose,0
pollutants,roads,0
pollutants,tasks,0
pollutants,seoul,0
pollutants,proteins,0
pollutants,time-consuming,0
pollutants,prohibitively,0
pollutants,psycholinguistic,0
pollutants,tubes,0
pollutants,self-healing,0
pollutants,smoothing,0
pollutants,viable,0
pollutants,trna,0
pollutants,string,0
pollutants,sgc,0
pollutants,u-shaped,0
pollutants,pressure,0
pollutants,requirement,0
pollutants,topologically,0
pollutants,wavelengths,0
pollutants,sets,0
pollutants,trypanosoma,0
pollutants,sciences,0
pollutants,transformers,0
pollutants,videos,0
pollutants,theory,0
pollutants,rely,0
pollutants,relation,0
pollutants,relations,0
pollutants,typically,0
pollutants,s-triazine,0
pollutants,smiles,0
pollutants,svm,0
pollutants,softmax,0
pollutants,similarity,0
pollutants,rnas,0
pollutants,unsupervised,0
pollutants,secure,0
pollutants,words,0
pollutants,transformer,0
pollutants,wiki,0
pollutants,surge,0
pollutants,vehicle,0
pollutants,subgraph,0
pollutants,skeleton-based,0
pollutants,skeletongait,0
pollutants,probability,0
pollutants,pubmed,0
pollutants,sentiments,0
pollutants,unconventional,0
pollutants,relationships,0
pollutants,representation,0
pollutants,represent,0
pollutants,unifying,0
pollutants,topic,0
pollutants,updated,0
pollutants,training,0
pollutants,u-net,0
pollutants,supervised,0
pollutants,works,0
pollutants,psf,0
pollutants,presentation,0
pollutants,pooling,0
pollutants,technique,0
pollutants,propagation,0
pollutants,single-granular,0
pollutants,representations,0
pollutants,user,0
pollutants,set,0
pollutants,tumor,0
pollutants,studies,0
pollutants,recognition,0
pollutants,trend,0
pollutants,sparsity,0
pollutants,static,0
pollutants,validate,0
pollutants,task,0
pollutants,traffic,0
pollutants,visual,0
pollutants,remote,0
pollutants,rgb,0
pollutants,previous,0
pollutants,success,0
pollutants,unit,0
pollutants,progress,0
pollutants,video,0
pollutants,tree,0
pollutants,protein,0
behaviors,intuitively,0
behaviors,inferred,0
behaviors,variously,0
behaviors,dual,0
behaviors,interacts,0
behaviors,mikae,0
behaviors,eastern,0
behaviors,bulbosa,0
behaviors,colomatta,0
behaviors,lutea,0
behaviors,benefit,0
behaviors,connecting,0
behaviors,low-pass,0
behaviors,metal,0
behaviors,cocatalyst-free,0
behaviors,water-splitting,0
behaviors,nitride,0
behaviors,present,0
behaviors,rarely,0
behaviors,concentrated,0
behaviors,pharmacology,0
behaviors,curated,0
behaviors,generally,0
behaviors,meiosis,0
behaviors,increasing,0
behaviors,reduced,0
behaviors,gap,0
behaviors,roofs,0
behaviors,cancers,0
behaviors,hyperlinks,0
behaviors,independently,0
behaviors,differently,0
behaviors,generated,0
behaviors,continuation,0
behaviors,standards,0
behaviors,noise,0
behaviors,rna,0
behaviors,tcga,0
behaviors,pei-gcn,0
behaviors,gqa,0
behaviors,membranes,0
behaviors,result,0
behaviors,beneficial,0
behaviors,pharmacological,0
behaviors,efficient,0
behaviors,three-dimensional,0
behaviors,fast,0
behaviors,recombination,0
behaviors,dempster-shafer,0
behaviors,thousands,0
behaviors,hours,0
behaviors,owing,0
behaviors,roads,0
behaviors,determination,0
behaviors,seoul,0
behaviors,encoded,0
behaviors,time-consuming,0
behaviors,prohibitively,0
behaviors,psycholinguistic,0
behaviors,heterojunction,0
behaviors,nitrogen-rich,0
behaviors,tubes,0
behaviors,chemical,0
behaviors,liquid,0
behaviors,graphitic,0
behaviors,granger,0
behaviors,nodes,0
behaviors,excellent,0
behaviors,self-healing,0
behaviors,dual-stimulus,0
behaviors,smoothing,0
behaviors,perform,0
behaviors,presents,0
behaviors,viable,0
behaviors,trna,0
behaviors,cutting-thin,0
behaviors,string,0
behaviors,descriptor,0
behaviors,sgc,0
behaviors,u-shaped,0
behaviors,samples,0
behaviors,couplings,0
behaviors,pressure,0
behaviors,f-score,0
behaviors,requirement,0
behaviors,separation,0
behaviors,topologically,0
behaviors,wavelengths,0
behaviors,simultaneously,0
behaviors,markers,0
behaviors,n-acetyltransferase,0
behaviors,holes,0
behaviors,photocatalyst,0
behaviors,investigations,0
behaviors,trypanosoma,0
behaviors,sciences,0
behaviors,medica,0
behaviors,plant,0
behaviors,harmful,0
behaviors,language,0
behaviors,theory,0
behaviors,decisions,0
behaviors,heavily,0
behaviors,hemisphere,0
behaviors,gps,0
behaviors,obu,0
behaviors,heparin,0
behaviors,relation,0
behaviors,typically,0
behaviors,imdb,0
behaviors,kitti,0
behaviors,s-triazine,0
behaviors,mscoco,0
behaviors,sites,0
behaviors,cloud,0
behaviors,photoreduction,0
behaviors,ethereum,0
behaviors,smiles,0
behaviors,catalysts,0
behaviors,technologies,0
behaviors,capacity,0
behaviors,chloroform,0
behaviors,formed,0
behaviors,escherichia,0
behaviors,euclidean,0
behaviors,patients,0
behaviors,patient,0
behaviors,rnas,0
behaviors,fourier,0
behaviors,initiative,0
behaviors,pca,0
behaviors,decades,0
behaviors,recently,0
behaviors,fixation,0
behaviors,molecule,0
behaviors,ntu,0
behaviors,edges,0
behaviors,unsupervised,0
behaviors,matthews,0
behaviors,secure,0
behaviors,nlp,0
behaviors,words,0
behaviors,transformer,0
behaviors,water,0
behaviors,wiki,0
behaviors,nanosized,0
behaviors,surge,0
behaviors,data-driven,0
behaviors,dft,0
behaviors,canadian,0
behaviors,vehicle,0
behaviors,guided,0
behaviors,subgraph,0
behaviors,ftir,0
behaviors,xps,0
behaviors,pose,0
behaviors,euler,0
behaviors,skeletongait,0
behaviors,metsulfuron,0
behaviors,meaningful,0
behaviors,revealed,0
behaviors,gcaru,0
behaviors,methodology,0
behaviors,pubmed,0
behaviors,sentiments,0
behaviors,electron,0
behaviors,kinetoplastid,0
behaviors,unconventional,0
behaviors,cgcnimp,0
behaviors,mcc,0
behaviors,optimization,0
behaviors,fenton,0
behaviors,generative,0
behaviors,dmax,0
behaviors,unifying,0
behaviors,laplacian,0
behaviors,topic,0
behaviors,updated,0
behaviors,global,0
behaviors,u-net,0
behaviors,supervised,0
behaviors,generate,0
behaviors,showed,0
behaviors,psf,0
behaviors,optimal,0
behaviors,presentation,0
behaviors,indonesia,0
behaviors,pooling,0
behaviors,intratesticular,0
behaviors,daily,0
behaviors,neighbor,0
behaviors,cfz,0
behaviors,single-granular,0
behaviors,optical,0
behaviors,desirable,0
behaviors,modalities,0
behaviors,introduce,0
behaviors,expression,0
behaviors,set,0
behaviors,tumor,0
behaviors,dense,0
behaviors,ternary,0
behaviors,faces,0
behaviors,gene,0
behaviors,surface,0
behaviors,immune,0
behaviors,number,0
behaviors,validate,0
behaviors,communication,0
behaviors,synthetic,0
behaviors,layouts,0
behaviors,cells,0
behaviors,remote,0
behaviors,splitting,0
behaviors,rgb,0
behaviors,processing,0
behaviors,include,0
behaviors,captures,0
behaviors,learns,0
behaviors,photocatalytic,0
behaviors,success,0
behaviors,cases,0
behaviors,variation,0
behaviors,reactions,0
behaviors,unit,0
behaviors,gated,0
behaviors,correction,0
behaviors,constructing,0
behaviors,functions,0
behaviors,targets,0
behaviors,multi-scale,0
behaviors,utilization,0
behaviors,structures,0
behaviors,neighbors,0
behaviors,progress,0
behaviors,pollutants,0
behaviors,diffusion,0
behaviors,tree,0
behaviors,types,0
behaviors,protein,0
behaviors,reported,0
behaviors,remarkable,0
behaviors,center,0
behaviors,bind,0
diffusion,drug-drug,0
diffusion,intuitively,0
diffusion,inferred,0
diffusion,variously,0
diffusion,dual,0
diffusion,interacts,0
diffusion,mikae,0
diffusion,eastern,0
diffusion,lutea,0
diffusion,low-pass,0
diffusion,water-splitting,0
diffusion,literature,0
diffusion,rarely,0
diffusion,pharmacology,0
diffusion,published,0
diffusion,generally,0
diffusion,meiosis,0
diffusion,increasing,0
diffusion,reduced,0
diffusion,gap,0
diffusion,roofs,0
diffusion,hyperlinks,0
diffusion,independently,0
diffusion,explicitly,0
diffusion,generated,0
diffusion,standards,0
diffusion,noise,0
diffusion,extracting,0
diffusion,rna,0
diffusion,tcga,0
diffusion,pei-gcn,0
diffusion,gqa,0
diffusion,membranes,0
diffusion,pharmacological,0
diffusion,three-dimensional,0
diffusion,limited,0
diffusion,recombination,0
diffusion,thousands,0
diffusion,hours,0
diffusion,roads,0
diffusion,seoul,0
diffusion,proteins,0
diffusion,encoded,0
diffusion,time-consuming,0
diffusion,prohibitively,0
diffusion,psycholinguistic,0
diffusion,heterojunction,0
diffusion,nitrogen-rich,0
diffusion,tubes,0
diffusion,granger,0
diffusion,established,0
diffusion,mixed,0
diffusion,self-healing,0
diffusion,dual-stimulus,0
diffusion,smoothing,0
diffusion,households,0
diffusion,strategy,0
diffusion,viable,0
diffusion,trna,0
diffusion,outperform,0
diffusion,string,0
diffusion,sgc,0
diffusion,u-shaped,0
diffusion,pressure,0
diffusion,f-score,0
diffusion,requirement,0
diffusion,numerous,0
diffusion,separation,0
diffusion,topologically,0
diffusion,wavelengths,0
diffusion,sets,0
diffusion,markers,0
diffusion,n-acetyltransferase,0
diffusion,holes,0
diffusion,photocatalyst,0
diffusion,investigations,0
diffusion,trypanosoma,0
diffusion,sciences,0
diffusion,medica,0
diffusion,transformers,0
diffusion,harmful,0
diffusion,videos,0
diffusion,language,0
diffusion,heavily,0
diffusion,hemisphere,0
diffusion,gps,0
diffusion,obu,0
diffusion,heparin,0
diffusion,relation,0
diffusion,firstly,0
diffusion,understanding,0
diffusion,imdb,0
diffusion,kitti,0
diffusion,s-triazine,0
diffusion,mscoco,0
diffusion,heterogeneous,0
diffusion,sites,0
diffusion,points,0
diffusion,photoreduction,0
diffusion,ethereum,0
diffusion,lstm,0
diffusion,smiles,0
diffusion,technologies,0
diffusion,svm,0
diffusion,knn,0
diffusion,softmax,0
diffusion,formed,0
diffusion,escherichia,0
diffusion,rnas,0
diffusion,fourier,0
diffusion,pca,0
diffusion,fixation,0
diffusion,molecule,0
diffusion,ntu,0
diffusion,matthews,0
diffusion,secure,0
diffusion,nlp,0
diffusion,system,0
diffusion,wiki,0
diffusion,nanosized,0
diffusion,surge,0
diffusion,skeleton,0
diffusion,vehicle,0
diffusion,guided,0
diffusion,subgraph,0
diffusion,ftir,0
diffusion,xps,0
diffusion,pose,0
diffusion,skeleton-based,0
diffusion,euler,0
diffusion,skeletongait,0
diffusion,graph-based,0
diffusion,informative,0
diffusion,metsulfuron,0
diffusion,meaningful,0
diffusion,gcaru,0
diffusion,methodology,0
diffusion,pubmed,0
diffusion,sentiments,0
diffusion,evaluation,0
diffusion,kinetoplastid,0
diffusion,unconventional,0
diffusion,mcc,0
diffusion,fenton,0
diffusion,generative,0
diffusion,dmax,0
diffusion,unifying,0
diffusion,laplacian,0
diffusion,updated,0
diffusion,u-net,0
diffusion,supervised,0
diffusion,works,0
diffusion,psf,0
diffusion,presentation,0
diffusion,indonesia,0
diffusion,pooling,0
diffusion,intratesticular,0
diffusion,human,0
diffusion,factors,0
diffusion,single-granular,0
diffusion,optical,0
diffusion,focus,0
diffusion,modalities,0
diffusion,expression,0
diffusion,set,0
diffusion,tumor,0
diffusion,target,0
diffusion,recognition,0
diffusion,trend,0
diffusion,sparsity,0
diffusion,faces,0
diffusion,static,0
diffusion,immune,0
diffusion,number,0
diffusion,gat,0
diffusion,spatial-temporal,0
diffusion,energy,0
diffusion,step,0
diffusion,real,0
diffusion,visual,0
diffusion,layouts,0
diffusion,remote,0
diffusion,splitting,0
diffusion,rgb,0
diffusion,processing,0
diffusion,pairs,0
diffusion,include,0
diffusion,learns,0
diffusion,photocatalytic,0
diffusion,success,0
diffusion,variation,0
diffusion,reactions,0
diffusion,great,0
diffusion,functions,0
diffusion,targets,0
diffusion,utilization,0
diffusion,part,0
diffusion,progress,0
diffusion,video,0
diffusion,focuses,0
diffusion,tree,0
diffusion,motion,0
diffusion,types,0
diffusion,protein,0
diffusion,point,0
diffusion,reported,0
diffusion,remarkable,0
tree,variously,0
tree,water-splitting,0
tree,tubes,0
tree,viable,0
tree,trna,0
tree,u-shaped,0
tree,wavelengths,0
tree,trypanosoma,0
tree,videos,0
tree,years,0
tree,typically,0
tree,unsupervised,0
tree,wiki,0
tree,vehicle,0
tree,xps,0
tree,unconventional,0
tree,unifying,0
tree,u-net,0
tree,user,0
tree,tumor,0
tree,trend,0
tree,visual,0
tree,variation,0
tree,utilization,0
tree,video,0
motion,variously,0
motion,water-splitting,0
motion,nitride,0
motion,pharmacology,0
motion,reduced,0
motion,roofs,0
motion,standards,0
motion,rna,0
motion,tcga,0
motion,pei-gcn,0
motion,pharmacological,0
motion,recombination,0
motion,owing,0
motion,roads,0
motion,seoul,0
motion,proteins,0
motion,time-consuming,0
motion,prohibitively,0
motion,psycholinguistic,0
motion,nitrogen-rich,0
motion,tubes,0
motion,self-healing,0
motion,smoothing,0
motion,viable,0
motion,trna,0
motion,string,0
motion,sgc,0
motion,u-shaped,0
motion,pressure,0
motion,requirement,0
motion,numerous,0
motion,separation,0
motion,topologically,0
motion,wavelengths,0
motion,sets,0
motion,n-acetyltransferase,0
motion,photocatalyst,0
motion,trypanosoma,0
motion,sciences,0
motion,plant,0
motion,transformers,0
motion,theory,0
motion,rely,0
motion,obu,0
motion,typically,0
motion,s-triazine,0
motion,mscoco,0
motion,sites,0
motion,photoreduction,0
motion,smiles,0
motion,technologies,0
motion,svm,0
motion,patients,0
motion,rnas,0
motion,pca,0
motion,unsupervised,0
motion,secure,0
motion,nlp,0
motion,water,0
motion,wiki,0
motion,nanosized,0
motion,surge,0
motion,subgraph,0
motion,xps,0
motion,skeletongait,0
motion,revealed,0
motion,pubmed,0
motion,sentiments,0
motion,unconventional,0
motion,optimization,0
motion,unifying,0
motion,updated,0
motion,u-net,0
motion,showed,0
motion,psf,0
motion,presentation,0
motion,propagation,0
motion,single-granular,0
motion,user,0
motion,tumor,0
motion,target,0
motion,ternary,0
motion,sparsity,0
motion,surface,0
motion,number,0
motion,synthetic,0
motion,remote,0
motion,photocatalytic,0
motion,reactions,0
motion,targets,0
motion,neighbors,0
motion,part,0
motion,stability,0
motion,pollutants,0
motion,protein,0
motion,reported,0
types,variously,0
types,water-splitting,0
types,viable,0
types,wavelengths,0
types,videos,0
types,wiki,0
types,xps,0
types,unconventional,0
types,updated,0
types,variation,0
protein,variously,0
protein,specifically,0
protein,water-splitting,0
protein,roofs,0
protein,systems,0
protein,standards,0
protein,result,0
protein,three-dimensional,0
protein,roads,0
protein,seoul,0
protein,psycholinguistic,0
protein,tubes,0
protein,self-healing,0
protein,smoothing,0
protein,viable,0
protein,trna,0
protein,string,0
protein,sgc,0
protein,u-shaped,0
protein,topologically,0
protein,wavelengths,0
protein,sciences,0
protein,transformers,0
protein,videos,0
protein,rely,0
protein,relations,0
protein,typically,0
protein,s-triazine,0
protein,svm,0
protein,softmax,0
protein,secure,0
protein,words,0
protein,transformer,0
protein,wiki,0
protein,surge,0
protein,skeleton,0
protein,vehicle,0
protein,subgraph,0
protein,xps,0
protein,skeleton-based,0
protein,skeletongait,0
protein,spatial,0
protein,pubmed,0
protein,sentiments,0
protein,unifying,0
protein,topic,0
protein,updated,0
protein,u-net,0
protein,psf,0
protein,single-granular,0
protein,user,0
protein,ternary,0
protein,sparsity,0
protein,static,0
protein,temporal,0
protein,spatial-temporal,0
protein,traffic,0
protein,synthetic,0
protein,real,0
protein,visual,0
protein,remote,0
protein,splitting,0
protein,rgb,0
protein,success,0
protein,variation,0
protein,unit,0
protein,video,0
protein,sample,0
protein,tree,0
protein,types,0
protein,remarkable,0
point,variously,0
point,water-splitting,0
point,rarely,0
point,roofs,0
point,standards,0
point,rna,0
point,tcga,0
point,result,0
point,roads,0
point,seoul,0
point,time-consuming,0
point,prohibitively,0
point,psycholinguistic,0
point,tubes,0
point,self-healing,0
point,smoothing,0
point,viable,0
point,trna,0
point,string,0
point,sgc,0
point,u-shaped,0
point,pressure,0
point,requirement,0
point,separation,0
point,topologically,0
point,wavelengths,0
point,trypanosoma,0
point,sciences,0
point,transformers,0
point,relation,0
point,s-triazine,0
point,sites,0
point,rnas,0
point,secure,0
point,words,0
point,transformer,0
point,water,0
point,wiki,0
point,surge,0
point,subgraph,0
point,xps,0
point,skeleton-based,0
point,skeletongait,0
point,revealed,0
point,pubmed,0
point,sentiments,0
point,unconventional,0
point,unifying,0
point,topic,0
point,updated,0
point,u-net,0
point,psf,0
point,presentation,0
point,propagation,0
point,single-granular,0
point,tumor,0
point,ternary,0
point,trend,0
point,static,0
point,splitting,0
point,reactions,0
point,utilization,0
point,pollutants,0
point,tree,0
point,reported,0
reported,variously,0
reported,wide,0
reported,water-splitting,0
reported,roofs,0
reported,tcga,0
reported,three-dimensional,0
reported,thousands,0
reported,roads,0
reported,seoul,0
reported,tubes,0
reported,self-healing,0
reported,smoothing,0
reported,strategy,0
reported,viable,0
reported,trna,0
reported,string,0
reported,sgc,0
reported,u-shaped,0
reported,requirement,0
reported,topologically,0
reported,wavelengths,0
reported,sets,0
reported,trypanosoma,0
reported,sciences,0
reported,videos,0
reported,theory,0
reported,typically,0
reported,understanding,0
reported,smiles,0
reported,softmax,0
reported,rnas,0
reported,secure,0
reported,transformer,0
reported,wiki,0
reported,surge,0
reported,skeleton,0
reported,vehicle,0
reported,subgraph,0
reported,xps,0
reported,skeleton-based,0
reported,skeletongait,0
reported,sentiments,0
reported,unconventional,0
reported,unifying,0
reported,updated,0
reported,u-net,0
reported,supervised,0
reported,single-granular,0
reported,user,0
reported,ternary,0
reported,trend,0
reported,sparsity,0
reported,static,0
reported,validate,0
reported,spatial-temporal,0
reported,step,0
reported,traffic,0
reported,synthetic,0
reported,splitting,0
reported,rgb,0
reported,targets,0
reported,video,0
reported,sample,0
reported,tree,0
remarkable,variously,0
remarkable,water-splitting,0
remarkable,roofs,0
remarkable,standards,0
remarkable,rna,0
remarkable,tcga,0
remarkable,three-dimensional,0
remarkable,thousands,0
remarkable,roads,0
remarkable,utilized,0
remarkable,seoul,0
remarkable,time-consuming,0
remarkable,tubes,0
remarkable,self-healing,0
remarkable,smoothing,0
remarkable,trna,0
remarkable,string,0
remarkable,sgc,0
remarkable,u-shaped,0
remarkable,requirement,0
remarkable,separation,0
remarkable,topologically,0
remarkable,wavelengths,0
remarkable,sets,0
remarkable,trypanosoma,0
remarkable,sciences,0
remarkable,theory,0
remarkable,s-triazine,0
remarkable,sites,0
remarkable,smiles,0
remarkable,svm,0
remarkable,softmax,0
remarkable,similarity,0
remarkable,rnas,0
remarkable,secure,0
remarkable,wiki,0
remarkable,surge,0
remarkable,skeletongait,0
remarkable,sentiments,0
remarkable,unconventional,0
remarkable,unifying,0
remarkable,updated,0
remarkable,single-granular,0
remarkable,sparsity,0
remarkable,static,0
remarkable,synthetic,0
remarkable,visual,0
remarkable,variation,0
remarkable,unit,0
remarkable,targets,0
remarkable,types,0
remarkable,reported,0
background,drug-drug,0
background,named,0
background,intuitively,0
background,variously,0
background,wide,0
background,dual,0
background,interacts,0
background,mikae,0
background,eastern,0
background,bulbosa,0
background,colomatta,0
background,lutea,0
background,ignore,0
background,connecting,0
background,low-pass,0
background,cocatalyst-free,0
background,water-splitting,0
background,nitride,0
background,concentrated,0
background,pharmacology,0
background,curated,0
background,meiosis,0
background,increasing,0
background,gap,0
background,roofs,0
background,hyperlinks,0
background,differently,0
background,continuation,0
background,standards,0
background,tcga,0
background,pei-gcn,0
background,gqa,0
background,pharmacological,0
background,recombination,0
background,dempster-shafer,0
background,owing,0
background,roads,0
background,determination,0
background,seoul,0
background,encoded,0
background,prohibitively,0
background,psycholinguistic,0
background,heterojunction,0
background,nitrogen-rich,0
background,tubes,0
background,chemical,0
background,liquid,0
background,graphitic,0
background,established,0
background,self-healing,0
background,dual-stimulus,0
background,smoothing,0
background,households,0
background,presents,0
background,trna,0
background,outperform,0
background,cutting-thin,0
background,string,0
background,descriptor,0
background,sgc,0
background,u-shaped,0
background,couplings,0
background,pressure,0
background,f-score,0
background,requirement,0
background,topologically,0
background,wavelengths,0
background,n-acetyltransferase,0
background,holes,0
background,photocatalyst,0
background,investigations,0
background,trypanosoma,0
background,sciences,0
background,medica,0
background,harmful,0
background,theory,0
background,decisions,0
background,heavily,0
background,hemisphere,0
background,obu,0
background,material,0
background,heparin,0
background,typically,0
background,firstly,0
background,understanding,0
background,imdb,0
background,kitti,0
background,s-triazine,0
background,mscoco,0
background,cloud,0
background,photoreduction,0
background,ethereum,0
background,smiles,0
background,catalysts,0
background,capacity,0
background,knn,0
background,softmax,0
background,chloroform,0
background,formed,0
background,escherichia,0
background,euclidean,0
background,rnas,0
background,fourier,0
background,initiative,0
background,pca,0
background,decades,0
background,fixation,0
background,ntu,0
background,matthews,0
background,secure,0
background,words,0
background,transformer,0
background,wiki,0
background,nanosized,0
background,surge,0
background,data-driven,0
background,kinetics,0
background,dft,0
background,skeleton,0
background,canadian,0
background,guided,0
background,subgraph,0
background,ftir,0
background,xps,0
background,pose,0
background,skeleton-based,0
background,euler,0
background,skeletongait,0
background,metsulfuron,0
background,gcaru,0
background,sentiments,0
background,kinetoplastid,0
background,unconventional,0
background,mcc,0
background,optimization,0
background,fenton,0
background,generative,0
background,dmax,0
background,unifying,0
background,laplacian,0
background,topic,0
background,updated,0
background,u-net,0
background,psf,0
background,optimal,0
background,indonesia,0
background,pooling,0
background,intratesticular,0
background,technique,0
background,daily,0
background,evolution,0
background,cfz,0
background,single-granular,0
background,desirable,0
background,modalities,0
background,management,0
background,ternary,0
background,trend,0
background,sparsity,0
background,faces,0
background,static,0
background,surface,0
background,traffic,0
background,layouts,0
background,remote,0
background,splitting,0
background,photocatalytic,0
background,reactions,0
background,unit,0
background,correction,0
background,light,0
background,multi-scale,0
background,neighbors,0
background,focuses,0
background,pollutants,0
background,diffusion,0
background,remarkable,0
background,bind,0
center,drug-drug,0
center,intuitively,0
center,variously,0
center,specifically,0
center,demonstrates,0
center,dual,0
center,interacts,0
center,mikae,0
center,eastern,0
center,colomatta,0
center,lutea,0
center,input,0
center,ignore,0
center,connecting,0
center,considered,0
center,low-pass,0
center,cocatalyst-free,0
center,water-splitting,0
center,rarely,0
center,concentrated,0
center,extract,0
center,pharmacology,0
center,curated,0
center,common,0
center,meiosis,0
center,increasing,0
center,gap,0
center,roofs,0
center,hyperlinks,0
center,independently,0
center,differently,0
center,continuation,0
center,standards,0
center,extracting,0
center,rna,0
center,tcga,0
center,pei-gcn,0
center,gqa,0
center,membranes,0
center,result,0
center,pharmacological,0
center,three-dimensional,0
center,problem,0
center,dempster-shafer,0
center,thousands,0
center,hours,0
center,owing,0
center,roads,0
center,utilized,0
center,seoul,0
center,proteins,0
center,time-consuming,0
center,prohibitively,0
center,psycholinguistic,0
center,nitrogen-rich,0
center,tubes,0
center,liquid,0
center,granger,0
center,nodes,0
center,established,0
center,mixed,0
center,self-healing,0
center,dual-stimulus,0
center,smoothing,0
center,perform,0
center,households,0
center,strategy,0
center,presents,0
center,viable,0
center,trna,0
center,outperform,0
center,cutting-thin,0
center,string,0
center,explore,0
center,sgc,0
center,u-shaped,0
center,couplings,0
center,pressure,0
center,f-score,0
center,requirement,0
center,topologically,0
center,wavelengths,0
center,sets,0
center,markers,0
center,n-acetyltransferase,0
center,investigations,0
center,trypanosoma,0
center,sciences,0
center,medica,0
center,plant,0
center,transformers,0
center,harmful,0
center,videos,0
center,years,0
center,language,0
center,leading,0
center,rely,0
center,decisions,0
center,heavily,0
center,hemisphere,0
center,gps,0
center,obu,0
center,heparin,0
center,typically,0
center,understanding,0
center,imdb,0
center,kitti,0
center,mscoco,0
center,heterogeneous,0
center,cloud,0
center,points,0
center,photoreduction,0
center,ethereum,0
center,lstm,0
center,smiles,0
center,svm,0
center,knn,0
center,softmax,0
center,chloroform,0
center,euclidean,0
center,rnas,0
center,initiative,0
center,pca,0
center,decades,0
center,copy,0
center,fixation,0
center,molecule,0
center,ntu,0
center,edges,0
center,unsupervised,0
center,matthews,0
center,secure,0
center,nlp,0
center,words,0
center,wiki,0
center,nanosized,0
center,surge,0
center,data-driven,0
center,skeleton,0
center,vehicle,0
center,guided,0
center,end,0
center,layer,0
center,subgraph,0
center,ftir,0
center,skeleton-based,0
center,euler,0
center,skeletongait,0
center,informative,0
center,metsulfuron,0
center,conduct,0
center,meaningful,0
center,gcaru,0
center,probability,0
center,pubmed,0
center,sentiments,0
center,evaluation,0
center,kinetoplastid,0
center,unconventional,0
center,cgcnimp,0
center,mcc,0
center,optimization,0
center,relationships,0
center,representation,0
center,represent,0
center,fenton,0
center,generative,0
center,dmax,0
center,unifying,0
center,embeddings,0
center,laplacian,0
center,updated,0
center,training,0
center,correlations,0
center,u-net,0
center,supervised,0
center,error,0
center,generate,0
center,psf,0
center,presentation,0
center,indonesia,0
center,pooling,0
center,intratesticular,0
center,human,0
center,technique,0
center,factors,0
center,propagation,0
center,daily,0
center,neighbor,0
center,cfz,0
center,single-granular,0
center,optical,0
center,modalities,0
center,introduce,0
center,user,0
center,management,0
center,complex,0
center,dense,0
center,recognition,0
center,identify,0
center,trend,0
center,recent,0
center,static,0
center,immune,0
center,temporal,0
center,identification,0
center,validate,0
center,spatial-temporal,0
center,layers,0
center,task,0
center,machine,0
center,traffic,0
center,communication,0
center,synthetic,0
center,real,0
center,visual,0
center,layouts,0
center,remote,0
center,splitting,0
center,rgb,0
center,conditions,0
center,previous,0
center,learns,0
center,success,0
center,variation,0
center,identifying,0
center,reactions,0
center,memory,0
center,gated,0
center,patterns,0
center,correction,0
center,comprehensive,0
center,functions,0
center,targets,0
center,multi-scale,0
center,neighbors,0
center,part,0
center,progress,0
center,video,0
center,focuses,0
center,traditional,0
center,sample,0
center,diffusion,0
center,motion,0
center,remarkable,0
bind,drug-drug,0
bind,paper,0
bind,named,0
bind,methods,0
bind,intuitively,0
bind,inferred,0
bind,variously,0
bind,wide,0
bind,specifically,0
bind,demonstrates,0
bind,dual,0
bind,interacts,0
bind,mikae,0
bind,eastern,0
bind,bulbosa,0
bind,colomatta,0
bind,lutea,0
bind,input,0
bind,existing,0
bind,ignore,0
bind,connecting,0
bind,considered,0
bind,low-pass,0
bind,metal,0
bind,cocatalyst-free,0
bind,water-splitting,0
bind,nitride,0
bind,present,0
bind,literature,0
bind,rarely,0
bind,concentrated,0
bind,extract,0
bind,pharmacology,0
bind,published,0
bind,curated,0
bind,generally,0
bind,common,0
bind,meiosis,0
bind,increasing,0
bind,reduced,0
bind,gap,0
bind,developed,0
bind,roofs,0
bind,cancers,0
bind,hyperlinks,0
bind,independently,0
bind,differently,0
bind,explicitly,0
bind,generated,0
bind,continuation,0
bind,systems,0
bind,network,0
bind,standards,0
bind,noise,0
bind,extracting,0
bind,rna,0
bind,tcga,0
bind,pei-gcn,0
bind,gqa,0
bind,proposes,0
bind,critical,0
bind,membranes,0
bind,models,0
bind,result,0
bind,pharmacological,0
bind,efficient,0
bind,three-dimensional,0
bind,classification,0
bind,problem,0
bind,node,0
bind,performance,0
bind,limited,0
bind,fast,0
bind,recombination,0
bind,real-world,0
bind,dempster-shafer,0
bind,thousands,0
bind,hours,0
bind,owing,0
bind,roads,0
bind,tasks,0
bind,utilized,0
bind,determination,0
bind,seoul,0
bind,encoded,0
bind,time-consuming,0
bind,experimental,0
bind,prohibitively,0
bind,elsevier,0
bind,psycholinguistic,0
bind,heterojunction,0
bind,nitrogen-rich,0
bind,tubes,0
bind,chemical,0
bind,liquid,0
bind,work,0
bind,graphitic,0
bind,granger,0
bind,nodes,0
bind,established,0
bind,mixed,0
bind,excellent,0
bind,capability,0
bind,self-healing,0
bind,dual-stimulus,0
bind,similar,0
bind,smoothing,0
bind,perform,0
bind,households,0
bind,study,0
bind,strategy,0
bind,presents,0
bind,viable,0
bind,trna,0
bind,outperform,0
bind,cutting-thin,0
bind,string,0
bind,descriptor,0
bind,explore,0
bind,sgc,0
bind,u-shaped,0
bind,samples,0
bind,couplings,0
bind,research,0
bind,pressure,0
bind,f-score,0
bind,graphs,0
bind,requirement,0
bind,numerous,0
bind,separation,0
bind,topologically,0
bind,wavelengths,0
bind,sets,0
bind,simultaneously,0
bind,markers,0
bind,n-acetyltransferase,0
bind,holes,0
bind,resulting,0
bind,photocatalyst,0
bind,investigations,0
bind,trypanosoma,0
bind,sciences,0
bind,medica,0
bind,transformers,0
bind,harmful,0
bind,videos,0
bind,years,0
bind,language,0
bind,theory,0
bind,rely,0
bind,decisions,0
bind,heavily,0
bind,hemisphere,0
bind,gps,0
bind,obu,0
bind,material,0
bind,heparin,0
bind,relation,0
bind,relations,0
bind,typically,0
bind,firstly,0
bind,understanding,0
bind,imdb,0
bind,kitti,0
bind,convolutional,0
bind,s-triazine,0
bind,mscoco,0
bind,heterogeneous,0
bind,model,0
bind,cnn,0
bind,due,0
bind,cloud,0
bind,points,0
bind,efficiency,0
bind,improve,0
bind,photoreduction,0
bind,ethereum,0
bind,lstm,0
bind,smiles,0
bind,catalysts,0
bind,technologies,0
bind,capacity,0
bind,svm,0
bind,knn,0
bind,softmax,0
bind,chloroform,0
bind,formed,0
bind,escherichia,0
bind,euclidean,0
bind,patients,0
bind,patient,0
bind,similarity,0
bind,rnas,0
bind,fourier,0
bind,initiative,0
bind,pca,0
bind,decades,0
bind,copy,0
bind,recently,0
bind,fixation,0
bind,molecules,0
bind,molecule,0
bind,ntu,0
bind,edges,0
bind,unsupervised,0
bind,matthews,0
bind,secure,0
bind,nlp,0
bind,words,0
bind,transformer,0
bind,water,0
bind,wiki,0
bind,data,0
bind,nanosized,0
bind,effectively,0
bind,surge,0
bind,data-driven,0
bind,kinetics,0
bind,dft,0
bind,skeleton,0
bind,canadian,0
bind,vehicle,0
bind,guided,0
bind,end,0
bind,results,0
bind,learning,0
bind,subgraph,0
bind,ftir,0
bind,xps,0
bind,pose,0
bind,skeleton-based,0
bind,euler,0
bind,skeletongait,0
bind,graph-based,0
bind,informative,0
bind,dependencies,0
bind,proposed,0
bind,metsulfuron,0
bind,conduct,0
bind,meaningful,0
bind,revealed,0
bind,gcaru,0
bind,probability,0
bind,pubmed,0
bind,sentiments,0
bind,electron,0
bind,evaluation,0
bind,kinetoplastid,0
bind,unconventional,0
bind,cgcnimp,0
bind,mcc,0
bind,optimization,0
bind,relationships,0
bind,representation,0
bind,represent,0
bind,fenton,0
bind,generative,0
bind,dmax,0
bind,unifying,0
bind,embeddings,0
bind,laplacian,0
bind,topic,0
bind,updated,0
bind,global,0
bind,deep,0
bind,training,0
bind,correlations,0
bind,u-net,0
bind,supervised,0
bind,error,0
bind,works,0
bind,generate,0
bind,capture,0
bind,psf,0
bind,optimal,0
bind,presentation,0
bind,indonesia,0
bind,pooling,0
bind,dataset,0
bind,intratesticular,0
bind,human,0
bind,technique,0
bind,prediction,0
bind,propagation,0
bind,time,0
bind,daily,0
bind,learn,0
bind,neighbor,0
bind,evolution,0
bind,cfz,0
bind,single-granular,0
bind,optical,0
bind,focus,0
bind,desirable,0
bind,modalities,0
bind,module,0
bind,representations,0
bind,introduce,0
bind,expression,0
bind,user,0
bind,management,0
bind,predict,0
bind,feature,0
bind,fully,0
bind,complex,0
bind,tumor,0
bind,dense,0
bind,recognition,0
bind,challenges,0
bind,multiple,0
bind,ternary,0
bind,trend,0
bind,sparsity,0
bind,faces,0
bind,recent,0
bind,static,0
bind,surface,0
bind,significant,0
bind,knowledge,0
bind,temporal,0
bind,identification,0
bind,predicting,0
bind,number,0
bind,validate,0
bind,gat,0
bind,spatial-temporal,0
bind,single,0
bind,interaction,0
bind,layers,0
bind,task,0
bind,challenging,0
bind,energy,0
bind,step,0
bind,machine,0
bind,traffic,0
bind,communication,0
bind,synthetic,0
bind,real,0
bind,visual,0
bind,layouts,0
bind,remote,0
bind,splitting,0
bind,parameters,0
bind,rgb,0
bind,improved,0
bind,processing,0
bind,previous,0
bind,pairs,0
bind,employed,0
bind,include,0
bind,captures,0
bind,learns,0
bind,embedding,0
bind,effective,0
bind,photocatalytic,0
bind,structural,0
bind,success,0
bind,cases,0
bind,variation,0
bind,reactions,0
bind,memory,0
bind,unit,0
bind,gated,0
bind,patterns,0
bind,field,0
bind,correction,0
bind,constructing,0
bind,comprehensive,0
bind,great,0
bind,light,0
bind,functions,0
bind,multi-scale,0
bind,utilization,0
bind,structures,0
bind,part,0
bind,progress,0
bind,video,0
bind,focuses,0
bind,capturing,0
bind,traditional,0
bind,stability,0
bind,sample,0
bind,designed,0
bind,pollutants,0
bind,diffusion,0
bind,tree,0
bind,motion,0
bind,types,0
bind,protein,0
bind,point,0
bind,reported,0
bind,center,0
band,drug-drug,0
band,paper,0
band,named,0
band,intuitively,0
band,inferred,0
band,variously,0
band,wide,0
band,specifically,0
band,demonstrates,0
band,dual,0
band,interacts,0
band,mikae,0
band,eastern,0
band,bulbosa,0
band,colomatta,0
band,lutea,0
band,existing,0
band,ignore,0
band,benefit,0
band,connecting,0
band,low-pass,0
band,cocatalyst-free,0
band,water-splitting,0
band,literature,0
band,rarely,0
band,concentrated,0
band,pharmacology,0
band,published,0
band,curated,0
band,generally,0
band,meiosis,0
band,increasing,0
band,roofs,0
band,cancers,0
band,hyperlinks,0
band,independently,0
band,explicitly,0
band,continuation,0
band,standards,0
band,networks,0
band,noise,0
band,extracting,0
band,rna,0
band,tcga,0
band,pei-gcn,0
band,gqa,0
band,proposes,0
band,critical,0
band,membranes,0
band,result,0
band,pharmacological,0
band,three-dimensional,0
band,problem,0
band,node,0
band,fast,0
band,real-world,0
band,dempster-shafer,0
band,thousands,0
band,hours,0
band,propose,0
band,roads,0
band,determination,0
band,seoul,0
band,proteins,0
band,encoded,0
band,time-consuming,0
band,experimental,0
band,prohibitively,0
band,psycholinguistic,0
band,nitrogen-rich,0
band,tubes,0
band,granger,0
band,nodes,0
band,self-healing,0
band,dual-stimulus,0
band,smoothing,0
band,households,0
band,presents,0
band,viable,0
band,trna,0
band,outperform,0
band,cutting-thin,0
band,string,0
band,descriptor,0
band,sgc,0
band,u-shaped,0
band,couplings,0
band,pressure,0
band,f-score,0
band,graphs,0
band,requirement,0
band,topologically,0
band,wavelengths,0
band,sets,0
band,markers,0
band,n-acetyltransferase,0
band,trypanosoma,0
band,sciences,0
band,medica,0
band,plant,0
band,transformers,0
band,videos,0
band,years,0
band,language,0
band,rely,0
band,decisions,0
band,heavily,0
band,hemisphere,0
band,gps,0
band,obu,0
band,gcns,0
band,heparin,0
band,relation,0
band,relations,0
band,typically,0
band,imdb,0
band,kitti,0
band,s-triazine,0
band,mscoco,0
band,cnn,0
band,cloud,0
band,points,0
band,ethereum,0
band,lstm,0
band,smiles,0
band,bidirectional,0
band,technologies,0
band,capacity,0
band,svm,0
band,knn,0
band,softmax,0
band,chloroform,0
band,formed,0
band,escherichia,0
band,euclidean,0
band,patients,0
band,patient,0
band,similarity,0
band,rnas,0
band,initiative,0
band,pca,0
band,decades,0
band,copy,0
band,recently,0
band,fixation,0
band,molecule,0
band,ntu,0
band,edges,0
band,unsupervised,0
band,matthews,0
band,secure,0
band,nlp,0
band,words,0
band,transformer,0
band,wiki,0
band,data,0
band,nanosized,0
band,surge,0
band,data-driven,0
band,canadian,0
band,vehicle,0
band,guided,0
band,end,0
band,layer,0
band,learning,0
band,subgraph,0
band,pose,0
band,skeleton-based,0
band,euler,0
band,skeletongait,0
band,graph-based,0
band,informative,0
band,dependencies,0
band,metsulfuron,0
band,conduct,0
band,meaningful,0
band,gcaru,0
band,probability,0
band,pubmed,0
band,sentiments,0
band,kinetoplastid,0
band,unconventional,0
band,cgcnimp,0
band,mcc,0
band,optimization,0
band,relationships,0
band,representation,0
band,represent,0
band,fenton,0
band,generative,0
band,dmax,0
band,unifying,0
band,embeddings,0
band,laplacian,0
band,topic,0
band,updated,0
band,global,0
band,local,0
band,deep,0
band,training,0
band,u-net,0
band,supervised,0
band,error,0
band,works,0
band,generate,0
band,capture,0
band,psf,0
band,presentation,0
band,indonesia,0
band,pooling,0
band,intratesticular,0
band,human,0
band,technique,0
band,prediction,0
band,propagation,0
band,daily,0
band,neighbor,0
band,cfz,0
band,single-granular,0
band,focus,0
band,desirable,0
band,modalities,0
band,representations,0
band,introduce,0
band,neural,0
band,expression,0
band,user,0
band,management,0
band,predict,0
band,feature,0
band,set,0
band,fully,0
band,tumor,0
band,target,0
band,studies,0
band,recognition,0
band,identify,0
band,challenges,0
band,multiple,0
band,trend,0
band,sparsity,0
band,faces,0
band,recent,0
band,static,0
band,gene,0
band,significant,0
band,immune,0
band,knowledge,0
band,temporal,0
band,identification,0
band,predicting,0
band,number,0
band,validate,0
band,gat,0
band,spatial-temporal,0
band,single,0
band,layers,0
band,task,0
band,machine,0
band,traffic,0
band,communication,0
band,synthetic,0
band,real,0
band,visual,0
band,layouts,0
band,remote,0
band,rgb,0
band,processing,0
band,previous,0
band,include,0
band,captures,0
band,learns,0
band,embedding,0
band,success,0
band,cases,0
band,identifying,0
band,important,0
band,memory,0
band,unit,0
band,gated,0
band,patterns,0
band,correction,0
band,constructing,0
band,great,0
band,functions,0
band,multi-scale,0
band,structures,0
band,neighbors,0
band,progress,0
band,video,0
band,focuses,0
band,capturing,0
band,behaviors,0
band,diffusion,0
band,tree,0
band,motion,0
band,types,0
band,protein,0
band,reported,0
band,center,0
band,bind,0
